x,y,imputed,ind,log_45_70,log_70_90,log_ap90,log_av45,log_inc,log_soc
122,0,9,96,0,10,17.1,9,0,0
122,1,11,62,0,3.1,3.9,18.9,0,0
122,2,11,108,0,7.2,21.1,6.6,0,0
122,3,11,143,0,10.8,25.4,21.9,0,0
122,4,2,5,0,0.6,1,0.4,0,0
122,5,9,214.5,0,13.4,36.1,34.6,0,0
122,6,13,79,0,8.8,10.1,15,0,0
122,7,10,43.5,1.5,2.5,2.8,13.7,0,0
122,8,1,3,0.1,0.3,0.3,0.7,0,0
122,9,3,7,0.1,0.7,0.7,1.8,0,0
122,10,2,4,0,0.3,0.1,1.3,0.2,0
122,11,2,7,0,0.4,0.3,2.2,0.3,0
122,12,5,37.5,0.8,1.2,8,5,0,0
122,13,6,39,0.9,3,3.1,7.1,0,0
122,14,1,4,0,0.3,0.8,0.3,0,0
122,17,1,19,0.6,1.9,3.8,0.2,0,0
122,18,2,35.5,3,0,4,9,0,0
122,19,0,35,1,1,2,9,0,0
122,20,3,353,0,100,14.9,19,0,0
122,21,6,406,1.9,26.9,102,6.2,0,19
122,22,11,476,14.9,34,75.1,72.9,0,0
122,23,5,62,0.9,3.1,11,7,0,0
122,24,2,99,0,7,9,29,0,0
122,27,1,8,0.5,0.6,1,1.7,0,0
122,35,9,307,0,25.3,68.8,9.6,0.8,4
122,36,2,62,2.1,3.2,18.1,6.7,0,0
122,37,7,158.5,7,11.1,23,25.9,0,0
122,38,3,11,0.9,0.9,2.9,0.2,0,0
122,40,6,420.5,7,37.1,61,71.9,0,8
122,41,6,570.5,9,65.1,116,27,2,0
122,42,9,187.5,0,38.9,34,0,0,5
122,43,3,16.5,0,2.8,1.6,1.3,0,0
122,45,4,158,6,9,28,33,0,0
122,46,4,146,3.1,8,19.9,25,0,0
122,48,4,160.5,4,10,42,1,0,5
122,49,8,467,11.7,28.2,80,60,1,0
122,50,4,37,2,2,2,6,0,0
122,51,5,205,2.9,9.1,20.9,61.1,0,4
122,53,5,22,0,4,2,5.9,0,0
122,57,3,124,1.8,3.8,13,39.7,0,0
122,58,3,24,0.9,5.6,0.9,4.6,0,0
122,59,1,2,0.1,0.4,0.1,0.4,0,0
122,63,8,212,5,10.1,29.9,40.2,0,0
122,64,1,3,0.1,0.1,0.3,0.7,0,0
122,67,1,2,0,0.1,0.2,0.5,0,0
122,68,6,96.5,1.1,30.1,6.9,3.8,0,1
122,69,4,538,7.9,32,107.1,98.1,0,42
122,70,7,123,1,21.1,17.7,9.1,0,0
122,71,8,36.5,0,11.3,1.9,5.3,0,0
122,72,5,21,0,2.9,0,8.1,0,0
122,73,10,35,0,7.9,2.1,4.9,0,0
122,74,1,1,0,0.2,0.2,0.1,0,0.2
122,75,1,4,0,1,0.6,0.5,0,0.7
122,76,5,13,0.4,1.9,0.7,3.3,0,0
122,78,1,2,0.1,0.3,0.1,0.5,0,0
122,79,6,17,0.5,2.5,0.9,4.3,0,0
122,80,13,204,5,14.2,38.2,30.8,0,9
122,81,1,12,1.3,0.9,1.6,1.3,0,0
122,82,10,168,3.8,10.9,15.1,46,1.1,1.9
122,83,5,29.5,2.9,3,4,5.1,0,0
122,84,12,398,28.1,22.8,47.3,100.8,0,42
122,85,13,150,5.9,8.8,12.2,40.3,1,1
122,86,5,21,1.8,1.3,0.6,8.4,0,0
122,87,13,121.5,2.3,8,13.6,22.1,0,0
122,88,8,35,1,4,5.1,7,0,0
122,89,7,130,6,10,33.1,3.7,0,0
122,90,13,856,61,57.9,57.1,225.9,1,43
122,91,7,128.5,5.9,54,4.9,20.2,0,54
122,93,3,5,0.3,0.6,0.5,1.1,0,0
122,94,3,7,0.3,0.7,0,2.8,0,0.3
122,95,2,10,0.4,0.8,0,4.2,0,0.4
122,96,3,14,0.1,1.1,0.3,4.5,0.3,0
122,97,6,14,0,1.2,0.2,4.8,0.2,0
122,98,2,3,0,0.3,0,1.1,0,0
122,100,2,8,0,0.3,0.7,2.4,0,0
122,101,9,100,1.8,10.9,19.2,12.2,0,12.1
122,103,4,12,0.2,0.6,1,2.4,0,0.2
122,104,7,44,0.9,3.8,4.2,13.1,0,0
122,105,6,27,0,3,2.1,6.9,0,0
122,106,13,49,0.8,1.9,7.3,14.2,0,0
122,107,5,22,0.4,0.9,0.6,8.1,0,0
122,108,10,36,0,0,2.7,14.3,0,0
122,109,11,72,0,12.9,7.9,10.1,0,6
122,110,8,44,0,2.9,1.5,11.9,0,0
122,111,2,12.5,0,0.8,0.4,3.4,0,0
122,112,1,3,0,0.1,0.6,1.1,0,0
122,113,6,17,0,0.6,3.4,6.2,0,0
122,114,7,35,0,1.9,3.9,10.1,0,0
122,115,8,34,1,3.2,2.1,12.8,0,0
122,116,10,27,1,1.9,2.1,8.9,0,0
122,117,1,7,0,0.5,0.9,2.2,0,0
122,118,1,4,0,0,0.6,1.5,0,0
122,119,1,8,0,0,1.2,3.1,0,0
122,120,1,2,0.1,0.3,0.2,0.5,0,0
122,121,6,23,0.9,3.5,1.8,6.2,0,0
122,122,5,19,0,1.2,2.2,4.3,0,0
122,123,2,10.5,0,0.7,1.2,2.4,0,0
122,124,6,39,1.5,2.4,0.9,11.9,0,0
122,125,7,44,1,1.9,5,11.2,0,0
122,126,2,4,0.1,0.1,0.2,2,0,0
122,127,3,15,0.3,0.4,0.6,7.5,0,0
121,0,4,15,0.4,2.2,1.1,3,0,0
121,1,7,28,0.7,3.9,2,5.7,0,0
121,2,6,189.5,0.7,11.6,37.9,10.9,0,0
121,3,11,163,0.9,14.9,24.1,26,0,0
121,4,10,83.5,0,10.9,13.9,8.6,0,0
121,5,3,24.5,0,3.2,4.1,2.5,0,0
121,6,1,2,0,0.1,0.3,0.3,0,0
121,7,7,17,0,1,2.4,2.7,0,0
121,8,2,10,0.1,0.7,2.2,0.7,0,0
121,9,7,79.5,0.8,5.3,17,6.1,0,0
121,11,4,55,0,4,5,13,0,0
121,12,7,221,0,12.2,39,29.8,1,6
121,13,7,114,4,7.1,22.9,7.1,0,0
121,16,2,25,1.8,0,4.7,3.7,0,0
121,17,3,37.5,2,1,1,12,0,0
121,20,1,7,0.2,1.2,0.8,0.2,0,0
121,21,3,11,0.2,1.9,1.3,0.3,0,0
121,22,6,91,0,10,12.1,11.9,0,0
121,23,3,27,1.1,3.5,3.6,4.1,0,0
121,24,6,102,4.1,7.1,17.8,12.9,0,0
121,25,1,4,0.2,0.4,0.4,0.3,0,0
121,26,1,9,0,0.5,1.2,2.1,0,0
121,28,5,251.5,5,3,22,88,0,8
121,29,4,789.5,24,72.1,88,153.9,1,0
121,30,1,5,0.4,0.5,0.6,0.5,0,0
121,33,4,249,6,8,32.9,52.1,0,0
121,35,2,406.5,19,41,34.6,93.1,0,21
121,36,5,955.5,37.9,51.1,202,82.1,2,16.1
121,37,4,1727.5,86,209,305,188,0,73
121,38,4,900,11,68,254.9,56.1,1,41
121,39,1,14,1.1,2.1,1.8,0.8,0,0
121,40,4,129,3,7.9,33.1,14,0,0
121,41,3,99.5,1,1,31.4,0.8,0,12.2
121,42,7,1212,51.9,114,234.1,101.1,3,74
121,43,5,128,25.9,6.1,3.1,20,1,22
121,46,1,8,0.1,1,1.3,0.6,0,0
121,48,7,284,6.2,17,35.8,73,0,0
121,51,1,4,0.1,0.2,0.4,0.9,0,0
121,52,1,6,0.7,0.5,0.2,1.1,0,0
121,53,3,98,2,1,17,23,0,0
121,55,4,72.5,5,2,6.9,16,0,0
121,57,3,30,0,1,8,3,0,0
121,58,5,60,1,7.1,3.9,9.9,1.2,0
121,59,2,76.5,5,4,4,17,0,0
121,60,4,82,5,15,9,5,0,0
121,65,4,78,0,8,10,12,0,0
121,66,2,3,0.1,0.2,0.2,0.7,0,0
121,67,4,27,0.9,1.8,1.8,6.3,0,0
121,68,11,208.5,0,7.1,37.1,43.8,0,24
121,69,9,97,1,13.8,21.2,3.8,0,1
121,70,4,6,0,0.6,0.2,1.6,0,0
121,71,10,99.5,0,11.9,12.1,14,0,0
121,72,4,25,0,3.7,0.7,5.9,0,0
121,73,5,33,0,4.1,0,10,0,0
121,75,13,84,0,8.9,1.9,18,0,0
121,76,6,24,0,1.3,1.6,4.8,0,0
121,77,4,16,0,0.9,1,3.2,0,0
121,78,1,6,0,0.2,0.4,1.6,0,0
121,79,4,24,0,0.8,1.6,6.4,0,0
121,80,1,3,0,0.2,0.1,1,0,0
121,81,8,70,1,2.8,11.1,11.8,0,10
121,82,7,30,0.7,4.1,0,6.6,0,0
121,83,2,6,0.2,0.8,0,1.3,0,0
121,84,3,20,1.2,1.3,1.4,3,0,0
121,85,10,50.5,2.9,5,3.1,12,0,0
121,86,9,56,0.6,2.9,7.9,13.6,0,0
121,87,3,22,0.2,1.1,3.1,5.4,0,0
121,88,2,6,0.2,0.4,0.2,1.8,0,0
121,89,3,8,0.3,0.5,0.3,2.4,0,0
121,90,7,36,7.8,0,3,6.2,0,0
121,91,5,16,0.6,1,0.4,5,0,0
121,92,3,8,0,0.5,0.5,2.3,0,0
121,93,2,6,0,0.4,0.4,1.7,0,0
121,94,2,6,0.1,0.6,0.2,1.5,0,0
121,96,5,11,1.2,0.7,0.4,2.8,0,0
121,97,3,12,1.4,0.9,0.3,3,0,0
121,98,10,28,1,2.5,1.4,8.9,0,0
121,100,4,16,0,0.6,0,5.8,0,0
121,101,2,3,0,0.1,0,1.1,0,0
121,102,8,26,0,0.8,1.2,10.1,0,0
121,103,9,45,0,3,4.9,10.1,0,0
121,104,2,11,0.2,1.4,0.6,3.3,0,0
121,105,12,75.5,1.5,9.4,3.9,22.5,0,0
121,106,9,55.5,0,8,7.1,8.9,0,2.1
121,107,8,28,0,5,0,10.2,0,0
121,108,13,97,2.9,6.8,8.2,29.1,0,0
121,109,15,219,8.8,18.9,40,32.3,1,22
121,111,4,20,0.7,0.7,2,7.3,0,0
121,112,4,11,0,0.6,1.2,3.6,0,0
121,113,10,45.5,0,2.4,4.7,14.7,0,0
121,114,9,62,6.1,5.1,3.8,16.9,0,0
121,115,10,57.5,2.2,2.6,9.9,7.3,0,0
121,116,8,26,0,1,0,10.9,0,0
121,117,6,15.5,0.9,1.4,0,8.1,0,0
121,118,4,8,0,0.3,0.6,4.2,0,0
121,119,9,35,0,1,2.9,14,0,0
121,120,15,64,0,6,8.1,17.2,0,0
121,121,2,15,0,1.7,0,6.9,0,0
121,122,11,37,2.1,3.9,5.1,7.1,0,0
121,123,6,24,0,1,1.9,9.6,0,0
121,124,6,26,1.1,0,2.6,7.7,0,0
121,125,7,25,1.9,4,1,6,0,0
121,126,6,13,0.1,1.3,1.5,3.2,0,0
121,127,4,12.5,0.2,1.2,1.5,3,0,0
120,0,8,93,1.1,13,15.1,8,0,0
120,1,14,222.5,2.9,21.9,35.1,19,1,0
120,2,8,179,5,12,14.9,36,2.2,0
120,3,5,22,0.2,1.4,4.1,2.2,0,0
120,4,10,217,1,32.9,36.9,16.1,1,0
120,5,6,154,0,17,31,4,0,0
120,6,8,105,0,7.9,18.5,10.7,0,0
120,7,8,123,2.1,15.2,13.9,14.9,0,0
120,8,5,90,0,5,23.1,4.9,0,0
120,9,13,214.5,0.8,11,31.1,40.1,1.1,0
120,10,3,25,0,0.6,1.9,6.7,0,0
120,11,3,27,0,0.6,2.1,7.2,0,0
120,12,4,24.5,1.5,1.5,2.8,2.6,0.6,0
120,13,2,11,0.7,0.7,1.2,1.2,0.3,0
120,17,1,2,0.1,0,0.4,0.3,0,0
120,18,3,63.5,0,1.1,13.9,14,0,0
120,20,5,105.5,3.8,15,15.6,4.5,0,0
120,21,5,184,2,6.1,30.9,42,0,7
120,23,2,19,0.8,2.5,2.5,2.9,0,0
120,24,5,42.5,1.7,3.8,4.5,3.8,0,0
120,25,5,95.5,1,5,7,26,0,0
120,28,9,390,9,45,75.9,16.1,0,0
120,29,3,42.5,1,9,7,0,0,0
120,30,6,320.5,15.7,22.5,73.4,7.4,2,19
120,31,6,332.5,55,23,53,21.9,0,0
120,32,5,29,2.9,3,1.9,4.1,0,0
120,33,3,133,7,14.9,31.1,0,0,0
120,34,5,804.5,34,74.1,93.9,162,4,21
120,35,1,17,1,1.1,1.4,3.8,0,0
120,36,5,414,10.1,43,61.1,38.8,0,0
120,37,4,3121.5,122,356,582,397.9,3,524.1
120,38,3,2498,184.1,286,476.9,216,2,270
120,39,4,774.5,10.9,88.8,214.2,4.2,1,79
120,40,2,5,0.2,0.2,1.5,0,0,0.9
120,41,5,114,0.9,9.9,15.2,21,0,0
120,42,8,93,0,28.7,7.6,2.7,0,0
120,43,3,10,0,2.4,1.2,0.4,0,0
120,44,3,45,2,1,8,3.1,0,0
120,46,6,99,0.8,8.1,20.8,6.3,0,0
120,47,8,582.5,46,81.1,46.2,83.9,0,12
120,48,5,679,11,41.9,115.1,92,0,0
120,49,1,22,0.8,1,4.3,1.8,0,0
120,50,8,120.5,0,7,23,21.1,0,0
120,51,7,57,0.9,3.8,5.7,12.9,0,0
120,52,6,49,5.3,4.5,1.8,8.9,0,0
120,53,9,78,0,6,10.1,16.8,0,0
120,55,7,135.5,0,9.9,21.1,27.1,0,0
120,58,6,244,5,15.1,31,59,0,0
120,60,7,278.5,7.9,42.1,28.1,42.9,0,0
120,61,6,176,7,35.1,32.9,0,0,0
120,62,5,356.5,10.8,43.1,43.6,52.8,0,0
120,63,3,9,0.2,0.8,1.4,1.2,0,0
120,64,2,43,0,4,4,8,0,0
120,65,7,328.5,14,25,55.9,47.1,0,15
120,66,6,455.5,7.1,66,87.9,31,0,33
120,69,5,28,0,6,1,5,0,0
120,70,6,44,0,4.4,1.8,12.3,0,0
120,71,9,136,1,19.9,18,18,0,0
120,72,9,49,0.8,6,3.1,13.1,0,0
120,73,1,9,0,1.3,0.3,2.1,0,0
120,74,6,29,1,4.9,1,5.9,0,0
120,75,2,7,0,1.7,1.2,0.8,0,1.2
120,76,2,10,0,0.6,0.6,2,0,0
120,77,6,31.5,0,0,5.1,8,0,0
120,78,7,42,3,4,4.2,4.8,0,0
120,79,7,36.5,0.8,4,1.1,14,0,0
120,80,8,137,0,5,23,17.9,0,0
120,81,4,105,0,2,25.9,4,0,6
120,82,1,4,0.1,0.5,0,0.9,0,0
120,84,6,26.5,1.4,1.8,1.9,4,0,0
120,85,6,29,1,2.9,1.2,7.9,0,0
120,88,1,2,0.1,0.1,0.1,0.6,0,0
120,89,3,8,0.3,0.5,0.2,2.5,0,0
120,90,6,13,0.6,0.7,0.6,3.9,0,0
120,91,3,7,0.3,0.4,0.3,2.1,0,0
120,92,1,4,0,0.3,0.3,1.1,0,0
120,93,10,27,0,1.6,1.7,7.9,0,0
120,94,7,23,0.4,2.4,0.7,5.7,0,0
120,95,1,8,0.2,0.9,0.2,1.9,0,0
120,96,6,18,2.2,1.2,0.6,4.4,0,0
120,97,10,124,5.8,11.1,6.2,30.1,0.9,2.9
120,98,5,95,0.9,4.1,23.9,4,0,2
120,99,6,19,0.7,1.6,1,6,0,0
120,101,5,11,0,0.4,0,4,0,0
120,102,11,51,0,7.6,8.2,10.1,0,0
120,103,8,83,2,4.1,9.9,22,1.1,9.2
120,104,11,125.5,0,19.3,22.8,13,0,4
120,105,4,11,0.3,1.4,0.5,3.3,0,0
120,106,1,2.5,0,0.5,0,0.9,0,0
120,107,4,10,0,1.8,0,3.6,0,0
120,108,9,28,0,2.3,2.9,8.8,0,0
120,109,9,42,0,4.1,6.9,4.9,0,0
120,110,8,122,2,8,28.9,7,0,10
120,111,5,10,0.4,0.4,1,3.6,0,0
120,112,9,35.5,0,4.9,5,10.1,0,0
120,113,13,129.5,2.1,11.8,21.2,17,0,10
120,114,4,13,0.5,0.6,2.2,1.7,0,0
120,115,12,60.5,0,7.2,10.8,12.1,0,0
120,116,1,3,0.1,0.3,0,1.6,0,0
120,117,2,4,0.2,0.4,0,2,0,0
120,118,9,23,0,1.1,1.6,12,0,0
120,119,10,77.5,1.8,4.2,18.9,3.9,0,5
120,120,4,11,0,1.1,0,5.2,0,0
120,121,1,2,0,0.2,0,0.9,0,0
120,122,1,1,0,0,0.1,0.4,0,0
120,123,5,27,0,2.9,2.9,6.1,0,0
120,124,4,14,0.6,0,1.4,4.1,0,0
120,125,4,8,0.3,0,0.8,2.4,0,0
120,126,5,14,0.1,1.3,1.6,3.4,0,0
120,127,4,16,0.2,1.5,2,3.8,0,0
123,0,8,131.5,1.8,7.9,13.2,34.1,0,4
123,1,8,203,1,7.9,44.1,23,0,8
123,2,8,47,0.9,4.9,6.1,7,0,0
123,3,16,148,0,11.1,23.9,22.9,0,0
123,5,16,439,6.1,50.2,79.9,50.8,1,27
123,6,7,182.5,0.9,13.9,29.2,27.1,0,0
123,7,2,20,0.6,1.2,1.3,6.4,0,0
123,8,9,94,1.6,5.9,10.9,22.9,0,0
123,10,1,3,0,0.2,0.1,1,0.1,0
123,11,4,106.5,0,5.3,8.5,40.3,1.5,3
123,12,5,98.5,0.9,2.9,19.2,11.1,1,0
123,15,6,201,1,8.8,34.2,29.6,0,0
123,17,7,103,5.2,8.2,21.3,1.7,0,0
123,18,7,236,3.9,15,25.1,54.1,1,0
123,19,4,167,4,32,30,8,0,8
123,20,11,702.5,6,201,92,19,0,133
123,21,5,1490,72,28,278.1,306.9,1,97
123,22,7,143,4.8,8.9,9,31.3,1,0
123,23,9,548,10.9,47,74.1,95,0,26
123,24,7,116,0,4.5,19.7,18,0,0
123,26,6,238.5,11.9,17,24,60,0,0
123,27,3,118,5.5,7.3,30.2,9.2,0,0
123,33,8,366,13.9,38.1,20.9,91,1.1,12
123,34,3,20,0,1.9,4,1.3,0.1,0
123,42,10,136,3.8,16.2,12.5,14.7,0,0
123,44,3,26.5,10,3,1,1,1,9
123,45,4,668,24.9,71,84.1,142,2,47
123,47,0,36.5,0,2,3,10,0,0
123,48,4,23,2.3,2.9,0.8,5.1,0,0
123,49,2,8,0.8,1.1,0.3,1.7,0,0
123,50,9,227.5,21.9,6,17,63.1,1,2
123,51,10,341.5,12.2,44,67,14.8,0,28.1
123,52,4,20,0.9,1.1,0,10,0,0
123,53,11,118,1.2,13.9,11.8,18.9,0,0
123,57,1,4,0.1,0.2,1.1,0.3,0,0
123,60,5,35,1,3.1,6,3.9,0,0
123,63,3,124.5,2,15,21,12,0,0
123,66,14,225,3.7,9.7,18.6,55.8,1,0
123,70,1,5,0,1.6,0.2,0.7,0,0
123,71,6,158,3,15.2,36.8,6,0,21.1
123,72,12,635.5,8.1,20.1,111.1,131.7,0,32
123,73,8,101,0.9,29.1,4,10,0,9
123,74,2,10.5,0,2.6,1.7,1.3,0,1.7
123,75,1,2,0,0.5,0.3,0.3,0,0.3
123,78,3,14,0.3,2.1,0.8,3.6,0,0
123,79,3,8,0.3,1.2,0.4,2,0,0
123,80,4,81,19.8,1.4,5.5,10.8,0,0
123,81,1,8,0.9,0.6,1.1,0.8,0,0
123,82,2,31,0,0,1,12,0,0
123,83,5,30,0,4.1,3,6,0,0
123,84,12,218,3,43.1,24.6,25.2,0,11
123,85,5,46.5,4,2,5,13,0,0
123,86,3,14,1.3,0.8,0.3,5.6,0,0
123,87,4,41,2,2,2.1,14.9,0,0
123,88,9,111,5.1,18.9,20,3.2,0,0
123,89,8,178,0.9,30,33.1,8.9,1.1,6
123,90,12,614,74,62,71.1,106,0,49
123,91,7,153.5,8.9,39,17,5.1,0,0
123,92,10,81.5,4,15,7.1,5.9,0,0
123,93,9,45,1.8,5.2,4.5,11,0,0
123,94,2,2,0,0.2,0,0.8,0,0
123,95,3,5,0.1,0.5,0,2,0,0.1
123,96,3,6,0,0.6,0,2.1,0,0
123,98,3,13.5,0.2,1.1,0.2,4.3,0.3,0
123,99,1,2,0,0.2,0,0.7,0,0
123,100,4,18,0,0.7,1.4,5.5,0,0
123,101,14,111.5,3.1,10,10,26,0,7
123,102,2,7,0.1,0.4,0.6,1.4,0,0.1
123,103,8,32,0.6,1.8,2.6,6.4,0,0.6
123,104,6,25,0,0.6,0,9,0,0
123,105,7,27,0,0.6,0,9.8,0,0
123,106,5,10,0.1,0.5,0.4,3.6,0,0
123,107,4,14,0.3,0.5,0.3,5.3,0,0
123,108,10,49,0,2.9,4.1,14.8,0,0
123,109,8,41,1,4.1,4.9,10.1,0,0
123,110,1,3,0,0.2,0.1,0.8,0,0
123,111,11,75,3.7,4.1,7.2,21.1,0,0
123,112,3,10,0,0.3,2,3.7,0,0
123,113,8,32,0.9,1.2,3.9,10,0,0
123,114,8,32,1.1,2,2.1,9.9,0,0
123,115,8,37,0,3.1,3.9,9.9,0,0
123,116,12,125,3.1,4.8,25.7,26.1,0,10.1
123,117,8,22,0,1.4,3.1,6.9,0,0
123,118,7,16,0,0,2.1,6.4,0,0
123,120,7,33,0,3,1,12.1,0,0
123,121,1,1,0,0.1,0.1,0.3,0,0
123,122,6,19,0,1.1,2.2,4.5,0,0
123,123,11,51,1.8,2,3.1,20.1,0,0
123,124,2,10,0.4,0.6,0.3,3,0,0
123,125,10,101.5,2,2.9,10.1,28,0,0.9
123,126,2,12,0.3,0.4,0.4,6,0,0
123,127,2,3,0,0.1,0.2,1.5,0,0
127,0,9,148,0.9,7,27,14.9,0,0
127,1,10,83,1,2.8,4,29.1,0,0
127,2,6,371,1.9,21.2,106.9,52,0,18
127,3,12,288,4.8,29.3,44.9,38.2,0.9,4
127,4,12,404,10.9,53.1,77.2,17.7,1,0
127,5,6,1483.5,96,183.9,219,166.1,2,281.1
127,6,11,856.5,60,101,142.2,87.8,0,3
127,7,11,247,4.8,4.9,70.2,4.7,0,0
127,8,3,13,0,1.8,1.2,2.6,0,0
127,10,7,139.5,0,0.9,13,37.1,0,0
127,11,6,53,2.3,9.5,4.6,9,0,0
127,15,1,3,0.1,0.1,0.5,0.4,0,0
127,16,2,10,0,0.7,1.3,2.3,0,0
127,17,5,172.5,2.9,11,28.1,35.9,1,2
127,18,10,381.5,14,93,52,14,0,42
127,19,7,295,10.1,16.9,56.9,23,2,2
127,20,3,546.5,40,24.9,70.1,122.9,0,31
127,33,3,60,0,0,3.9,24.7,0,0
127,35,6,45,5,4,1.9,16.1,0,0
127,36,8,572,42.9,44.3,19,188.8,2,83
127,37,9,65,0,0.9,1.1,26,0,0
127,38,2,14,0,1.1,1.1,3.8,0,0
127,40,2,48,3,0.6,1,17.1,0,0
127,41,1,5,0.9,0.2,0,1.3,0,0
127,44,4,36,0,2.9,2.1,10,0,0
127,45,6,54.5,0.9,4.1,5.9,14.1,1,0
127,46,2,18,1.1,1.4,1.5,6.3,0,0
127,47,4,133.5,1,5,9,41,0,0
127,49,3,121,1.9,2,3,48.1,0,4
127,50,5,169,7.1,6.9,11.9,56,0,0
127,51,1,1,0,0.1,0,0.4,0,0
127,52,7,65,0,4,11,10,0,0
127,53,1,5,0.2,0.3,0.5,1.1,0,0
127,54,2,4,0.5,0.6,0.2,0.7,0,0
127,55,3,10,1.3,1.5,0.5,1.7,0,0
127,56,6,39,7.3,6.5,4.1,0,0,0
127,57,4,9,1.8,1.4,0.9,0,0,0
127,58,0,32,2,0,1,12,0,0
127,59,4,59,1,2,6.1,9.9,0,0
127,66,4,238,10,11.1,17,65,0,0
127,67,12,163,7.1,24.7,21.2,14.9,0,10
127,68,6,128,3.7,5,12.2,36,1,0
127,69,1,12,0.2,1,2,2,0,0
127,70,3,73,1.3,13.2,12.3,2.4,0,0
127,71,1,4,0.1,0.4,0.8,0.3,0,0
127,73,3,15,0.2,0,0.5,7,0,0
127,79,3,16.5,0.7,2.1,1.6,3.3,0,0
127,81,5,36,0,0.8,4.8,12.4,0,0
127,83,1,4,0.1,0.1,0.1,1.5,0,0
127,84,7,52,1.1,2.9,6.9,11.1,0,0
127,87,7,60.5,0.9,0,3.8,24.7,0,0
127,89,1,3,0,0,0.6,1.1,0,0
127,91,5,36,2.1,3.6,4.9,4.8,0,0
127,92,1,2,0.1,0,0.1,0.7,0,0
127,93,1,4,0.1,0,0.2,1.5,0,0
127,94,1,3,0,0.3,0.5,0.6,0,0.2
127,95,2,5,0,0.5,0.8,1,0,0.3
127,96,7,151.5,25,17.2,13,9.7,0,0
127,97,5,67,3.9,9.1,28,0,0,0
127,98,4,24,0.6,4.6,1,4.4,0,0
127,99,10,261,12.1,16,39.9,39.1,0,0
127,100,7,352.5,18.9,12,18.2,136,0,0
127,101,14,428.5,56.2,25.9,32.1,84.7,3,4
127,102,4,33.5,3.6,3.6,2.9,2.8,0,0
127,103,1,3,0.3,0.3,0.3,0.3,0,0
127,104,2,8,0.2,0.5,0,3,0,0
127,105,5,33,0,0.9,5.1,7.9,0,0
127,106,3,8,0,0.2,0.7,2.5,0,0
127,107,12,70,0,5.5,7,18.5,0,0
127,108,13,126.5,0,9.8,8.9,43,0,8
127,110,11,60,0,3,4.1,19.9,0,0
127,111,1,18,0,0.5,2.1,4.8,0,0
127,112,2,4,0,0,0.2,1.6,0,0
127,113,9,52,0,3.2,7.8,12.1,0,0
127,114,5,16,0.7,1.2,1.4,4.7,0,0
127,115,5,38,4.2,5.1,2,3.8,0,0
127,116,5,37.5,0.8,1.1,1.1,10,0,0
127,117,3,16,0,0,0,7.6,0.4,0
127,118,8,78,0,3,14.2,16.8,0,0
127,119,8,98,0.9,4.1,29,6,0,7
127,120,10,61.5,4.2,3.1,10,9.7,0,0
127,121,5,10,0.3,1.2,0.7,3.8,0,0
127,122,6,21,0,1.1,1.9,5.7,0,0
127,124,10,76,0.9,4.2,11,18.9,1.1,0
127,125,1,2,0,0.1,0.3,0.6,0,0
127,126,4,16,0,0.6,1.9,6.5,0,0
127,127,2,4,0,0.2,0.4,1.6,0,0
124,0,7,56.5,0,9.1,2.7,10.2,0,0
124,1,6,220,0,20.9,38.1,22.1,0,0
124,2,9,45,0,7.6,3.9,6.6,0,0
124,3,1,2,0,0.3,0.2,0.3,0,0
124,4,6,163,3,9.1,23.9,19,1,0
124,5,5,67,0,11,10.1,9.9,1.1,0
124,6,5,175.5,2,5,36,21,1.1,0
124,7,4,229.5,3,9.9,36.1,49,0,10
124,8,4,13,0.4,1.2,2,0.8,0.3,0
124,9,5,99,2.1,4,7.9,29,0,0
124,10,6,152,1,7.1,26,22.9,0,0
124,11,7,56,12.9,2,2.2,5,0,0
124,15,3,22.5,0,0.7,2.2,6.6,0,0
124,16,2,10,0,0.7,1.3,2.3,0,0
124,18,9,189.5,12.1,24.2,35.7,4.9,0,0
124,19,7,229.5,9.1,15,26.1,45.9,0.9,6
124,20,5,82,3.9,1,15.1,5,0,0
124,21,4,217.5,0,45.9,35,11.1,0,0
124,22,10,177.5,8.9,9.2,54,10.9,0,7
124,23,3,45,4.1,5.4,5.5,4.1,0,0
124,24,1,4.5,0,0.2,0.1,1.8,0,0
124,25,10,401,24,46.1,58,58.7,1,67
124,26,3,183,15,27,8,26,0,12
124,27,1,1,0,0.2,0.3,0,0,0
124,28,3,75.5,1,1.8,11.6,17.5,0,0
124,29,1,13,0,0.2,2.4,2.6,0,0
124,31,1,10,0.2,0.5,0.3,2.9,0,0
124,33,5,112.5,3,10,14.9,27,0,0
124,34,8,197,1.1,27.1,26.9,17.9,2,0
124,38,2,18,0,0.3,3.9,4.8,0,0
124,39,3,17,0,0.2,3.6,4.7,0,0
124,42,1,2,0,0.1,0.2,0.6,0,0
124,44,3,79,1.9,2,3.9,26.2,0,0
124,45,9,533.5,13.9,51.9,111.9,25.2,0,18
124,46,3,59,0,2,15,0,0,11
124,48,1,2,0,0.1,0.3,0.6,0,0
124,49,3,95,1.9,3.8,13.3,24.5,0,0
124,52,1,2,0.3,0.1,0.2,0.6,0,0
124,54,4,81,1,2.7,8.1,17,0,0
124,56,3,43,1,1.9,2,17.1,0,0
124,57,10,140.5,1,7,20.1,29.9,0,1.9
124,58,6,48,0,3.1,8.1,7.9,0,0
124,59,5,137,4,9,12,34,0,2
124,60,2,19,0.7,0.9,2.8,4.1,0,0
124,61,2,56,0,1,0,27,0,0
124,62,7,120.5,5,14,10.1,23,0,0
124,63,7,43,1.2,4,4.9,8.9,0,0
124,64,2,38,1,2,1,13,0,0
124,68,2,47,1.9,8.8,5.9,3.9,0,0
124,69,5,110,2,2.9,19,22.1,1,0
124,72,3,36.5,0.7,0,1.4,16.7,0,0
124,73,3,45,0,18,0.9,0,0,0
124,74,5,15,0,4.1,0,2.2,0,0
124,75,8,27.5,0,7.7,0,3.9,0,0
124,76,2,8,0.3,1,0.8,1.6,0,0
124,77,4,12,0.6,1.5,1.2,2.4,0,0
124,78,5,83.5,0,10,9.1,16.9,0,0
124,79,10,139,16.9,4.9,13.1,40.2,0,0
124,82,4,26,0,0,1.6,11.4,0,0
124,83,1,3,0,0,0.2,1.3,0,0
124,84,4,42,1.6,2.3,3.9,8.5,0,0
124,87,2,8,0,0.4,0.7,2.3,0,0
124,88,5,81.5,0.9,5,11,20,0,0
124,89,8,209.5,5.2,14,16.8,56,0,0
124,90,4,102.5,3,9.9,5,29.1,0,0
124,91,2,6,0,0.3,0.7,1.5,0,0
124,92,7,171.5,17.9,9,11.9,46.1,0,2
124,93,6,57.5,2.1,2.8,6.5,14.9,0,0
124,94,9,227.5,7.2,60,14,29.9,0,11
124,95,3,24,0.4,0,1.5,9.2,0,0
124,97,7,19,0.8,3,1.9,2.5,0,0
124,98,2,10,0.2,1.3,0.5,2.3,0,0
124,99,11,94.5,6.9,12,13,9.1,0,0
124,100,5,12,0.2,0.9,0.2,3.6,0,0
124,101,15,101,1.6,11.1,15.1,14.1,0,0
124,102,6,25,0,1.2,1.7,7.5,0,0
124,103,4,30,1.1,4.1,4.1,3.8,0,0
124,104,7,39.5,0.8,4,3.2,8,0,0
124,105,6,18,0,1,2.5,5.9,0,0
124,106,1,1,0,0.1,0,0.4,0,0
124,107,4,11,0.2,0.7,0,4.2,0,0
124,108,6,18,0,1.8,1.2,7,0,0
124,109,9,35,0,2.8,2.1,15.2,0,0
124,110,3,7,0,0.1,0.2,3.5,0,0
124,111,3,4,0,0,0.1,2,0,0
124,112,1,4,0,0,0.5,1.4,0,0
124,113,1,2,0,0,0.2,0.7,0,0
124,114,10,70,1.1,6,8.1,14.8,0,0
124,115,3,9,0.3,0.9,0.7,1.8,0,0
124,116,9,54.5,0,3.2,11.9,9.9,0,2.1
124,117,5,17,0.5,0.8,2.9,3.7,0,0
124,118,3,7,0,0.7,0.7,2.1,0,0
124,119,6,27,0,2.7,2.3,8.5,0,0
124,120,11,64.5,0,0.9,8.3,22.6,0,0
124,121,4,8,0,0,1.1,2.9,0,0
124,122,6,19,0.7,3.3,0,5.1,0,0
124,123,11,109,2,5.1,20.8,26.2,0,6.1
124,124,4,43,2,6,4.9,3.1,0,0
124,125,8,44,0.9,3.8,1.1,9.5,0,0
124,126,6,58,1,5,4,16,0,4
124,127,6,28,1.9,2.2,3.9,3.9,0,0
125,0,8,124,0,8,20.9,17,1,0
125,1,1,5,0,0.8,0.3,0.9,0,0
125,2,12,82.5,0,15,6.1,18.9,0,0
125,3,11,160.5,1,16.3,19.2,29.9,1,0
125,4,2,7,0.1,0.2,0.4,2.1,0,0
125,5,3,42.5,0.8,0.9,2.5,12.9,0,0
125,6,6,60.5,0,3.1,11,9,1,0
125,7,9,94.5,1.2,16.9,13,5,0,0
125,8,13,260,1,16.9,51.1,40,0,0
125,9,7,98,2.6,7.9,13.9,13.4,2.7,0
125,10,2,53,0,0,16,0,0,0
125,11,4,27,0,2.1,6,2.9,0,0
125,12,1,8,0,0.3,0.8,2.3,0,0
125,15,5,49.5,2.1,2.9,7.1,4,0,0
125,16,1,3,0,0.2,0.4,0.7,0,0
125,17,2,7,0,0.5,0.9,1.6,0,0
125,18,5,56,2,5.8,10.1,10,0,0
125,22,4,17,1.6,1.9,2.1,1.6,0,0
125,23,3,4,0.4,0.4,0.4,0.4,0,0
125,24,11,274.5,4.8,23,55.9,12.1,0,15
125,25,2,102.5,0,4.8,0.9,41.2,0,0
125,26,3,93,1,6.8,13.8,25.9,0,0
125,27,5,105,2.8,6.9,15.1,29.1,1.1,0
125,28,2,71,2,6,5,19,0,0
125,30,1,2,0,0.1,0.1,0.6,0,0
125,31,1,9,0.2,0.5,0.3,2.6,0,0
125,32,2,19,0.7,2.2,1.4,2.6,0,0
125,33,2,33,1.3,3.8,2.6,4.4,0,0
125,34,6,144,3.7,10.7,39.7,1.8,0.9,15.8
125,35,2,6,0.5,0.3,1.3,0.2,0.1,0.3
125,36,2,32.5,0,5,3,4,0,0
125,37,3,41.5,1,1,4,7,0,0
125,39,1,17,0,0.3,3.6,4.6,0,0
125,42,3,27.5,0,1.4,2.1,8.7,0,0
125,43,2,8.5,0,0.5,0.6,2.7,0,0
125,44,1,2,0,0.1,0.1,0.8,0,0
125,45,10,327.5,17.9,27.2,26.9,74,0,19.9
125,46,9,1035.5,17.3,115.1,112.8,247.8,1,73
125,47,8,166,10,17,29.2,7.7,0,0
125,49,1,3,0.1,0.1,0.4,0.9,0,0
125,51,9,903,60.9,56.9,146,149.2,1,98
125,52,3,14,2,0.5,1.6,4.2,0,0
125,53,1,11,1.6,0.4,1.2,3.3,0,0
125,54,1,9,0.1,0.3,0.9,1.9,0,0
125,56,5,68.5,2,6.1,14,8,0,0
125,57,5,83,0,3.1,14.9,15,0,0
125,59,4,54,0,11.9,10,0,0,0
125,61,4,50.5,2.1,2.1,7.3,11,0,0
125,62,4,254,9,10,36.1,44.9,1,0
125,63,7,500,21.9,40.9,116,34.2,0,71
125,64,10,44,0.8,2.1,6,13.1,0,0
125,69,1,1,0,0.2,0.1,0.1,0,0
125,70,4,11.5,0.5,1.1,2.2,0.8,0,0
125,74,3,41,0,0,4,15.1,0,0
125,75,10,464.5,25.3,37,60,59.8,1,8
125,76,1,4,0.2,0.5,0.4,0.8,0,0
125,77,10,191,22.9,6.1,21,27,0,6
125,78,9,178.5,25,7,16.1,31.9,0,0
125,79,6,70,0,4.1,16.9,0.9,0,5
125,80,1,7,0.2,0.2,0.2,2.5,0,0
125,81,1,3,0,0.1,0.1,1.1,0,0
125,82,1,3,0,0,0.2,1.3,0,0
125,83,7,47,9.2,2,3.9,4.9,0,0
125,85,1,12,0.5,0.7,1.1,2.4,0,0
125,86,6,46,0,2.9,3.7,13.2,0,0
125,87,2,9,0,0.6,0.7,2.6,0,0
125,90,2,35,0,1.8,4.1,8.9,0,0
125,91,2,18,0,1,2.1,4.6,0,0
125,92,2,4,0.2,0.4,0.4,0.8,0,0
125,94,3,21,0.4,0,1.3,8,0,0
125,95,13,185.5,12.1,21,22.8,24,0,8
125,96,7,49,2.3,7.3,5,6.3,0,0
125,97,15,115,4,20.1,13.1,11.8,0,0
125,98,7,34.5,0.4,4.7,1.8,8.2,0,0
125,99,5,15,0.2,2,0.8,3.5,0,0
125,100,5,34,0.7,2.2,0.9,10.3,0,0
125,101,8,36,1,4,2.2,7.8,0,0
125,102,4,12,0,0.7,0.7,3.6,0,0
125,103,5,20,0,1,1.4,6,0,0
125,104,1,3,0,0.2,0.4,1,0,0
125,105,10,36,0.7,3.2,3.8,7,0,0
125,106,1,3,0.1,0.2,0,1.1,0,0
125,108,4,9,0,0.9,0.6,3.6,0,0
125,109,1,2,0,0.2,0.1,0.8,0,0
125,110,7,42.5,0,0.5,1,21.4,0,0
125,112,9,29,0,4.2,0,8,0,0
125,113,5,22,0,0,2.5,7.8,0,0
125,114,1,4,0.1,0.4,0.3,0.8,0,0
125,115,8,38,1.4,3.8,2.9,7.5,0,0
125,116,5,24,0.8,1.2,4,5.1,0,0
125,117,7,41,1.1,2.9,1.9,12.1,0,0
125,118,3,14,0,1.4,1.2,4.4,0,0
125,119,10,58,0,3.9,5,18.2,0,0
125,120,2,3,0,0,0.4,1.1,0,0
125,121,1,2,0,0,0.3,0.7,0,0
125,122,8,30,0,0,3,12.9,0,0
125,123,1,4,0.2,0.7,0,1,0,0
125,124,13,66,3.2,0,12.1,14.7,0,3
125,125,1,2,0,0.2,0.1,0.4,0,0
125,126,7,38,0,3.9,4.9,7.1,0,0
125,127,7,34,0,4,1.1,13.9,0,0
126,0,6,232,1.9,8,30.1,53,0,0
126,1,4,52,0,8,10,2,0,0
126,2,10,76,1.9,8.9,5.2,12,0,0
126,3,6,95.5,0,19.1,11.2,6.9,0,0
126,4,1,2,0,0.1,0.6,0.1,0,0
126,5,7,266.5,0.8,18.2,58.4,29.9,0,12
126,6,7,440.5,1,17.9,166.1,3,3.1,0
126,7,2,4,0.2,0.2,1,0.2,0,0
126,8,2,10,0,1.4,0.9,2,0,0
126,9,3,12,0,1.7,1,2.4,0,0
126,10,3,13,0.6,2.3,1.1,2.2,0,0
126,11,1,3,0.1,0.5,0.3,0.5,0,0
126,13,7,68,2,3,8,22.9,1,0
126,14,2,9,0.2,0.3,1.5,1.2,0,0
126,15,13,373,7.7,10.7,67.1,47.2,2,0
126,16,6,67.5,1.1,7,12,6.9,0,0
126,17,7,231.5,2,5.1,46,29.8,0,0
126,18,9,76,1.8,6,5.1,19.9,1,0
126,20,9,713,18,66.9,162,46.1,0,47
126,24,7,435,21.9,36.1,50,81.9,0,21
126,25,3,299,2,28,27,79,1,4
126,26,2,27,0,1,3,7,0,0
126,30,2,17,0.4,0.9,0.5,4.9,0,0
126,31,6,116.5,1,3.9,9.1,39,1,0
126,33,1,1,0,0,0.1,0.3,0,0
126,34,4,344.5,14,21,25,81.1,2,0
126,35,8,502.5,12.2,49.8,12.8,154.1,0,44
126,36,6,48.5,0,1.9,2.1,21,0,0
126,37,4,43,0,3.1,8,10.9,0,0
126,38,2,37.5,0,2.9,3,10.2,0,0
126,41,1,6,1.1,0.2,0,1.6,0,0
126,42,9,143.5,3.1,1.9,14.9,43,0,0
126,43,8,85,0.7,5,7.2,23.1,0,0
126,45,3,63,1,11.9,5,7,0,0
126,46,5,15,1,1.1,1.4,5.1,0,0
126,47,2,16,1,1.3,1.4,5.5,0,0
126,48,2,52.5,0.9,0,3.7,20.1,0,0
126,49,1,5,0.1,0,0.3,1.9,0,0
126,50,5,38.5,0.9,3,0.9,12.6,1.1,0
126,51,8,266,19.1,29,45.9,6.1,0,0
126,53,6,62.5,2.8,3.7,5.5,13.8,0,0
126,54,6,72,4.1,7,8.2,17.7,0,0
126,58,3,101,3,7.1,13,19.9,0,3
126,59,9,251,9.1,47,10.2,38.9,2,13
126,60,1,27,0,1.5,0.3,13,0,0
126,63,2,25,0,6.4,3.8,0,0,0
126,64,7,84.5,3,8,4,23,0,0
126,66,4,35,1.1,5.9,5.1,0,0,0
126,70,6,75,0,3,1.9,26.1,0,0
126,71,2,4,0.2,0.4,0.8,0.2,0,0
126,73,1,1,0,0,0,0.5,0,0
126,80,1,5,0,0.1,0.7,1.7,0,0
126,81,1,3,0,0.1,0.4,1,0,0
126,83,5,27,0.5,0.6,0.7,10,0,0
126,84,4,33,1.9,3.1,1.9,9.2,0,0
126,87,1,4,0.1,0,0.3,1.3,0,0
126,88,3,13,0,0,2.5,5,0,0
126,89,2,10,0,0,1.9,3.9,0,0
126,90,2,11.5,0.7,1.1,1.6,1.5,0,0
126,91,1,4,0.2,0.4,0.6,0.5,0,0
126,92,3,49,3.9,0.9,2.1,17,0,0
126,93,1,20,0.7,0,0.8,7.7,0,0
126,94,1,6,0,0.7,1,1.1,0,0.4
126,95,5,139.5,8,6.4,11.8,43.5,0,3
126,96,8,733,58,71.9,105.1,150,2,69
126,97,13,306.5,38.9,61.7,31.2,11.2,1,0
126,98,6,19,0.4,3.7,0.9,3.4,0,0
126,99,12,81.5,4,17.8,8.1,7,0,0
126,100,6,118,3,23.2,15,6.9,0,18
126,101,7,333.5,20.1,99.1,39,2.9,0,58
126,102,10,28,0,1.8,1.1,11.1,0,0
126,104,3,10,0,0.7,0,3.8,0,0
126,105,5,26,0.4,1.7,0,9.8,0,0
126,106,8,26,0,3.1,2,8.8,0,0
126,107,6,29.5,0,0.8,2.4,9.4,0,0
126,108,7,40,1.1,4,2.9,13.1,0,0
126,109,5,24.5,0,2,1.1,8.9,0,0
126,110,1,2,0,0.1,0.2,0.5,0,0
126,111,4,14,0,0.4,1.6,3.7,0,0
126,112,8,58,0,3.9,10.2,9,0,0
126,113,5,21,0,0,0.9,8.4,0,0
126,114,3,8,0.3,0.5,0.8,2.4,0,0
126,115,7,32,1.1,1.9,4,10.9,0,0
126,117,5,18,0,0,0,8.6,0.4,0
126,118,9,155.5,4,13.2,35.1,30.7,0,8
126,119,8,68,0.7,3.2,11.1,10.8,0,0
126,120,9,56,0,1.2,8.1,11.7,0,0
126,121,3,12,0.5,1.6,0.7,4.4,0,0
126,122,11,34.5,0,1.7,3.3,9.2,0,0
126,124,14,68,0.6,2,11.2,18.9,0,0
126,125,2,7,0.1,0.2,1.1,2,0,0
126,126,2,4,0,0.2,0.5,1.6,0,0
126,127,3,10,0,0.4,1.1,4.1,0,0
115,0,9,295,3.4,19.7,47.1,37.4,0,0
115,1,5,539.5,7,56,109.1,39,3,51
115,2,8,63,0,2,12.8,4.1,0,0
115,3,6,123,1,6.1,21,18,1,0
115,6,5,37.5,0,1,3.9,9,0,0
115,7,4,434.5,17,42,83.9,28.1,1,7
115,8,7,129.5,3.5,12.5,15.9,12.1,0,0
115,10,1,3,0.1,0.3,0.5,0.2,0,0
115,11,1,3,0.1,0.3,0.5,0.2,0,0
115,13,1,17,0.4,1.6,2.3,2.5,0,0
115,16,1,2,0,0.4,0.3,0.1,0,0
115,17,8,192.5,2,19.6,19.7,35.8,0,0
115,19,1,18,0.4,1.4,1.4,2.9,0,0
115,20,3,154.5,8,0,5.9,55,2,0
115,21,8,94.5,7.1,10.2,8.8,7.9,0,0
115,23,6,141,2,7.8,24,17.1,0,0
115,24,3,75,0.9,2.8,17.3,6.7,0,0
115,25,2,8,0.2,0.3,1.6,0.3,0,0
115,29,3,20.5,0.4,0.5,5.4,0.3,0,2.1
115,30,8,246,1,40,42.1,14,0,0
115,31,1,9,0,1,2.3,0,0,0
115,33,2,217.5,2,23,14,46,0,2
115,34,6,616,13,71,89,51,0,30
115,35,8,238,19.1,9.7,38.5,18.3,0,0
115,37,2,8,0.4,0.8,0.5,1.4,0,0
115,42,7,643,12,45.1,148.9,50,1,27
115,43,6,77.5,4,6,3,20.9,0,0
115,44,1,1,0,0,0.1,0.3,0,0
115,46,2,14.5,0,0.5,0.8,4.2,0,0
115,47,3,22,0,0.7,1.2,6.4,0,0
115,48,1,1,0,0.1,0.1,0.3,0,0
115,49,8,44.5,0,5.9,4,13.1,0,0
115,50,3,16.5,1.2,1.3,3.3,2.6,0,0
115,51,4,73,0,5.9,13,9,0,0
115,52,2,7,0,0.7,0.7,1.6,0,0
115,53,10,66.5,0,6.2,7.1,14.5,0,0
115,54,6,19,0,2.4,2.7,1.9,0,0
115,55,2,3,0,0.3,0.5,0.3,0,0
115,56,5,64,0,7.2,11.9,6.8,0,0
115,57,3,45,1.2,7.3,3,9.5,0,0
115,58,5,350.5,4,30,114.9,10,0,54
115,59,11,266.5,10.9,31.1,43.4,24.1,1.7,4
115,60,6,102,1.1,9,25.7,3.8,0,0
115,61,9,321,6,57,50.9,9,0,0
115,62,5,61,1.1,5,13,4,0,0
115,63,7,132.5,0,5.9,38.2,0.9,0,36
115,64,5,188,1.9,2.5,63.8,2.7,0,31
115,65,2,12,0.2,0.5,4.2,0.2,0,0
115,66,10,73,4,12.9,3,10.1,0,0
115,67,1,2,0,0.1,0.1,0.7,0,0
115,68,9,45.5,5.1,6.1,2.2,4.7,0,0
115,69,9,144.5,1.9,20.1,23,4,0,0
115,70,4,50,0.7,6.9,7.1,5.5,0,0
115,71,5,11,0.1,1.5,1.7,1.1,0,0
115,72,3,19,0.3,2.9,0.7,3.8,0,0
115,73,9,63,0.9,5,3.2,14.9,0,0
115,75,3,9,0,1.3,0.2,2.1,0,0
115,76,6,23,0,2.5,2.1,4.3,0,0
115,77,8,35,0,6.2,4,5.9,0,0
115,78,7,38.5,0,4.9,4,6.1,0,0
115,79,12,76.5,0,12.8,6.2,10.1,0,0
115,80,14,620,32.8,52.2,95.9,111,0,19
115,81,8,120,4.1,23.9,10.1,12,0,0
115,82,6,69,1,6.9,12.2,9.9,0,0
115,83,8,49,1,5.1,1.6,11.1,0,0
115,84,2,13,0,1,1.8,2.6,0,0
115,85,8,37,0.8,1.2,3.1,9,0,0
115,86,4,9,0,0.9,0.9,3.1,0,0
115,87,6,24,0,2.8,3.3,4.9,0,0
115,88,4,13,0,0,1.7,2.8,0,0
115,89,3,19,0,0,2.4,4.1,0,0
115,90,5,46.5,0,0,6,8,0,0
115,91,4,14,0,0.3,1.1,2.5,0,0
115,92,7,22,0.8,0.9,2.3,5.7,0,0
115,93,2,5,0.2,0.2,0.5,1.3,0,0
115,94,4,10,0,0.8,1.4,1.6,0,0
115,95,10,118,10,14.9,13,14.1,0,3.9
115,96,10,316.5,12,63.1,47,38.9,0,26
115,97,7,37,0,9.2,3.8,4.9,0,0
115,98,7,33,2,5,2.1,7.1,0,0
115,99,3,8,0.2,0.7,0.5,1.8,0,0
115,100,13,62,4.1,2.9,9,15.9,0,0
115,101,8,32,0.8,2.8,1.4,8.8,0,0
115,102,3,7,0,0.3,0.4,3.2,0,0
115,103,3,13,0,0.6,0.8,6,0,0
115,104,2,3,0,0.6,0.5,0.3,0,0
115,105,3,23,0,4.8,3.2,3,0,0
115,106,8,50,0.9,2,8,10,0,0
115,107,3,14,0,0.6,1.1,5.3,0,0
115,108,6,38,1.5,3.3,2.4,10.3,0,1.5
115,109,6,140.5,3,3.9,43.1,3.1,0,20.1
115,110,12,55,2,9,11,7.8,0,0
115,111,7,240,34,29,25.1,23.9,0,11
115,112,0,1754.5,157,261,245,451,2,137
115,113,12,294.5,46.1,24.3,36,36.7,0,0
115,114,19,165.5,0.7,10.9,33.1,25.2,0,0
115,115,7,57,0.9,5.6,14,2.8,0,0
115,116,7,82.5,0,8.9,9.2,13.9,0,0
115,117,9,63,0,5,7,17.1,0,0
115,118,6,25,0,0.7,1.1,11.2,0,0
115,119,3,19,0.4,0.4,1.9,5.3,0,0
115,120,2,9,0.2,0,0.3,4,0,0
115,121,4,9.5,0.1,0,0.3,4.4,0,0
115,123,5,7,0,0.5,0.2,2.8,0,0
115,124,1,2,0,0.2,0,1,0,0
115,125,9,53,2.2,7.1,6,10.9,0,0
115,126,5,13,0,1.2,0.8,5,0,0
115,127,6,20,0,1.8,1.3,7.6,0,0
116,0,13,124.5,4,16.8,5.3,22.8,0,0
116,1,4,84,1,22.1,5,8,0,0
116,2,13,108.5,2.9,10.2,14.9,13.7,0,0
116,3,2,10.5,0,1.9,0.3,3,0,0
116,4,10,207.5,1,12,34,23.1,1,0
116,5,7,120.5,3.1,6.9,21.2,10.8,0,0
116,7,7,615.5,23.1,13,54.9,184.9,1,10
116,8,12,212.5,2.9,39.9,33.1,7.1,0,0
116,9,7,134,1.9,13.2,17.9,15,0,0
116,10,1,3,0.4,0.4,0.2,0.3,0,0
116,11,6,107.5,6.1,9.1,6.4,23.4,0,0
116,12,6,100,2,16.1,10,10,0,0
116,13,10,255,3,19,34,48.1,0,4
116,14,3,13,0.5,2.6,1.9,0.8,0,0
116,15,1,8,0.3,1.6,1.2,0.5,0,0
116,16,2,7.5,0.3,0.4,1,1.1,0.1,0
116,17,3,15,0.7,0.7,1.9,2.3,0.1,0
116,18,7,89,2.8,5.1,8,19.7,1.6,0
116,21,2,31,0,2,6,3,0,0
116,23,1,11,0.3,1.6,1,1.3,0,0
116,25,5,112,2.1,0,11.9,28,0,0
116,26,1,2,0,0,0.5,0.1,0,0
116,29,1,3,0,0.2,0.5,0.4,0,0
116,31,1,20,0,0,2.1,5.5,0,0
116,33,2,191,4,18.3,36.5,18.8,0,0
116,34,1,14,0,0.6,2.2,2.8,0,0
116,35,1,2,0,0.1,0.3,0.4,0,0
116,36,2,23,0,3.4,3.4,2.5,0,0
116,37,1,4,0,0.6,0.6,0.4,0,0
116,38,8,533.5,2,27,130.9,40,0,15.1
116,39,9,422,10.9,33.1,60,75.9,0,4
116,42,2,90,5.8,2,10.6,30,0,6.7
116,43,10,234.5,8.9,29.9,31.1,30.1,0,0
116,44,7,263.5,2,30.9,43.3,30.8,0,0
116,45,10,360,13.9,28.2,65,37.8,0,0
116,46,3,5,0,0.7,0.8,0.7,0,0
116,47,5,9,0,1.3,1.4,1.3,0,0
116,50,3,21,0,0.7,3,4.2,0,0
116,51,1,4,0,0.1,0.6,0.8,0,0
116,52,1,8,0.2,0.5,0,2.1,0,0
116,54,1,3,0.1,0.2,0,0.8,0,0
116,55,4,20,0.6,1.4,0,5.1,0,0
116,56,2,5,0.3,0.9,0.1,1.1,0,0
116,57,6,30,1.8,5.4,0.6,6.8,0,0
116,58,5,36.5,0,10.4,1.7,3.4,0,0
116,59,9,67,0.9,7,6,6.9,0,0
116,60,7,264.5,0,36,53,5,1,0
116,61,12,408.5,7.1,46.2,91.9,23.2,1.9,39
116,62,10,212,5,27.2,44.9,7,1,1
116,63,4,341,7.9,80,44.1,14.9,1,11
116,64,11,1062.5,6.8,290.6,114.9,31.4,0,14
116,65,1,5,0.1,0.7,0.7,0.8,0,0
116,66,3,7,0.1,0.2,1.1,1.4,0,0
116,67,1,4,0.1,0.1,0.6,0.8,0,0
116,69,5,15,0.6,2.5,1.6,1.4,0,0
116,70,7,40,0.7,5.3,0,8,0,0
116,71,6,38,1,6,1,5.9,0,0
116,72,10,57,1.8,9,8.1,8,0,0
116,73,11,77,3.1,4.9,10.2,9.8,0,0
116,74,6,13,0,2.4,1.6,2.3,0,0
116,75,2,10,0,1.8,1.3,1.7,0,0
116,76,9,27.5,1.2,1.4,0.7,7.9,0,0
116,77,4,14,0.6,0.8,0.3,4,0,0
116,78,2,6,0,0.6,0.5,2,0,0
116,79,2,8,0,0.9,0.6,2.7,0,0
116,80,6,194.5,16,49.1,8.9,24,0,34
116,81,12,69,0,12.1,10.8,3.1,0,0
116,82,9,50,2.1,4.1,5.8,8.8,0,0
116,83,2,10,0,1,0.5,2.4,0,0
116,84,1,7,0.1,0.3,0,2.3,0.2,0
116,85,5,15,0.2,0.7,0,4.9,0.3,0
116,86,7,33,0,2.1,2.9,8.9,0,0
116,87,6,26,3,1,2.1,7.9,0,0
116,88,8,193,6,13.9,36.2,36.9,0,15
116,89,8,42,0.9,0,6,12.7,0,0
116,90,6,19,0,0,3,6.5,0,0
116,91,6,27,0,0.9,1.1,8.9,0,0
116,92,3,9,0.5,0.7,0.4,1.9,0,0
116,93,6,35,1.9,3,3.2,5.1,0.8,0
116,94,1,3,0,0.3,0.3,0.6,0,0
116,95,4,14,0,1.4,1.2,2.8,0,0
116,96,2,12,1,1.6,2.1,1,0,0.3
116,97,2,8,0.7,1.1,1.3,0.6,0,0.3
116,98,1,2,0.1,0.2,0.1,0.5,0,0
116,99,6,16,1.2,1.4,1,3.8,0,0
116,100,6,23,0,2.4,2.5,5.8,0,0
116,101,10,31,1.8,1.9,2.3,9.3,0,0
116,102,4,8,0,0.8,0.4,2.8,0,0
116,103,3,11,0,1.1,0.6,3.8,0,0
116,104,1,3,0,0.2,0.5,0.8,0,0
116,105,15,153.5,0.6,15.2,32.1,13.9,0,4.2
116,106,8,169.5,8,10,19,53.9,0,20.9
116,107,5,14,0.6,0.8,1.7,3.3,0,0
116,108,18,100,0,11.6,10,19.3,0,0
116,109,9,27,1.3,3.5,4.2,5.7,0,0
116,110,7,39.5,2,7.9,4,3.1,0,0
116,111,3,256.5,5,22,89,4,0,27
116,112,10,648.5,66,123.2,94.9,35,2,0
116,113,7,140.5,1.9,13,33.2,10.9,0,26
116,114,13,116,2.9,10.1,28.8,6.1,0,0
116,115,8,68.5,2.1,11.1,6.9,17,0,2
116,116,7,63,1,13,8.1,6.9,0,0
116,117,5,20,0,2.4,2.5,3.1,0,0
116,118,2,16,0,0.8,1.8,3,0,0
116,119,1,3,0,0.1,0.3,0.6,0,0
116,120,8,27,0,1.7,2.4,6.9,0,0
116,121,5,17.5,0,1.2,1.5,4.4,0,0
116,122,5,7,0.2,0.5,0.2,2.8,0,0
116,123,6,19,0.6,1.3,0.6,7.6,0,0
116,124,2,4,0,0.4,0.2,0.8,0,0
116,125,8,60,1,7.9,12,6,0,0
116,126,11,118,13.1,12.2,13,17.8,0,0
116,127,9,56.5,1,8.9,7,8.1,0,0
118,0,10,59.5,0,3.5,1.8,15.7,0,0
118,1,11,77.5,0.9,6.1,9.9,13.1,0,0
118,2,12,171,3.1,22,28.9,12,0,0
118,3,5,111.5,1,10.9,19.1,8,0,0
118,4,9,105.5,0,14.1,19.2,9.9,0,0
118,5,6,231,1,14,55.9,25.2,0,27
118,7,6,141,1,9,31,9.9,0,0
118,8,4,24,0,1.7,5.6,2.9,0,0
118,9,5,68.5,0,5,11,8.1,0,4
118,10,5,163,0,10.2,18.1,37.9,0.7,0
118,13,2,3,0,0.6,0.3,0.3,0,0
118,14,5,38,0,7.2,4.8,3.1,0,0
118,15,9,166,2,12.9,27,17,0,0
118,17,3,31,2,6,2.1,3.9,0,0
118,18,8,108,2.8,5.1,17.9,16.2,0,0
118,19,2,131.5,0,6,12,28,0,3
118,21,3,18,0.6,2.5,1.6,2.1,0,0
118,25,6,447.5,6.8,65.1,50.9,58,1.2,8
118,26,6,210,5.7,15,25,37.7,0,2
118,27,1,1,0,0.2,0,0.2,0,0
118,28,6,37,0.6,5.1,1.6,6.4,0,0
118,29,2,10,0.2,1.4,0.4,1.8,0,0
118,30,10,111,2.1,12.7,20.1,2.1,0,0
118,31,8,34,1.9,3.2,0.9,5.1,0,0
118,32,7,414,4,49.9,86.1,1,1,0
118,33,3,67.5,2.3,4.9,7.1,16.7,0.7,0
118,35,5,148,3,21.1,31.9,2,0,0
118,36,6,1595.5,45,267.1,240,135.8,1,97
118,37,6,1146,92.9,138.4,147.7,105.3,1,17.9
118,38,2,668.5,9.2,100.3,127.7,3.6,0,26
118,39,1,2,0.1,0.1,0.2,0.2,0,0
118,42,3,138.5,3,9,21.1,25.9,0,0
118,43,3,130.5,2.1,12.8,21.4,20.5,0,0
118,44,4,294,5,38,53,15,1,0
118,45,1,4,0,0.4,0.8,0.6,0,0
118,46,4,178.5,5,6,13.9,61.1,0,0
118,47,7,93,3.1,16,17,0.9,0,0
118,48,11,173.5,7.1,20.1,18.7,31,0,0
118,49,6,102,5.4,8.7,9.8,25.2,1,0
118,51,4,61,1,6,7,15,0,0
118,52,6,22,0,1.9,2.2,6.9,0,0
118,53,8,227,1,16.9,42.2,29.9,0,0
118,55,3,13,0.2,1.7,2.2,1.3,0,0
118,57,7,460.5,15,41.9,92,47,1,8
118,58,7,476.5,2.9,36,92.1,64.1,1,16
118,59,1,5,0,0.8,0.7,0.5,0,0.1
118,60,8,136,1,9,31.1,8.9,0,0
118,62,7,78.5,4.1,5.9,23,0,0,0
118,63,4,32,0,0.9,11.1,0,0,0
118,68,1,1,0,0.3,0,0.2,0,0
118,69,10,43,0.5,10.1,0.7,8.6,0.9,0
118,71,2,8,0.1,1.9,0.1,1.6,0.2,0
118,72,16,75.5,0,12,7.3,15.1,0,0
118,73,11,78,0,8.8,9.9,11.3,0,0
118,74,7,956.5,41.9,114.1,225.9,83,0,163
118,75,9,76,1.8,12.2,3.2,21,1,3
118,76,10,28.5,0,2.9,2.9,6.2,0,0
118,77,8,47,1.1,3,1.1,14.8,0,0
118,78,9,100,0,11,15,12.9,0,0
118,79,10,49.5,1.7,13.6,0.7,4.5,0,0
118,80,7,16,1,1.6,1,5.4,0,0
118,81,5,18,1.2,1.7,1.2,6,0,0
118,82,4,22,0,0.5,2.2,5.9,0,0
118,83,13,112,0.9,2.4,23.7,13.2,0,0
118,84,3,13,0.3,0.3,0.7,4.5,0,0
118,85,4,6,0,0.2,0.4,2,0,0
118,86,2,6,0.2,1,0,0.8,0,0
118,87,6,55,4,2.9,4.1,12,0,0
118,88,4,29,0.9,1,1,9,0,0
118,89,6,67,0,5,23,4,0,9.2
118,90,9,45,2.7,0.7,0.7,14.6,0,0
118,91,4,20,1.1,0.4,0.4,6.5,0,0
118,92,8,36,1,2,0,10.8,0,0
118,93,13,100,4.8,6.8,16.2,24.1,0,10.1
118,94,10,75,2,9.9,8.9,12.1,0,0
118,95,3,13,1,1.6,0.4,2.3,0,0
118,96,3,12,0.4,0.9,0.5,3.2,0,0
118,97,5,14,0.4,1.2,0.5,3.8,0,0
118,98,1,1,0,0.1,0.1,0.3,0,0
118,99,6,11,0.1,1.5,0.7,3.2,0,0
118,100,3,6,0,1,0.4,1.4,0,0
118,101,7,36,0,5.6,2.4,8.4,0,0
118,102,6,11,1.1,1.5,0,4,0,0
118,104,3,13,0,0.3,0.5,6.7,0,0
118,105,3,8,0,0.1,0.4,4.1,0,0
118,106,3,29,0,2.7,3.2,6,0,0
118,107,8,67,3,9.9,4.9,9,1.1,0
118,108,3,14,0,0.6,1.9,5.1,0,0
118,109,3,14,0,0.6,1.8,5.2,0,0
118,110,5,28,0,1,6,5.9,0,0
118,111,4,15.5,0.5,1.1,3.1,1,0,0
118,112,2,3,0.3,0.4,0,0.8,0,0
118,113,11,106,2.1,8.1,19.9,10.9,0,0
118,114,10,78,0.9,7,18.1,6,0,0
118,115,9,140.5,4,8,25,25,0,4
118,116,2,62,0,7,15,2,0,6
118,117,9,50,3,2,3.8,14.2,0,0
118,118,3,12.5,0,1.5,0.3,4,0,0
118,119,11,73,2,7.1,5.1,14.8,0,0
118,120,3,20,0.4,0.9,0.4,6.7,0,0
118,121,2,4,0,0.2,0,1.4,0,0
118,122,8,11.5,0,0.1,0.3,7.8,0,0
118,123,2,4,0,0,0.2,2.6,0,0
118,124,7,38,0,3.9,5.9,8.1,0,0
118,125,9,43,0,9,4.1,8.8,0,0
118,126,18,240.5,4.8,22,48.1,33.1,0,0
118,127,5,36,2.6,3.8,3.3,5.7,0,0
119,0,1,9,0,0.5,0.3,2.4,0,0
119,1,6,725.5,3,97,103.9,116,8,31
119,2,4,236,0,26,23,32,1,21
119,3,8,105,0.9,6.1,14,20,0,0
119,4,9,68,1,6.8,7,6.2,0,0
119,5,11,512,4,48.8,99.1,39.1,2,0
119,6,2,17,0.1,1.3,2.5,2.6,0,0
119,7,8,99,0.8,7,14.4,15.3,0,0
119,8,8,119.5,0,7.1,22.9,15,0,0
119,9,1,2,0,0.1,0.5,0.2,0,0
119,10,3,15,0,1.7,0.8,2.2,0.5,0
119,12,2,6,0,1.2,0.8,0.4,0,0
119,13,1,1,0,0.2,0.1,0.1,0,0
119,17,10,236.5,0,31.1,20.8,31.8,3.2,0
119,18,2,26,1,5,6,0,0,0
119,19,6,32,0,0,2,10.9,0,0
119,20,4,38,0,2.9,6,7.1,0,0
119,22,0,29,0,2,0,9,0,0
119,23,11,182.5,2.1,20.9,10,41,0,0
119,24,9,204.5,3,14.1,32.9,24,0,0
119,25,5,106,0.9,7,12.1,22.1,0,0
119,27,2,5,0.2,0.8,0.2,1,0,0
119,28,1,4,0.1,0.5,0.2,0.7,0,0
119,29,8,342,4.8,81.3,41,12,0.9,0
119,30,5,1504,160.9,200.1,252,15,5,47
119,31,3,2947.5,322,391.1,339.9,436,10,495
119,32,7,829.5,101,69,141.1,14,1,82
119,33,2,10,0.6,1.1,0.9,1.4,0.2,0
119,34,5,61,0,20.8,6,1.1,0,0
119,35,6,596.5,20.9,67.1,83,83.9,0,17
119,36,1,4,0.2,0.4,0.5,0.6,0,0.1
119,37,4,3272.5,415.9,224,617,241.1,2,624
119,38,6,715.5,3.9,180.1,105,1,0,155
119,39,4,24,1.5,1.6,2.3,2.2,0,0
119,41,2,52.5,2.9,0.9,7.5,8.5,0,0
119,43,2,3,0,0.3,0.6,0.4,0,0
119,44,1,1,0,0.1,0.2,0.1,0,0
119,45,4,31,0,3.5,6.1,4.3,0,0
119,46,9,145.5,8.1,17.9,16,19.8,0,0
119,47,4,573.5,114,27,31.1,86.9,0,54
119,48,7,292.5,14.9,32.1,32,42,0,30
119,49,5,18,1.6,1.6,3.5,1.3,0,0
119,50,11,237,7.8,13.9,40.2,42,0,0
119,51,2,25.5,0,2,9,0,0,0
119,52,2,42,0,2,8,5,0,0
119,53,15,413,12.1,37.8,58.2,70.1,1,17
119,54,12,110.5,1.6,14.4,18.8,10.7,0,0
119,55,8,276.5,2.9,14.9,39.2,54,0,0
119,56,3,60,1,8.9,11,2.1,0,0
119,57,3,76,0,3.9,15,11,0,0
119,58,10,272.5,6,33.2,53.5,20.3,0,19.5
119,59,3,13,0,2.2,1.7,1.3,0,0.3
119,60,5,367,6,2,104,4,0,21
119,61,2,553.5,22,24,123,51,0,20
119,62,4,1515,120,126,273.1,149,1,99
119,63,9,419.5,18.2,52,65.9,39.9,0,6
119,64,7,42,1,11,1.1,4.9,0,0
119,65,11,372,11.1,23.8,90.1,14.1,0,0
119,66,8,282,1.8,21.2,76.6,8.7,0,19
119,67,2,3,0.1,0.6,0.6,0.3,0,0
119,69,2,7,0,1.6,0.2,1.4,0.2,0
119,70,1,1,0,0.3,0,0.2,0,0
119,71,2,4,0,1,0,0.8,0.2,0
119,72,13,93,0,5.9,8,18.1,0,0
119,73,6,22,0,6.8,0,4.2,0,0
119,74,5,35,0,2,8.9,1,0,0
119,75,9,38,0,3.1,3.8,15.2,0,0
119,76,9,59,0,5,3.7,15.1,0,0
119,77,7,51,0,0,6,13.1,0,0
119,78,12,58,1.9,9.9,1,13.1,0,0
119,79,2,15,0.5,4.1,0.3,1.4,0,0
119,80,5,11,0.8,1,0.8,3.6,0,0
119,81,9,38,1.7,6,2.1,7.1,0,0
119,82,6,29.5,0,0.5,2.9,8.1,0,0
119,83,6,97,1,4.1,15,18.9,0,4
119,84,3,13,0.2,0.3,0.8,4.4,0,0
119,85,4,17,0.2,0.5,1,5.9,0,0
119,86,3,9,0.3,1.5,0,1.2,0,0
119,87,3,21,0.6,3.5,0,2.9,0,0
119,88,4,41,0,5.1,6,4.9,0,0
119,89,4,42,0,0,9,10,0,7
119,90,6,46,1.9,6,4.9,7.1,0,0
119,91,12,44,0,2.9,3.4,14.9,0,0
119,92,3,4,0.1,0.3,0,1.2,0,0
119,93,4,7,0.1,0.5,0,2.1,0,0
119,94,5,72.5,1.1,15,10,0.9,0,3
119,95,5,21,1.8,2.5,0.6,3.7,0,0
119,96,11,39,3.9,3.9,2.9,11.4,0,0
119,97,6,98.5,4,8,8.2,29.8,1,5
119,98,9,149.5,9,9.1,33,11.9,0,8
119,99,11,39,0.8,5.4,2.4,10.7,0,0
119,100,10,39,1.1,1.8,2.1,11.8,0,0
119,101,1,2,0,0.3,0.1,0.5,0,0
119,102,6,22,2,3.2,0,8,0,0
119,103,11,103,1.8,4.2,16.9,29.9,0,7
119,104,11,120,2,5.1,23.2,18.8,0,1
119,105,5,14,0,0.2,0.7,7.1,0,0
119,106,1,2,0,0.2,0.2,0.4,0,0
119,107,6,13,0,1.3,1.3,2.6,0,0
119,108,1,2,0,0.1,0.3,0.7,0,0
119,109,3,18,0,0.7,2.2,6.8,0,0
119,110,5,32,1,3.1,5,6.9,0,0
119,111,3,14.5,0.5,1,2.9,0.9,0,0
119,112,5,10,1.1,1.4,0.1,2.5,0,0
119,113,8,41,5.2,5.3,0.7,9.9,0,0
119,114,1,11,0,1.7,1.4,1.7,0,0
119,115,5,28,0,4.4,3.5,4.3,0,0
119,116,6,51,0,4.1,5.6,11.4,0,0
119,117,4,24,0,1.9,2.5,5.4,0,0
119,118,6,19,0,2.1,0.4,6.4,0,0
119,119,6,20,0,2.3,0.4,6.7,0,0
119,120,12,115,3,6,13,27.9,0,0
119,121,5,21,0.4,1,0.4,7,0,0
119,122,7,11,0,0.1,0.3,7.4,0,0
119,123,7,38,0,2.8,3,12.2,0,0
119,124,7,32.5,0,0,5.1,9.9,0,0
119,125,11,35,0,3.9,3.1,11.8,0,0
119,126,5,20,1.5,2.2,1.8,3.2,0,0
119,127,8,30,0,3,2,10,0,0
117,0,3,12,0.6,0.3,0.9,3,0,0
117,1,12,60,3.3,1.8,4.1,14.2,0,0
117,2,11,133.5,0,7.9,16.3,24.8,0,0
117,3,4,50,0,6.1,6.6,7.2,0,0
117,4,9,124,0,10.8,14.3,25,0,0
117,5,9,163,0,16.2,27.1,12.9,0,0
117,6,2,5,0,0.5,0.5,0.8,0,0
117,7,7,39,0,3.5,3.7,7,0,0
117,8,10,140.5,3,7.1,22.9,18,0,0
117,9,8,143.5,2.9,4.9,18.2,28,0,0
117,10,1,2,0.3,0.3,0.1,0.2,0,0
117,11,1,2,0.3,0.3,0.1,0.2,0,0
117,14,5,516,6,41.1,91,56.8,1,16
117,15,8,133.5,3.3,18.9,13.7,22.6,0,0
117,20,5,45.5,2.1,3,4,7.9,0,0
117,21,7,147,4,13.1,8.9,37,0,0
117,23,1,5,0.2,0.7,0.4,0.6,0,0
117,24,3,9,0,1,2.5,0.9,0,0
117,25,2,24,0,3,6.5,2.1,0,0
117,26,3,60,0,0.9,16.5,2,0,0
117,27,13,396,14.2,34.9,56.1,50.9,0,5
117,28,4,15,0,1,2.5,2,0,0
117,29,7,220,6,11.7,34.9,27.7,0,0
117,30,2,9,0,0,0.9,2.5,0,0
117,36,3,29,0,4,3,5,0,0
117,38,3,282,0,12.1,81,0,0,10
117,39,7,289.5,1,8.9,92.1,1,0,22
117,40,1,3,0.2,0,0.4,0.5,0,0
117,42,1,3,0.2,0.1,0.3,1,0,0.2
117,44,1,11,0.5,0.7,1.5,1.1,0,0
117,45,4,49,2.5,3.2,6.6,4.9,0,0
117,46,12,193.5,3.2,14.8,50.1,14.9,0,26
117,47,5,101,0,8.5,21.6,9,0,0
117,49,7,57,0,7,8,9,0,0
117,50,9,232.5,5.9,19.1,37,30,0,0
117,51,1,9.5,0,0.3,1.4,1.9,0,0
117,52,7,124.5,2,5.1,33.9,7,0,0
117,53,4,74,6,0,9,11,0,0
117,56,1,4,0.2,0.7,0.1,0.9,0,0
117,57,9,109.5,0.9,43,4.2,0.9,0,0
117,58,1,6,0,1.7,0.3,0.5,0,0
117,59,3,58,0.9,6.1,12,4.1,0,0
117,60,7,73,1,5,14.9,7.1,0,0
117,61,6,424.5,6,35,102,9,0,5
117,62,3,33.5,0,6,2.1,7.9,0,0
117,63,2,100,0,14,22,0,0,0
117,64,2,5,0.1,0.6,0.8,0.8,0,0
117,66,2,12,0.3,0.5,1.7,2.4,0,0
117,67,3,26,0.5,1,3.7,5.3,0,0
117,68,8,80,0.9,6.1,21.9,3.1,0,0
117,69,9,64.5,2.5,11.3,7.2,5.7,0,0
117,71,5,49,1,6.1,9,0.9,0,0
117,72,13,59,5.9,14.9,4.6,3.9,0,0
117,73,16,168,14,36.8,10.1,9.3,0,0
117,74,13,221,4,12.1,53.1,6,0.8,0
117,75,7,87,0,2.1,14.9,15.1,0,0
117,76,9,57,0,5.8,7.1,15.1,0,0
117,77,7,118,1.9,3,24,17.1,0,2
117,78,6,183.5,0,16.8,36,22.1,0,17
117,79,2,12.5,0,1.4,1,4.2,0,0
117,80,5,22,0.5,1.3,0.6,6.4,0,0
117,81,4,16,0.4,1,0.4,4.6,0,0
117,82,5,29,0,3,1.3,7,0,0
117,83,4,7,0,0.7,0.4,1.7,0,0
117,84,7,27,0.3,1,0,9.1,0.6,0
117,85,2,2,0,0.2,0,0.6,0,0
117,86,3,14,0.3,1.4,1.4,3.7,0,0
117,87,5,27,0.6,2.7,2.7,7.2,0,0
117,88,9,124.5,3,11,24,10,0,6
117,89,2,7,0.2,0,1,2.1,0,0
117,90,7,32,0.9,0.9,2.1,9,0,0
117,91,3,13,0,0,2.1,4.4,0,0
117,92,4,19.5,1.2,1.3,0.8,4.2,0,0
117,93,6,24,0.9,6.1,0,5.9,0,0
117,94,5,18,0,1.8,1.6,3.6,0,0
117,95,2,4,0,0.4,0.4,0.8,0,0
117,96,1,2,0.2,0.3,0.3,0.1,0,0.1
117,97,3,14,1.2,1.9,2.3,1.1,0,0.5
117,98,7,35,0,1.7,2.2,10.1,0,0
117,99,6,19,1.3,1.7,1.1,4.6,0,0
117,100,4,14,0,1.4,1.5,3.5,0,0
117,101,10,57,2.8,3.1,3.1,17.8,0,0
117,102,7,31,1.1,5,2,6.1,0,0
117,103,4,21,0,2.1,1.2,7.2,0,0
117,104,9,36,0,2.4,5.8,10.1,0,0
117,105,2,4,0,0.3,0.6,1.1,0,0
117,106,6,34,1.4,2.1,4.3,7.9,0,0
117,107,7,49,2,2.9,3.1,16.1,0,0
117,108,9,46,1,2.1,4,9.9,0,0
117,109,3,12,0.5,1.6,1.9,2.4,0,0
117,110,8,54,1.1,8.1,4.9,12,0,0
117,111,16,184,7.1,30.9,25,19.1,0,0
117,112,11,69.5,5.1,8.1,10.8,10.1,0,0
117,113,14,215.5,13.4,31.7,37,14.1,0,0
117,114,8,25,0,1.7,7.4,3.8,0,0
117,115,3,6,0,0.4,1.7,0.9,0,0
117,116,10,70,0,8.4,8.7,10.9,0,0
117,117,11,107,13.8,6,8,33.1,0,0
117,118,6,271.5,4,34.8,62.1,30.1,0,38.9
117,119,12,102,0,4.8,10.8,19.6,0,0
117,121,1,2,0,0.1,0.2,0.5,0,0
117,122,2,4,0.1,0.3,0.1,1.6,0,0
117,123,7,32,0,3.2,3.2,12.8,0,0
117,124,5,29,0,3.5,1.8,5.2,0,0
117,125,10,289,3.9,75.1,53,17,0,31
117,126,9,645,43.9,60.2,103.1,151.8,2,10
117,127,6,28,1,2,8.1,1.9,0,0
108,0,5,3657,10,773.1,593,41,3,945
108,1,4,700.5,6.9,101.1,131.1,41,0,107
108,2,6,31,0,5.1,3.1,6,0,0
108,3,15,267,3.1,21.8,38.1,40.1,0,0
108,4,13,197,8.2,15.9,26,18,0,0
108,5,0,40,1,8,4,4,0,0
108,6,8,78.5,0,2.8,10,13.2,0,0
108,7,9,84,2.1,12.9,9.3,8.7,0,0
108,9,11,300.5,9.2,31.1,32,38.9,0,0
108,10,2,2,0,0.2,0.4,0.2,0,0
108,11,3,220.5,5,3.8,36.7,33.7,3,5
108,12,9,338.5,2,27.9,67.9,17.1,0,0
108,13,3,165.5,3.6,18.5,16.2,29.7,0,0
108,14,6,254.5,4,23,52,16,0,0
108,15,8,789,30.9,105,114.1,47,0,0
108,16,8,985,6.1,231,101.9,18,1.1,16
108,17,8,526.5,28,89.1,60.1,22.8,0,0
108,18,5,987,21,199.1,142,24,1,20
108,20,5,18,0,3,5.3,0,0,0
108,22,2,320,16,34,48,33,2,0
108,23,4,153,11,13,35.1,1.9,0,0
108,24,2,20,0,1.5,3.3,1.9,0,0
108,25,3,22,0,1.6,3.6,2.2,0,0
108,26,4,71,0.9,4.9,7.1,16.1,0,0
108,31,11,50.5,1.8,3.9,11.2,6.2,0,0
108,32,6,1429.5,64,291.1,180,84,1,296
108,33,4,2134,33,431,255,55,2,187
108,34,2,26,0,0.5,6.1,3.3,0,0
108,35,3,13.5,0,0.3,3.2,1.7,0,0
108,36,5,61,1.9,5.7,4.7,9.7,0,0
108,37,12,177,1,10,27.9,26,0,0
108,38,9,36,0.5,4.8,2.4,6.5,0,0
108,39,2,38,0,6,7,3,0,0
108,41,2,5,0.3,0,0.3,1.4,0,0
108,42,2,7,0.3,0.5,0.5,1.8,0,0
108,43,6,38,0,4,3.1,9.9,0,0
108,44,2,9,0,1,0.8,2.2,0,0
108,45,3,18,0,1.9,1.5,4.6,0,0
108,46,1,1,0,0.1,0.1,0.2,0,0
108,47,5,13,0,0.8,1.8,2.6,0,0
108,48,4,19,0,0.8,0.9,6.1,0,0
108,49,1,1,0,0,0.1,0.3,0,0
108,50,1,1,0,0.1,0,0.3,0,0
108,51,1,4,0,0.5,0.2,1.1,0,0
108,52,3,10,0.4,1.4,0.6,2.1,0,0
108,53,1,1,0.1,0.1,0.1,0.2,0,0
108,54,5,20,0,3.1,0,6.9,0,0
108,55,4,28,0,4,2,5,0,0
108,56,6,25,0.3,1.4,3.6,5,0,0
108,57,7,76,0,30.1,0.9,4.1,0,0
108,58,1,19,0.3,1.8,2.1,2.8,0,0
108,59,1,7,0.1,0.7,0.8,1,0,0
108,60,3,15,0.5,1,1.2,3.8,0,0
108,61,2,6,0.2,0.4,0.5,1.5,0,0
108,62,5,19.5,2,0.9,0.3,5.7,0,0
108,63,9,54.5,1.3,5.8,5.9,8.9,0,0
108,64,8,84,2,31.8,2.2,5.1,0,0
108,65,7,29,6,0.9,2,4,0,0
108,66,13,81,2.9,6.8,5,16.1,0,0
108,67,9,60,2.8,7.1,3.2,10.9,0,0
108,68,6,42,1.7,6.9,3.3,2.5,0.9,0
108,69,3,7,0.3,1.1,0.6,0.4,0.1,0
108,70,1,4,0.2,0.8,0.3,0.5,0,0
108,72,10,263.5,3.9,26,57.8,16.2,0,0
108,73,9,228,3,24.9,40.3,21.9,0,0
108,74,6,491.5,17.1,50.1,101.9,19.9,0,25
108,75,6,289.5,6.9,44,61.1,34.1,0,37
108,76,8,136.5,3.2,16.1,15.9,20.9,0,1
108,77,9,553,4.9,24.8,114,79.2,2,25.1
108,78,7,190,1.2,27.1,26.9,11.8,0,2
108,79,1,4,0,0.3,0.2,0.7,0,0
108,80,10,79.5,0,3.3,15.9,8,0,0
108,81,8,104,0,5.9,19.1,9,0,0
108,82,9,42,1.2,6.1,3,7.7,0,0
108,83,10,62,0,12.1,4.8,8.9,0,0
108,84,5,20,0,0.5,1.5,4.4,0,0
108,85,8,53,0,4,5.9,13,0,0
108,86,3,10,0.1,0.7,0.2,3,0,0
108,87,4,10,0.1,0.5,0.4,3,0,0
108,88,7,99,0,2.2,30,4.7,0,2.1
108,89,7,24.5,0,0,1.8,9.4,0,0
108,90,2,8,0.1,0.3,0.3,2.5,0,0
108,91,5,17,0.3,0.6,0.6,5.3,0,0
108,92,8,29,0,1.8,2.1,14.1,0,0
108,93,5,43,0.9,1.9,5.1,9.1,0,0
108,94,11,145.5,3,24.9,20,38.3,0,19
108,95,6,53,1.6,5,1.7,14.7,0,0
108,96,2,13,0.8,1.6,0.8,3.2,0,0
108,97,3,13.5,0.8,1.7,0.8,3.4,0,0
108,98,2,4,0,0.2,0.2,1.6,0,0
108,99,2,6,0,0.2,0.2,2.6,0,0
108,100,2,5,0.5,0,0.2,2.8,0,0
108,101,2,3,0.3,0,0.1,1.7,0,0
108,102,6,24,0.3,0.3,1.5,6.9,0.6,0
108,103,2,3,0,0,0.2,0.9,0.1,0
108,104,4,21,0,1.3,1.3,7.2,0,0
108,105,5,11,0,0.7,0.7,3.7,0,0
108,106,5,26,0.6,1.2,1.8,8,0,0
108,107,7,24,0,0,2.9,8.1,0,0
108,108,7,21.5,0,0.4,1.1,7.4,0,0
108,109,3,7,0,0.1,0.4,2.4,0,0
108,110,2,6,0,1.3,0.2,1.5,0,0
108,111,9,50,0,2,3.9,15,0,0
108,112,7,54.5,1.6,4.4,10.5,8.7,0,0.9
108,113,2,8,0.2,0.6,1.6,1.4,0,0.2
108,114,13,81,1.2,8.7,10.9,16.2,0,0
108,115,8,49.5,0.9,4.9,6.1,9,0,0
108,116,4,24,0.8,0.8,1.6,6.3,0,0
108,117,2,9,0.3,0.3,0.6,2.4,0,0
108,118,8,58,0,5.2,7.8,10.1,0,0
108,119,6,21,0,2.5,2.7,5.3,0,0
108,122,2,5,0.2,0.2,0.3,1.6,0,0
108,123,1,2,0.1,0.1,0.1,0.6,0,0
108,124,5,13,0.4,0.6,2.1,2.1,0,0
108,125,11,155,2.9,10,27.9,26,0,2.9
108,126,5,24,0,1.1,2.3,7.2,0,0
108,127,4,13,0,0.6,1.3,3.9,0,0
109,0,3,2175,2,331,436,40.9,1,250
109,1,2,160.5,7,8,41,13,0,0
109,2,5,88.5,2,5.1,13.1,10.9,0,0
109,3,13,441.5,7.1,39.9,62,65.1,0,0
109,4,8,171,4.1,30,23.9,5.9,0,0
109,5,4,33,0,0.9,6.2,4.9,0,0
109,7,4,40.5,0,4.1,7,5,0,0
109,8,6,127.5,1.9,10.1,17.9,19,0,0
109,11,14,383,3.1,98.1,22.9,19.9,1,0
109,12,8,363,4.2,72.1,58,6.9,0,12
109,13,3,7,0.3,0.6,0.8,1.3,0,0
109,14,5,323.5,7,24.1,71,20,0,10
109,15,5,148,2,27,22.9,4,0,14
109,16,5,382,4.1,49.9,78.9,26,1,21
109,20,1,2,0,0.3,0.6,0,0,0
109,21,1,4,0,0.7,1.1,0,0,0
109,22,2,4,0,0.2,0.4,0.8,0.2,0
109,23,5,37.5,0.8,0.9,4.5,8.1,1,0
109,24,11,371,2.9,31.1,72.8,17,0,0
109,25,12,500,10,51.9,64,73,0,4.9
109,26,5,522.5,21.1,50.9,104.1,16.9,1,13
109,27,3,134,0,2,47.1,1,0,7
109,28,5,624,16,59.1,113,49,0,4
109,29,10,90,1.7,9,21.3,0,0,0
109,30,11,60,13.4,5.8,2,2,0,0
109,31,1,2,0.4,0.2,0.1,0.1,0,0
109,32,4,105,2,5,18.1,8.9,0,0
109,33,6,521.5,14.9,42,87.9,31.2,0,2
109,34,6,121.5,5.1,12.9,20,5,0,0
109,35,2,8,0,0.1,1.9,1,0,0
109,36,4,88,0,2,15,14,0,0
109,37,1,3,0.1,0.3,0.2,0.5,0,0
109,38,2,4,0,0.6,0.2,0.8,0,0
109,40,1,4,0.2,0,0.3,1.1,0,0
109,41,2,4,0.2,0,0.3,1.1,0,0
109,42,1,5,0.2,0.3,0.4,1.3,0,0
109,43,3,15,0.5,1.1,1.2,3.8,0,0
109,44,2,7,0,0.7,0.6,1.8,0,0
109,45,2,13,0,1.3,1.2,3.3,0,0
109,46,6,123.5,0,6.2,29.8,11.4,0,9
109,47,1,3,0,0.2,0.4,0.6,0,0
109,48,3,5,0,0.2,0.3,1.5,0,0
109,49,4,24,0,0.9,1.1,7.7,0,0
109,50,4,353,5,37.1,85.9,26.1,0,32
109,51,8,122.5,1,36.4,5.7,17.5,0,29
109,52,14,70,2.5,9,5.1,15.3,0,0
109,53,1,3,0.1,0.4,0.2,0.7,0,0
109,54,4,12,0,1.9,0,4.1,0,0
109,55,9,208,2,13,54,5.1,0,10
109,56,5,744,54.9,94,114.1,93,1,64
109,57,4,30.5,0.5,1.6,4.4,6.1,0,0
109,58,8,28,0.5,2.7,3,4.2,0,0
109,59,11,39,0,7.9,5.2,7.8,0,0
109,60,14,57,2.9,6.8,5,10.3,0,0
109,61,8,35,1.3,2.2,2.8,8.6,0,0
109,62,8,79,0,21.1,2,12.9,0,0
109,63,9,49,4.9,2.3,0.6,14.4,0,0
109,64,5,162,6.1,37,13.9,8.9,0,0
109,65,7,1002.5,47,144.2,238.9,29.9,0,160
109,66,15,155.5,6.2,7.9,34.7,15.3,0,0
109,67,9,50,6,6.1,2,10.9,0,0
109,69,11,55,0,7.2,1,14.8,0,0
109,70,12,191.5,5.9,16,28.8,26.1,0,0
109,71,14,111,5,21.3,9.7,14.3,0.9,0
109,72,3,19,0.4,0.6,3.4,3.9,0,0
109,73,4,20,0.5,0.6,3.6,4,0,0
109,74,4,37,0,3.7,3.8,5.8,0,0
109,75,1,2,0,0.2,0.2,0.3,0,0
109,76,6,46,0,3,7.1,11,0,0.9
109,77,4,200,0,8.1,51,4.9,0,2
109,78,10,117.5,0,5.9,21.1,16.2,0,0.9
109,79,6,41,0,3.6,1.8,7.4,0,0
109,80,9,52.5,0.9,2.6,7.4,9.9,0,0
109,81,2,11,0.1,0.6,1.5,2.1,0,0
109,82,11,72,0.9,5.1,2.9,18.2,0,0
109,83,12,165,2.9,11.2,33.7,18,0,1.9
109,84,8,421,6,72.8,43.2,105.1,0,45
109,85,6,18,0,0.4,1.4,3.9,0,0
109,86,4,21,0.4,1.2,0.5,6.3,0,0
109,87,3,12,0.2,0.7,0.3,3.6,0,0
109,88,6,39,0,1.8,2.1,7,0,0
109,89,4,15,0,0,1.2,5.7,0,0
109,90,5,24.5,0.4,0.7,1,7.7,0,0
109,91,1,5,0.1,0.2,0.2,1.5,0,0
109,92,5,20,0.9,3.1,0,8,0,0
109,93,9,49,0,3,4.1,10.8,0,0
109,94,2,14,0.3,0,0.4,5.3,0,0
109,95,10,161.5,10,7.1,21.9,25.9,0,10.9
109,96,8,39.5,0,5.9,1,9,0,0
109,97,2,6,0.4,0.7,0.4,1.5,0,0
109,98,2,3,0,0.1,0.2,1.2,0,0
109,99,4,15.5,0,0.5,0.6,6.5,0,0
109,100,5,14,1.3,0,0.5,8,0,0
109,101,1,1,0.1,0,0,0.6,0,0
109,102,4,12,0.1,0.1,0.7,3.5,0.4,0
109,103,4,23,0.3,0.3,1.6,6.6,0.4,0
109,104,7,61,5.1,2.9,15.1,7,0,4
109,105,10,52,2.2,5.8,6.3,10.8,0,0
109,106,4,8,0.3,0.3,0.5,2.4,0,0
109,107,4,11,0.2,0.4,0.8,3.4,0,0
109,108,6,17,0,0.8,1.9,8.2,0,0
109,109,3,7.5,0,0.2,0.3,2.5,0,0
109,110,3,5,0,1,0.2,1.3,0,0
109,111,3,17,0,3.6,0.6,4.3,0,0
109,112,14,75,5.2,3,7.9,15,0,0
109,114,9,64,0,0.8,14.1,12.1,0,0
109,115,16,121,3.5,8.5,12,31,0,4.1
109,116,3,10,0.4,0.4,0.6,2.6,0,0
109,117,6,18,0.6,0.6,1.2,4.8,0,0
109,118,2,11.5,0,1.4,1.4,2.9,0,0
109,121,1,3,0.1,0.1,0.2,1,0,0
109,122,2,13,0.4,0.5,0.9,4.1,0,0
109,125,8,36,0.9,2,5.9,5.8,0,0
109,126,1,1,0,0,0.1,0.3,0,0
109,127,3,5,0,0.1,0.5,1.5,0,0
107,0,8,2160.5,7.9,310,465.1,3.9,1,532
107,1,2,3122.5,1,5,1020,0,2,573
107,2,3,14,0,0.9,1.9,1.9,0.6,0
107,3,1,1,0,0.1,0.1,0.1,0.1,0
107,4,3,36,1.9,2,5,4.1,0,0
107,6,7,102.5,1,8,15.1,14,0,0
107,7,2,359,8,17,63,49,1,3
107,8,7,85,0,13.2,7.9,10,0,0
107,9,14,386,7.8,31.8,73.2,31.3,0,0
107,10,3,7,0.1,1.1,0.2,1.7,0,0
107,11,3,13,0.2,2,0.4,3,0,0
107,12,3,8,0.8,0.9,0.6,0.8,0,0
107,13,8,44,4.3,4.9,3.4,4.3,0,0
107,14,3,31,0,3.9,6.1,2,0,0
107,15,6,367.5,8.1,27.1,80.9,2,1,0
107,16,6,216.5,30.9,41,12,0,2,1
107,17,4,816,95,81.1,80,70,5,0
107,18,2,1418.5,34,88,287,119,3,69
107,22,5,109,5.9,10,23.1,1.1,0,0
107,23,6,893.5,19.9,71.2,139,99,1,8
107,24,1,3,0,0.6,0.2,0.3,0,0
107,25,1,3,0,0.6,0.2,0.3,0,0
107,26,1,5,0,1,0.4,0.5,0,0
107,30,2,9,0.3,1.3,1,0.8,0,0
107,31,6,106,8,2,57,6,1,0
107,32,9,2147,157.1,153,451.2,359.8,6,134
107,33,5,1782.5,57,332,255,4,0,126
107,34,4,25,0,1.5,5.1,3.1,0,0
107,36,10,720.5,3,129,112,26.1,1,39
107,37,6,74.5,0,4.1,14.1,10.9,0,0
107,38,2,17,0,0.6,1.8,4.7,0,0
107,39,6,137,0,16,22,8,2.1,0
107,40,1,1,0,0.1,0.1,0.3,0,0
107,41,5,18,0.7,0.8,1.3,5.6,0,0
107,42,10,157,1,7.2,33.1,13,1,0
107,43,4,232,2,6.2,63,7.9,0,0
107,44,5,16,0.7,1.2,0.4,2.5,0,0
107,45,3,18,0.9,1.4,0.4,2.8,0,0
107,46,2,4,0,0.2,0.2,1.4,0,0
107,47,1,2,0,0.1,0.1,0.7,0,0
107,48,3,11,0,0.7,1.5,2.9,0,0
107,49,1,6,0,0.4,0.8,1.6,0,0
107,50,2,7,0.4,0.4,0.6,1.4,0,0
107,51,3,11,0.6,0.6,1,2.2,0,0
107,52,4,21,0,1.1,1.8,5.8,0,0
107,53,2,7,0,0.3,0.7,1.9,0,0
107,54,3,16,0,0.8,1.5,4.3,0,0
107,55,1,2,0,0.1,0.2,0.5,0,0
107,56,1,2,0,0.1,0.7,0,0,0.3
107,57,5,803.5,12,69.8,180.1,35,0,68
107,58,3,77,9,21.9,8,2.1,0,0
107,59,5,20,0.6,1.4,1.8,3.6,0,0
107,60,6,28,1.9,2.1,2.8,5.7,0,0
107,61,1,1,0,0.1,0.1,0.2,0,0
107,62,6,23,0.9,1.5,0,8.2,0,0
107,63,10,144,1,19.7,30.2,10.1,0,0
107,64,12,687,10.8,86.1,165.9,32.1,0,71.2
107,65,8,353.5,13.2,25,80.9,36.9,0,29
107,67,5,30,1.1,4.1,3,4.9,0,0
107,68,8,81,2.3,8.1,9.6,11.1,0,0
107,69,8,125,4.1,13,14,17.1,0,0
107,70,7,44.5,2.9,10,3.3,2.8,0,0
107,72,1,5,0,0.4,0,1.1,0,0
107,73,5,153,0,21,32,4,0,0
107,74,4,554.5,13,35,131,28.1,0,0
107,75,6,725.5,23,40,198,52,0,63
107,76,9,103.5,0.9,3,23.1,10,0,5
107,77,11,149,1,10.8,23.3,27,0,0
107,78,6,108,0.9,11.1,14.1,14.9,0,0
107,79,6,163,1.9,4.1,39.1,21.1,0,18
107,80,7,42,1.2,7.9,4.1,6.9,0,0
107,81,1,5,0.1,1.1,0.7,0.1,0,0
107,82,5,57,0,2.7,14.3,6.1,0,0
107,83,9,87,2.1,3.9,13.1,12.8,0,0
107,84,9,43,1,4.9,2,8,0,0
107,85,4,24,1.1,1.1,2,4.7,0,0
107,86,8,28,0,1.1,2.3,8.8,0,0
107,87,8,41.5,1.1,6.1,2.9,8.9,0,0
107,88,10,197,6.1,17.7,31.3,25.9,0,6
107,89,4,15,0.9,0.4,1.5,3.2,0,0
107,90,6,13,0,0.5,0.6,5.3,0,0
107,91,2,4,0,0.2,0.2,1.6,0,0
107,92,1,6,0.2,0.4,0.6,1.5,0,0
107,93,2,2,0,0.2,0.2,0.4,0,0
107,94,5,20,0.7,1.3,2,4.9,0,0
107,95,5,16,0.6,1,1.6,3.9,0,0
107,96,5,13,0.2,0.5,0.5,4.6,0,0
107,97,2,11,0.3,0.4,0.4,3.8,0,0
107,98,3,6,0.2,0.7,0.3,2.6,0,0
107,99,2,6,0.2,0.7,0.3,2.5,0,0
107,100,6,14,0.2,0.4,0.4,5.2,0,0
107,101,3,10,0.1,0.3,0.3,3.7,0,0
107,102,5,16,0.6,1,0,5.4,0,0
107,103,5,18.5,0.5,1.3,0,6.2,0,0
107,104,1,2,0.1,0.1,0.2,0.5,0,0
107,105,7,22,1,1.7,2,5.5,0,0
107,106,8,31,0.9,0,1.2,10,0,0
107,107,16,87,2.3,11.9,8.2,14.9,0,2.9
107,108,4,16,0.4,0.4,0.9,5.1,0,0
107,109,5,19,0.7,0.7,1.1,5.8,0,0
107,110,9,23,2.2,1.2,2.7,6.9,0,0
107,111,12,130,4.8,17.1,9.1,16.1,0,0
107,112,4,8,0.6,0.2,1,1.6,0,0.2
107,113,1,6,0.3,0.3,0.9,1.2,0,0.3
107,114,5,16,0,1,0.9,3.9,0,0
107,115,4,35,0,2.6,1.9,8.2,0,0
107,116,6,25.5,0,0.7,0.8,8.8,0,0
107,117,9,35,0,1.9,6.1,11,0,0
107,118,10,257.5,4,45.7,39.3,25,0,30.1
107,119,8,48,0,4.1,5,14.9,0,0
107,120,1,1,0,0,0.1,0.4,0,0
107,121,2,16,0,0.5,1.7,5.5,0,0
107,122,8,30,2,1,2.3,7.7,0,0
107,123,3,5,0,0.8,0,2.5,0,0
107,124,2,9,0,0.6,0.9,1.8,0,0
107,125,8,58,0,2.4,5.9,16.5,0,0
107,126,4,11,0,0,0.5,4.4,0,0
107,127,7,16,0,0,0.6,6.4,0,0
102,0,8,2158,4,579.9,226.1,53.1,8,440.9
102,1,5,2162.5,0.9,767.1,44.5,2.6,1,375
102,2,3,2663,143,181,684,210,8,250
102,3,2,512,29.7,65.8,55.3,29.5,0,6
102,5,1,1,0,0.1,0.2,0.1,0,0
102,6,7,389,8,27.1,69.9,38,3,0
102,7,1,22,1.4,1.1,3.2,4,0,0
102,9,0,42,0,0,14,0,0,0
102,12,4,8,0,1.3,0.8,1,0,0
102,13,7,752.5,5.2,124.9,110,24.9,0,0
102,15,2,139,1,36,11,0,0,0
102,16,2,640.5,2,217,20,0,1,0
102,20,11,108.5,0,13.8,25.1,0,0,0
102,21,3,109.5,1,32,12,0,0,0
102,23,2,12,0.4,2.3,0.4,1.6,0,0
102,26,0,440.5,25,16,142,29,0,91
102,27,8,566,49.9,65,100.9,9.1,0,63
102,28,7,526,21.9,45.1,58,77.9,1,2
102,29,2,21,0.6,3.5,1.1,2.2,0,0
102,31,1,4,0,0.4,0.6,0.4,0,0
102,32,10,379,4,22.2,65,43,1,0
102,33,5,23,2,4.9,0,4.9,0,0
102,34,4,18,0,2.6,1.4,3.3,0,0
102,35,4,21,0,3.3,1.5,3.8,0,0
102,36,1,4,0.1,0.2,0.5,1,0,0
102,37,2,11,0.2,0.7,1.4,2.7,0,0
102,38,4,9,0.1,0.5,1.2,2.3,0,0
102,39,1,9,0.2,0.6,1.1,2.2,0,0
102,41,1,2,0,0,0.1,0.7,0,0
102,42,1,4,0,0,0.2,1.4,0,0
102,43,1,2,0,0,0.1,0.7,0,0
102,44,2,5,0,0.1,0.4,1.3,0,0
102,45,3,7,0,0.2,0.5,1.9,0,0
102,46,3,25,0.2,0.5,2.1,6.4,0,0
102,47,2,5,0,0.1,0.4,1.3,0,0
102,48,5,28,0.6,4.4,1.6,5.4,0,0
102,49,5,13,0.5,2,0.7,2.5,0,0
102,50,1,4,0.2,0.2,0.4,0.8,0,0
102,51,3,10,0.5,0.6,1,1.9,0,0
102,52,2,16,0.5,1.1,0.5,3.8,0,0
102,54,1,7,0.2,0,0.3,1.4,0,0
102,55,2,18,0.5,0,0.9,3.6,0,0
102,57,2,6,0,0.4,0.3,1.7,0,0
102,58,1,4,0,0.3,0.2,1.1,0,0
102,59,7,26.5,0,1.9,1.1,8,0,0
102,60,9,31,0,1.9,2,7.2,0,0
102,61,3,17,0,1.1,1.3,4.4,0,0
102,63,9,16,0,3.1,0.6,3.3,0,0
102,64,2,9,0.2,0,0.5,2.7,0,0
102,65,7,31,0.8,0,1.6,9.3,0,0
102,66,3,15,0.2,1.7,1.3,2.7,0,0
102,67,9,46,0.8,5.3,3.9,8.3,0,0
102,68,4,53,0,5.1,8.9,8,0,0
102,69,1,2,0.1,0.2,0,0.6,0,0
102,70,8,43,0,9.7,0,8.1,0,0
102,71,8,45,1.9,4.1,2,10,0,0
102,72,3,24,0,3,2.4,2.9,0,0
102,73,5,288,2,8,83.1,22.8,0,32
102,74,6,38,0,2.1,9,4,0,0
102,75,7,34,0.8,1.1,1.1,9.1,0,0
102,76,10,37,0,5.8,0,8.3,0,1.2
102,77,2,7,0,0.4,0.5,2,0,0
102,78,4,12,0,1.6,0,3.6,0,0
102,79,3,9,0,1.2,0,2.7,0,0
102,80,11,73,0,14.1,4.7,9.3,0,0
102,81,16,69,0,2.9,10,17.9,0,0
102,82,10,31,0,1.3,3.8,9.2,0,0
102,83,4,15.5,0.4,0,1.6,5,0,0
102,84,5,41,2.1,2.1,6,10,0,0
102,85,8,34,1.1,1.8,4.1,6.6,0,0
102,86,7,39,0,1,3,12,0,0
102,87,4,21,0.9,1.1,0,8.9,0,0
102,88,8,58.5,1,4,6,14.9,0,5.1
102,89,2,11,0,0.6,0.8,2.9,0,0
102,90,1,10,0,0.5,0.8,3.1,0,0
102,91,6,34,0,3.1,3.8,7.1,0,0
102,92,4,14,0.9,0.6,0.4,4.2,0,0
102,93,9,32,0,9.1,2.1,3.8,0,0
102,94,11,491.5,20.1,76.9,94.1,48,0,70
102,95,9,36,0.6,4.2,3,8.3,0,0
102,96,1,9,0,0.6,0.7,3.4,0,0
102,97,5,9,0,0.4,0.6,3.6,0,0
102,98,10,90,2.2,9.9,22.7,2,0,0
102,99,10,458.5,27,56,56.1,107.9,1,15.9
102,100,8,45,0,7.8,4,11.1,0,0
102,101,2,3,0,0.3,0.4,1.1,0,0
102,102,5,23,0,0,1.3,5.6,0,0
102,103,2,9,0,0,0.5,2.2,0,0
102,105,2,7,0.1,0,1,2.1,0,0
102,106,6,32,0,3.9,4.1,7,0,0
102,107,12,101,0.9,5.8,5.1,33.2,0,0
102,108,2,13,2,0.5,0.6,2.7,0,0
102,109,11,80,0,7,12.9,18.3,0,0
102,110,4,15,0.3,3,2.2,3,0,0
102,111,1,6,0.2,1.2,0.8,1.2,0,0
102,112,1,5,0,0.6,0.3,1.2,0,0
102,113,2,6,0,0.7,0.3,1.5,0,0
102,114,6,19,0,2,2.2,4.6,0,0
102,115,3,7,0,0.7,0.8,1.7,0,0
102,116,3,7,0,1,1,1.1,0,0
102,117,10,125,2,9.9,17.2,24.7,0,4
102,118,4,22,0.3,0.5,2.9,4.5,0,0
102,119,1,3,0,0.1,0.4,0.6,0,0
102,120,7,80.5,0,6,13,16.1,0,0
102,121,9,94.5,0,8.9,7,26,0,4
102,122,14,275.5,1.7,27.3,40,46.2,0,0
102,123,4,13,0.4,1.4,0.6,3.3,0,0
102,124,7,19,0.4,0.6,0.7,6.6,0,0
102,125,1,8,0.2,0.2,0.3,2.8,0,0
102,126,3,6,0,0,0.6,2.4,0,0
102,127,7,116.5,0,9.1,13.9,15.9,0,0
101,0,5,634,10,158,60,29.1,1,18
101,1,4,2359,1,788,66.1,3,5,436
101,2,6,1327.5,41.9,311,114,4,0,68
101,3,3,2636.5,118,637,206,42,6,269
101,4,3,33,1.3,5.7,1.4,2.8,0,0
101,5,1,14,0.6,2.4,0.6,1.2,0,0
101,6,2,75.5,0,5,19,1,0,0
101,8,2,38,0,4,10,0,0,0
101,9,6,880.5,9,112,139.9,65.1,4,0
101,10,1,66,1,2.3,18.6,0.5,0,0
101,11,6,579.5,2,65.9,92.1,38.9,1,6
101,12,7,298.5,0,73.8,33.2,9,0,0
101,15,3,90,0,13,19,2,0,0
101,16,3,131.5,7,8.4,30.4,3.2,0,0
101,18,5,335,3,48,48,24,1,0
101,19,5,271,13,47,40,1,0,0
101,20,4,1293,19,143,301,48,5,0
101,21,5,385,10,48,56.1,31.9,1,0
101,23,1,1,0,0.2,0.1,0.1,0,0
101,25,3,44.5,0,4,9,1,0,0
101,26,8,855.5,45.9,117,105.9,38.2,0,115
101,27,3,97,0,34.2,3.4,0,0,0
101,28,2,78,0,13,13,0,0,0
101,32,5,136,1,12,26.9,11,0,0
101,33,3,29.5,0,3,4,7,0,0
101,34,1,7,0,0.5,0.2,2,0,0
101,35,1,4,0,0.2,0.1,1.2,0,0
101,36,2,5,0.1,0.3,0.6,1.3,0,0
101,38,1,4,0,0.2,0.7,0.5,0,0.3
101,39,3,14,0,0.8,2.4,1.6,0,1
101,40,4,23.5,0.8,2.1,2.8,3.5,0,0
101,41,8,421,3,23.9,91.1,21.9,1,22
101,43,2,9,0,0,0.5,3,0,0
101,44,1,4,0.1,0.3,0.6,0.5,0,0
101,45,4,9.5,0.1,0.7,1.5,1.2,0,0
101,46,3,8,0.2,0.5,1.1,1.1,0,0
101,49,3,17,0.9,0.9,1.8,3.2,0,0
101,50,1,4,0.1,0.6,0.1,0.4,0,0
101,51,2,7,0.3,1,0.1,0.7,0,0
101,52,1,19.5,0,0.4,1.2,5,0,0
101,53,1,3,0,0,0.2,0.8,0,0
101,55,1,2,0,0.1,0.1,0.5,0,0
101,56,4,14.5,0,1.5,0.5,3.7,0,0
101,57,1,3,0,0.3,0.1,0.8,0,0
101,58,2,4,0.2,0.2,0.4,1.2,0,0
101,59,5,17,1,0.4,1.8,5.3,0,0
101,60,5,19,0,1.3,0.4,4.6,0,0
101,61,5,158,0,5.5,39.6,7.5,0,12
101,62,1,1,0,0,0,0.3,0,0
101,63,3,10,0,0.4,0.2,2.6,0,0
101,65,4,35,0,0,8,6,0,0
101,66,3,17,0.3,1.4,2,2.6,0,0
101,67,8,410,3,32,97.9,28,0,15
101,68,6,31,0,0.8,6.2,6.1,0,0
101,69,2,8,0.9,0,0.3,1.7,0,0
101,70,11,48,1.9,5.9,3,8.3,0,0
101,71,6,19,0.3,1.1,2.5,5.5,0,0
101,72,5,20,0.4,1.6,1.7,4.1,0,0
101,73,6,19,0.3,1.6,1.6,3.8,0,0
101,74,10,123,1,4,19.1,14.8,0,0
101,75,6,40,0,6.9,2.9,8,0,0
101,76,11,53,0,6.1,1.8,15,0,0
101,77,10,59,1.1,3.3,5.8,8.8,0,0
101,78,4,24.5,0.5,2.4,1.1,6.3,0,0
101,79,3,6,0.1,0.6,0.2,1.6,0,0
101,80,18,131.5,3,13.7,13.1,21.2,0,0
101,81,12,363.5,5.1,13,73,47.9,0,4
101,82,4,11,0,0.4,0,4.9,0,0
101,83,2,5,0,0.1,0,2.3,0,0
101,84,1,2,0,0.2,0,0.6,0,0
101,85,1,2,0,0.2,0,0.6,0,0
101,86,1,9,0,0.4,1.7,2.4,0,0
101,87,8,166,0.8,4.9,37.1,35.1,0,19
101,88,7,58,2.1,5.2,9,5.8,0,0
101,89,9,46,0,5,6.2,11,0,0
101,90,4,7,0.1,0.2,0.7,1.8,0,0
101,91,6,80,0.9,3.1,15,14.9,0,6
101,92,4,11,0.5,1.7,0,3.5,0,0
101,93,4,14,0.7,2.1,0,4.5,0,0
101,94,9,50,3,7,4.1,10,0,0
101,95,6,23,1.4,0.8,1.5,6.5,0,0
101,96,2,16,0,0.7,0.4,5.8,0,0
101,97,2,9,0,0.5,0.2,3.2,0,0
101,98,8,41,0,11.6,1.9,4.3,0,0
101,99,12,164.5,3.9,13.1,27.9,30.2,0,9
101,100,12,81,0.7,8.1,8.1,19,0,0
101,101,10,52,0.9,3.1,1.2,19.8,0,0
101,102,8,29,0,1.6,1.9,12.2,0,0
101,104,6,71,0,5.1,14,8,0,1
101,105,8,48.5,0,8.1,4,9.9,0,0
101,106,10,75,0,6.1,10.9,14.2,0,1.4
101,107,11,138,3,6,16.2,23.9,0,3
101,108,1,1,0,0.1,0,0.3,0,0
101,109,11,123,3.2,4.8,12.1,34,0,1
101,110,4,15.5,0,0,1.2,5.2,0,0
101,111,1,11,0,0,0.9,3.7,0,0
101,112,1,2,0,0.2,0.1,0.5,0,0
101,113,3,18,0,2.3,0.8,4.3,0,0
101,114,7,49,0,2.9,4,19.1,0,0
101,115,11,46,0.9,3,6.1,8.1,0,0
101,116,6,38,0,1.9,6.1,8,0,0
101,117,5,26,0.3,0.4,3.6,5.3,0,0
101,118,8,51,1,0,8.1,12.9,0,0
101,119,7,31,0,2.5,4.4,6.9,0,0
101,120,4,25.5,0,2.7,0.8,7,0,0
101,121,3,22,0,2.3,0.7,6.1,0,0
101,122,3,11,0.2,0.2,0.9,2.4,0,0
101,123,3,36,0.8,0.8,3,7.6,0,0
101,124,1,2,0,0.2,0.4,0.1,0,0
101,126,1,2,0,0.2,0.1,0.5,0,0
101,127,7,35,0.8,2.9,1.9,8.6,0,0
106,0,3,518,2,4,207,22,0,13
106,1,2,417,0,1,160,0,0,8
106,2,2,80,2,5,7.1,12,2.3,0
106,3,10,355,8.2,32.7,43.9,44.2,1,0
106,4,14,164,1.9,19,17.9,22.1,0,0
106,5,5,41.5,1.1,1.9,5,7,0,0
106,6,8,111.5,0.8,8,19.1,8.1,5,0
106,7,5,62,1,9,6.1,4.9,0,0
106,8,5,87,0,6.1,10.4,12.8,0.6,0
106,9,3,28,0,1.8,3.6,4.3,0.3,0
106,10,5,113,4,8,10,18.9,4,0
106,11,3,14,0.3,2.1,0.5,3.3,0,0
106,12,7,97.5,2.9,8.1,19.1,5.9,0,0
106,13,4,1462,50,105,303.1,122.9,0,22
106,14,5,797,44,85,115,19,1,18
106,15,7,1422,38,88,250,86,5,49.1
106,16,9,777,19.9,154,70,25,2.9,78
106,17,10,828.5,32,81,154.1,2.8,13.1,57
106,18,5,148.5,5,4,27.1,24,0,0
106,21,3,78,1.9,16.1,7,2,0,0
106,22,6,637.5,15,49.9,105,84.1,1,0
106,23,2,26.5,1,4,3,3,0,0
106,28,1,4,0,0.2,0.9,0.4,0,0
106,30,3,19,0.6,2.7,2.2,1.6,0,0
106,31,10,162,3.1,14.1,36.9,10.5,0,26
106,32,15,450.5,16.2,39.1,36,86.8,3,0
106,33,8,244,3.1,34,36.9,11.9,0,1
106,34,3,18,0,1.1,3.8,2.1,0,0
106,35,3,24.5,0,1.5,5.1,2.9,0,0
106,36,8,39,0,3.3,6.2,4.9,0,0
106,37,3,23,0,1.8,3.6,3.1,0,0
106,38,2,8,0,0.3,0.8,2.2,0,0
106,39,2,6,0,0.2,0.6,1.7,0,0
106,40,4,11,0.4,0.5,0.8,3.5,0,0
106,41,3,10,0.4,0.4,0.7,3.2,0,0
106,42,6,1499.5,60.7,179.2,268,175,0,167
106,43,9,359,4,16.9,89.9,16.1,0,7
106,44,1,1,0,0.1,0,0.2,0,0
106,45,1,4,0.2,0.3,0.1,0.6,0,0
106,46,1,2,0,0.1,0.1,0.7,0,0
106,47,4,15,0.2,0.4,0.9,5.4,0,0
106,48,4,11,0,0.6,1.6,2.8,0,0
106,49,1,2,0,0.1,0.3,0.5,0,0
106,50,3,16,0.8,1,1.4,3.2,0,0
106,51,1,1,0,0.1,0.1,0.2,0,0
106,53,3,10,0,0.5,0.9,2.7,0,0
106,55,1,2,0,0.1,0.2,0.5,0,0
106,56,5,42,1.1,0,10.9,7,0,9
106,57,3,50.5,0,1.9,16.3,1,0,6.7
106,58,3,12,0.4,0.8,1.1,2.2,0,0
106,59,3,70,0,28,1.1,0.9,0,0
106,60,12,457.5,6.8,61.2,92.9,11.2,0,20
106,61,10,79.5,0,10.8,11.9,6.1,0,0
106,62,2,5,0.2,0.4,0,1.8,0,0
106,63,5,29,0,1,1.9,9.2,0,0
106,64,6,155,3,25,27,7.9,0,7
106,65,8,180.5,7.1,37,23.9,2.9,0,0
106,66,10,223.5,0.8,25.1,44,13.3,0,0
106,67,12,163,2.2,20.2,25.9,11.8,0,0
106,68,2,11.5,0.4,1.2,1.3,1.6,0,0
106,69,2,9,0.3,0.9,1,1.3,0,0
106,70,12,103,3.2,12.8,17,10.1,0,0
106,71,11,137.5,2.7,20.1,16.1,18,0,0
106,72,11,88,1.1,13,6.7,16.1,0,0
106,73,7,34,0,2.5,0,7.9,0,0
106,74,10,65,0,9.1,4.9,13,0,0
106,75,9,86,1.9,9.9,11.9,11.2,0,0
106,76,6,16.5,0.7,1,1.5,4.3,0.1,0
106,77,8,54.5,2.4,3,4.7,13.8,0.7,0
106,78,6,105,0,9.2,24.9,4.9,0,0
106,79,10,449.5,2.9,31.1,106,16,0,0
106,80,4,187.5,4.1,5.9,81.1,18.9,0,51
106,81,3,37.5,0.9,8,5.3,0.8,0,0
106,82,2,5,0,0.2,1.3,0.5,0,0
106,83,1,2,0,0.1,0.5,0.2,0,0
106,85,2,22,1,1,1.8,4.3,0,0
106,86,2,9,0,0.4,1.2,2.7,0,0
106,87,3,14,0,0.6,1.9,4.2,0,0
106,88,10,68,1.2,6,10.1,9.9,0,0
106,89,4,18,1.1,0.5,1.7,3.8,0,0
106,90,1,9,0,0.3,0.3,3.7,0,0
106,91,3,7.5,0,0.2,0.3,3.1,0,0
106,92,3,5,0.2,0.3,0.5,1.2,0,0
106,94,1,1,0,0.1,0.1,0.2,0,0
106,95,3,10,0.3,0.7,1,2.5,0,0
106,96,3,5,0.1,0.1,0.1,1.8,0,0
106,97,9,35,2,1,1,11,0,0
106,98,1,9.5,0.4,1.1,0.4,4.1,0,0
106,99,1,4,0.1,0.5,0.2,1.7,0,0
106,100,10,39.5,0,2,0.9,19.1,0,0
106,101,3,17,0.3,0.5,0.5,6.2,0,0
106,103,3,7,0.3,0.4,0,2.4,0,0
106,104,11,41,0,4.1,4.1,8.7,0,0.9
106,105,11,64.5,0,10.1,8.1,14,0,3
106,106,8,29,0,1,1.9,12.1,0,0
106,107,12,64,2,2.4,2.8,17.9,0,0
106,108,7,27,1.9,0,1,13.2,0,0
106,109,8,29,0,2,2.2,8,0,0
106,110,17,162.5,5.9,13.1,20.7,25.3,0,6.9
106,111,8,67,1.1,6.1,4.9,15.9,0,0
106,112,9,89,3.2,2.3,21.6,10.4,0,6.3
106,114,1,4,0,0.3,0.2,1,0,0
106,115,5,26,0,5.1,2,4.9,0,0
106,116,2,9,0,0.2,0.3,3.1,0,0
106,117,5,47,0.8,1.1,7.1,7,0,0
106,118,7,155.5,5.1,18.8,11,48.1,0,11
106,119,12,64.5,0.6,1.1,6.9,15.1,1.5,0
106,120,7,34,0,3,2,10.1,0,0
106,121,4,12,0,0.5,1.2,4.1,0,0
106,122,3,4,0,0.7,0,2,0,0
106,123,4,9,0,1.5,0,4.5,0,0
106,124,3,19,0,1.2,2,3.7,0,0
106,125,6,243,2.1,25.1,35.9,40,0,14
106,126,4,18,0,0,0.8,7.2,0,0
106,127,11,59,2,3.9,2.1,19.1,0,0
110,0,2,709.5,0,0,229,1,1,44
110,2,1,2,0.1,0.2,0.2,0.6,0,0
110,3,4,35,1.9,2.7,3.6,10.7,0,0
110,4,7,111,2,12.9,14,16,0,0
110,6,3,15.5,0,3.6,1.2,0.3,0,0
110,7,5,108,0.9,11.1,18,13,0,0
110,8,4,36.5,0,5.6,3.9,3.8,0,0
110,10,13,168,6.1,16.8,11.9,26.1,1,0
110,11,14,576,8.7,76.2,105,19.1,0,7
110,12,10,1415,72.8,224.2,204.9,133,1,98
110,13,7,49,0,14,3,2.1,0.8,0
110,14,4,64.5,2,10,2,4.9,3,0
110,16,3,12,0.2,0.3,2.2,1.4,0,0
110,20,1,14,0.7,1.3,2,1.8,0,0
110,21,11,234,7.2,17.8,32.9,34.3,1,0
110,22,7,69,6.3,4.8,12.6,1.7,0,0
110,24,1,3,0.1,0.2,0.5,0.3,0,0
110,25,2,8,0.2,0.6,1.3,0.9,0,0
110,26,5,121.5,2.6,4.6,24.3,11.7,0,1.6
110,28,4,21,0.7,0.8,7.7,0.6,0,7.5
110,30,6,31.5,2,2.2,7,1.7,1,0
110,31,3,75.5,7.1,6.9,13,2,0,0
110,32,7,91.5,8.8,3.8,10.3,8,0,0
110,33,2,861,37,71,176,35,0,15
110,34,7,977,29.9,76.1,186.9,129.2,9,62
110,35,4,462.5,10,54,49,52,0,0
110,36,1,6,0,0.9,0.8,0.7,0,0
110,37,6,34.5,0,5.1,4.5,4.2,0,0
110,39,1,3,0.1,0.4,0.2,0.5,0,0
110,41,1,6,0.3,0,0.3,1.7,0,0
110,42,2,4,0.2,0,0.2,1.2,0,0
110,44,8,34,0,3.4,1.4,9,0,0
110,45,6,37,0,2.3,4.9,9.9,0,0
110,46,5,85.5,0,11.9,9,13,0,0
110,47,2,8,0,0.6,1,2.2,0,0
110,48,5,29,0,0.7,1.9,9,0,0
110,49,4,13,0,0.3,0.9,4,0,0
110,50,7,196,6,21,41,9,0,8
110,51,6,41.5,0,2.6,2,10.1,0,0
110,52,6,26,0,0.4,3,5.9,0,0
110,53,4,17,0,0.4,1.8,3.9,0,0
110,54,4,24.5,0.3,1.4,3.8,4.7,0,0
110,55,8,83,0.5,2.8,18.8,9,0,0
110,56,6,54,0.5,4.6,11.7,4.4,0,0
110,57,3,13.5,0.3,1.2,1.8,2.8,0,0
110,58,1,1,0,0.1,0,0.4,0,0
110,59,3,16.5,0,1.7,0,6.2,0,0
110,60,2,8,0,1.1,0.5,2.1,0,0
110,61,3,16,0,2.1,1.1,4.1,0,0
110,62,4,1647.5,81,457.1,201,18,0,285
110,63,4,1422.5,38.1,215,374,34.9,1,152
110,64,3,1884.5,96.9,363,260.1,100,0,39
110,65,2,1983,181,268,320,117,0,137
110,66,9,978.5,10.9,22.1,340.8,14,0,68
110,67,11,56.5,9.2,5.9,0.7,7.1,0,0
110,68,10,60,3.2,5,6,15.8,0,0
110,69,5,45.5,3.2,1.9,5,2.9,0,0
110,70,9,121.5,5.5,11.5,12.5,15.9,0,0
110,71,1,6,0.3,0.4,0.6,1.1,0,0
110,72,2,7,0,0.5,0.5,1.6,0,0
110,73,5,35,0,2.4,2.7,8.3,0,0
110,74,13,234.5,0,18.8,32.2,34.1,1,2
110,75,6,115,1,8,20,14,0,0
110,76,5,63,0.9,5.1,6,9,0,0
110,77,14,174.5,1,9.7,31.2,27.3,0,0
110,78,1,19,0,0,2.2,5.1,0.7,0.7
110,79,8,200.5,2,5,49.8,13.1,0,11.1
110,80,7,247.5,3,29,26.2,41.2,0.7,7.2
110,82,1,2,0,0.1,0.2,0.4,0,0
110,83,12,87.5,0,3.5,9.2,17.3,1,0
110,84,10,268,8.1,15,66.8,15.1,0,7
110,85,11,68,0,6.8,9.3,8.1,0,0
110,86,7,30,0,1.3,0,9.7,0,0
110,87,3,11,0,1.4,0.4,3.2,0,0
110,88,4,33,0,5.1,2,4.6,0,0
110,89,5,17.5,1,1.9,5.1,3.1,0,0
110,91,8,27,0,0,0.5,12.2,0,0
110,93,2,13.5,0,0.8,1.1,4.9,0,0
110,94,4,29,0.5,1.1,3.8,5.4,0,0
110,95,3,9,0.2,0.4,1.2,1.6,0,0
110,96,4,6,0.2,0.4,0,2.4,0,0
110,97,5,15,0.6,0.7,0,5.9,0,0
110,98,4,19,0.4,1.8,0.8,5.3,0,0
110,99,1,2,0,0.2,0.1,0.6,0,0
110,100,2,2,0.2,0,0.2,0.6,0,0
110,101,8,30.5,1.9,1.4,2.1,8.9,0,0
110,102,5,9,0,0.9,0.9,2.7,0,0
110,103,9,47.5,0.7,5.1,4.4,13.5,0,0
110,104,7,318.5,6.8,28.1,58.1,62.9,3.1,37
110,105,14,167,11,20,26,22.2,0,13.2
110,106,8,24,1.8,1,2.2,9.8,0,0
110,107,6,13,0.9,0.9,1.4,3.2,0,0
110,108,1,3,0,0.1,0.4,0.8,0,0
110,109,4,16,0,0.3,2.3,4.1,0,0
110,110,2,14,0,1.4,1.8,2.5,0,0
110,111,2,9,0,0.9,1.2,1.6,0,0
110,112,13,170,12.1,15.9,20.3,21.8,0,0
110,113,9,40,3.1,8.9,0,5.8,0,0
110,114,5,178.5,14.1,13.8,19.1,33,0,0
110,115,16,189,4.1,23.1,26,30.1,0.7,4
110,116,15,125.5,1.3,11,18,25.8,0,0
110,117,6,49,1,0,9.8,10.6,0,0
110,118,12,61.5,1.1,2,6.8,16.1,0,2.7
110,119,10,20,0,1.7,1.7,10.3,0,0
110,120,4,6,0.2,0.4,0.4,1.8,0,0
110,121,8,23,0.8,1.1,1.6,7,0,0
110,122,7,45,0,2.1,9,6.9,0,0
110,123,7,17,0.2,0.9,3.2,4.2,0,0
110,124,1,5,0.1,0.3,0,2,0,0
110,125,5,12,0.4,0.7,0,4.8,0,0
110,126,2,3,0.1,0.3,0.2,0.9,0,0
110,127,9,35,1,0,2,10,0,0
103,0,3,3055.5,1,897,324,8,15,628
103,1,1,6,0.1,0.8,0.6,0.4,0,0
103,2,1,2,0,0.4,0.1,0.1,0,0
103,3,1,10,0.2,1.9,0.6,0.4,0,0
103,5,3,40,1,5.8,5.8,2,0,0
103,6,1,2,0.1,0.1,0.3,0.4,0,0
103,7,5,205,4.4,31.8,22.5,14.8,0,0
103,8,3,16,0.5,0.5,2.7,2.6,0,0
103,9,2,8,0.2,0.2,1.4,1.4,0,0
103,11,4,12,0.4,0.4,2,2,0,0
103,12,2,535.5,2,54.6,107.2,9.1,0,0
103,13,9,784.5,1,82,162,9.9,0,0
103,14,3,1058.5,35,190,131.1,8,1,10
103,15,5,1548.5,30.8,190.1,236,49,2,0
103,16,4,715.5,8,26,181,3,1,0
103,19,5,20,0,1.6,3.9,1.5,0,0
103,22,5,18,0.5,3.6,0.6,2.2,0,0
103,23,0,31,0,4,7,0,0,0
103,26,2,266,0,8,49,6,0,57
103,27,5,402.5,3,94.9,7.1,9,0,89
103,28,1,16,0.4,2.6,0.9,1.7,0,0
103,30,5,225.5,5,12.7,32.3,27.6,0,0
103,32,6,132,1,13.8,26,3.2,0,6
103,33,4,83,1,11,18,1,0,0
103,36,1,3,0.1,0.2,0.4,0.7,0,0
103,38,2,3,0,0.2,0.4,0.8,0,0
103,40,2,5,0,0,0.3,1.7,0,0
103,41,3,8,0,0,0.5,2.7,0,0
103,42,1,2,0,0,0.1,0.7,0,0
103,43,1,2,0,0,0.1,0.7,0,0
103,45,3,11,0.1,0.2,0.9,2.8,0,0
103,47,4,33.5,0.4,0.8,2.6,8.6,0,0
103,48,2,6,0.2,0.9,0.3,1.2,0,0
103,49,2,4.5,0.1,0.6,0.3,0.9,0,0
103,50,1,1,0,0.1,0.1,0.2,0,0
103,51,1,2,0.1,0.1,0.2,0.4,0,0
103,52,3,9,0.2,0.6,0.3,2.2,0,0
103,53,2,87,0.1,1.4,29.1,1.3,0,29
103,54,6,127.5,16,9,19.1,19.9,0,9
103,55,1,14.5,0.4,0,0.7,2.9,0,0
103,57,2,5,0,0.3,0.2,1.5,0,0
103,58,5,11,0,0.9,0.4,3.1,0,0
103,59,1,2,0,0.1,0.1,0.6,0,0
103,60,3,8,0,0.5,0.6,2.1,0,0
103,61,1,5,0,0.3,0.4,1.3,0,0
103,62,6,37,2.9,2,0,9,0,0
103,63,4,35,0,6.3,1.3,7.5,0,0
103,64,5,52,0,3,4,12.1,0,0
103,65,9,72,0,13.9,15.2,3.9,1,10
103,66,5,229,3,11,53,21,0,4
103,67,18,386.5,6.1,33.1,70,25.8,0,18
103,68,6,27,1.2,2.6,0.6,7.6,0,0
103,69,3,14,0.6,1.4,0.3,3.9,0,0
103,70,8,67,2,8.1,3.9,12,0,0
103,71,12,82,4.1,8,8.2,16.8,0,0
103,72,5,25,0,3.2,2.5,2.9,0,0
103,73,5,37,0.9,7.1,1,7,0,0
103,74,6,23,0,0.3,0.7,9.2,0,0
103,75,4,17,0,0.2,0.5,6.8,0,0
103,76,5,22,0,1.3,1.6,6.2,0,0
103,77,8,36,0,1.9,0.9,12.1,0,0
103,78,5,30,1.1,0,4.9,6,0,0
103,79,4,14,0,1.8,0,4.3,0,0
103,80,6,71.5,1.9,6.8,7.6,11.8,0,0
103,81,6,13,0.5,1.3,1.3,2.1,0,0
103,82,5,22,0.7,0,2.3,7,0,0
103,83,7,33,0,0,1.1,10,0,0
103,84,7,59,0,1.9,5.1,13,0,0
103,85,6,24,0.7,1.2,3,4.7,0,0
103,86,4,12,0,1,0,3.8,0,0
103,87,5,21,0,1.6,0,6.8,0,0
103,88,6,26,0,1.4,2,6.8,0,0
103,89,1,4,0,0.2,0.3,1.1,0,0
103,90,6,21,0,1.3,1.8,6.3,0,0
103,91,3,5,0,0.2,0.4,1.5,0,0
103,92,7,16,1.2,0.5,0.4,4.8,0,0
103,93,5,14,1.1,0.5,0.2,4.2,0,0
103,94,12,226.5,22,20.9,24.9,53.5,0.8,15
103,95,5,13,0.2,1.6,1,2.9,0,0
103,96,3,5,0,0.2,0.3,2,0,0
103,97,2,6,0,0.4,0.4,2.3,0,0
103,98,3,19,1,2.1,1.1,5.8,0,0
103,99,6,17,0.9,2,1,5.1,0,0
103,100,11,53,1,3.2,5.8,12.9,0,0
103,101,7,20,0,2.4,2.6,7.1,0,0
103,103,1,4,0,0,0.2,1,0,0
103,104,2,4,0,0,0.6,1.2,0,0
103,106,8,23.5,0.6,0,3.4,6.9,0,0
103,107,8,22,0,2,2.2,7.7,0,0
103,108,7,36,5.8,1.3,1.6,7.3,0,0
103,109,1,14,2.2,0.4,0.7,2.9,0,0
103,110,4,14,0.4,2.8,2,2.8,0,0
103,113,1,3,0,0.4,0.1,0.7,0,0
103,114,6,26,0.9,0,2,11,0,0
103,115,7,33.5,1,2,3,11,0,0
103,117,11,155,1.9,23.1,15.7,19.1,1.1,5
103,118,1,2,0,0,0.3,0.4,0,0
103,121,9,52,2.1,7.9,0,11.9,0,0
103,122,7,52,1.1,5.8,5,13.1,0,0
103,123,7,38,0.8,4.4,1.6,9.7,0,0
103,124,2,10,0.2,0.3,0.4,3.5,0,0
103,126,4,6,0,0,0.6,2.4,0,0
103,127,3,21,0,0,1.9,8.3,0,0
114,0,3,22,0.4,2.2,3.1,2.7,0,0
114,1,9,750.5,23.1,65.1,157.9,73.9,3.1,32
114,2,4,526.5,6.1,58.9,94.9,19.1,1,0
114,3,7,289,15,23.9,46.1,28.1,1,7
114,5,4,17,0,1.1,1.4,4,0,0
114,6,8,80.5,2.9,8.1,11.9,7.1,0,0
114,9,1,2,0.1,0.3,0.2,0.1,0,0
114,10,5,190.5,2,11.9,30.9,28.1,1,0
114,11,12,133.5,3,13.4,18.7,15.8,0.7,0
114,12,6,53,1.4,5,7.1,7.7,0,0
114,13,1,5,0.1,0.5,0.7,0.7,0,0
114,14,3,24,0.4,1.9,4.8,2,0,0
114,15,11,295.5,3.7,24,49.3,36.9,0,0
114,18,4,81,1.7,2.5,7.5,16.2,0,0
114,19,7,126,3,18.1,17,13,0,0
114,20,11,470.5,18.1,35.9,63,69,0,6
114,21,6,64,1,5,6.9,13,0,0
114,23,5,362,0,29,97,27,0,0
114,24,3,198,0,10,67,23,0,0
114,26,1,1,0,0.1,0.2,0,0,0
114,27,1,4,0.1,0.3,0.9,0,0,0
114,28,2,54,0.8,1.4,14.4,0.8,0,5.8
114,29,3,159,2,15,30,6,0,0
114,30,6,606,14,32,138.1,45,2,5
114,31,2,79,4,8,13.6,5,0,0
114,32,3,111.5,5,2,26.1,7.8,0,0
114,33,1,9,0,0,2.9,0.2,0,0
114,34,2,10,1,1.1,1.3,0.9,0,0
114,37,4,402.5,5.5,42.2,21.6,92.6,0,11
114,38,3,246.5,3.9,26.1,29,42,0,12
114,40,1,8,0.1,1,1.3,0.4,0,0.1
114,41,9,419.5,9.9,30.9,61.7,44.7,3,7.9
114,42,10,81,0,5.9,14.5,12,0,0
114,43,4,14,0,1.1,2.5,2,0,0
114,44,3,8,0,0.3,0.3,2.4,0,0
114,47,1,2,0,0.1,0.1,0.6,0,0
114,48,1,1,0,0.1,0.1,0.3,0,0
114,49,6,51.5,1.5,1.7,6.1,15.5,0,0
114,50,1,9,0.7,0.7,1.8,1.4,0,0
114,51,5,41.5,0,7,5,6,1,0
114,53,1,3,0,0.3,0.3,0.7,0,0
114,54,7,45,0,5.8,6.2,4.7,0,0
114,55,4,103,0,19.9,15,10,0,0
114,56,3,9,0.5,0.5,0.9,1.8,0,0
114,57,3,164,0,10,38,23.9,0,9
114,58,5,163.5,0,49.9,22,0,0,12
114,59,4,367.5,4,43.1,81.9,15,0,17
114,61,1,1,0,0.1,0.3,0,0,0
114,62,7,61,2.2,3,15.8,4,0,0
114,63,4,156,3,8,44,4,0,9
114,64,12,355.5,12.9,3,114.9,8,0,80.1
114,65,2,1229.5,14,93,367,13,0,203
114,66,7,1174.5,38.1,43.2,315.9,32.9,1,83
114,67,7,43,1,1.8,1,15.2,0,0
114,68,8,93.5,4,13,10,8,0,0
114,69,6,24,1.1,0,2,8,0,0
114,70,8,52,0,13,3,7.9,0,0
114,71,2,3,0,0.4,0.5,0.3,0,0
114,73,6,35,0.7,5.2,1.2,7,0,0
114,75,3,17,0,2.5,0.4,3.9,0,0
114,76,4,31.5,0,3.4,2.9,5.9,0,0
114,77,9,166.5,0,18.8,27.1,11,1,0
114,78,3,15,0,2.7,0.4,3.4,0,0
114,79,5,24,0,4.3,0.5,5.7,0,0
114,80,6,32,0,0,0,12,0,0
114,81,8,58.5,2.2,9.7,5,11.1,0,0
114,82,11,66,0.7,7,9,8.3,0,0
114,83,3,8,0.1,0.8,0.4,1.8,0,0
114,84,4,20,0,1.5,2.8,4,0,0
114,85,4,17,0,1.4,2.4,3.4,0,0
114,86,2,8,0,0.7,0.8,2.9,0,0
114,87,3,5,0,0.5,0.5,1.7,0,0
114,88,5,42,0,1,5,12,0,0
114,89,7,25,0,1,2,10,0,0
114,90,3,25,0,0.6,1.9,4.6,0,0
114,91,10,43.5,4.1,4.6,5.4,8.9,0,0
114,92,13,240.5,8.8,17.2,43.8,39,0,10.9
114,93,10,74,0,2.1,14.9,10,0,0
114,94,3,9,0,0.7,1.3,1.4,0,0
114,95,8,65,0.8,4.7,9.3,10.1,0,0
114,96,9,28,0,3,3.8,8.4,0,0
114,97,5,16,0,1.8,2.1,4.8,0,0
114,98,9,33,0,3.8,1.1,11.9,0,0
114,99,6,30,0.7,2.4,1.6,7.2,0,0
114,100,3,5,0.2,0.5,0.2,1.3,0,0
114,101,3,7,0.2,0.6,0.3,1.9,0,0
114,102,6,10,0,0.6,0.7,4.4,0,0
114,103,2,5,0,0.2,0.3,2.3,0,0
114,104,1,1,0,0.2,0.2,0.1,0,0
114,105,4,11,0,2.3,1.5,1.3,0,0
114,106,4,9,0,0.3,0.8,3.4,0,0
114,107,1,1,0,0,0.1,0.4,0,0
114,108,3,10,0.5,0.8,0.5,2.7,0,0.5
114,109,4,73,1,7,11.9,12.1,0,0
114,110,8,84,7,17.9,8.2,8,0,0
114,111,7,464,88.2,86.9,39.9,16.9,0,142
114,112,7,549,54,69.9,38.1,184,1,5.1
114,113,5,410,26,16,39.1,145.9,0,0
114,114,8,206.5,15,16,20.1,46,0,0
114,115,1,4,0,0.4,1,0.2,0,0
114,116,12,127,0.9,7.2,30.3,16.8,2,5.2
114,117,6,48,0.8,1.2,12,5,0,0
114,119,5,24,0.4,0.5,2.3,6.8,0,0
114,120,3,17,0.4,0,0.5,7.7,0,0
114,121,6,27,0.9,1.1,4,6.1,0,0
114,122,2,21,0,1.4,1,7.8,0,0
114,123,3,15,0,1,0.7,5.7,0,0
114,124,7,13,0,1.3,0,6.5,0,0
114,125,2,5,0,0.5,0,2.5,0,0
114,127,4,10,0,0.9,0.6,3.8,0,0
104,0,4,905,11,141.9,158,69.1,6,38
104,1,2,5.5,0.2,0.2,0.7,0.9,0,0
104,4,7,135.5,4,12,25,12,1.1,0
104,5,9,682.5,11.1,43.9,110.1,75,2,9
104,6,1,6,0.3,0.4,0.3,1.5,0,0
104,7,6,683,5.9,71,91.1,78.1,0,0
104,8,9,333.5,1.8,46.4,64,6.2,0,0
104,9,7,448,5.9,55.1,66.9,28.1,0,5
104,10,2,3,0,0.4,0.6,0.3,0,0
104,11,5,397.5,8.8,42.1,57.8,30.2,0,1
104,12,5,123,2,18.9,20,10,0,0
104,13,5,157,7,21.9,24,3,0,0
104,14,5,2946,111,763.9,219.9,81.1,4,585
104,15,8,1254,117,138,166,131,5,188
104,16,7,292,6.1,12.1,65.9,7.8,1,0
104,18,3,132,3.1,8,21,12.9,2,0
104,19,3,246,4,33,43,17,0,0
104,20,4,191,1,37,25.1,4.9,0,0
104,22,3,256.5,5,10,34,46,0,0
104,23,1,211.5,1.6,19.5,41.1,15.9,0,0
104,26,8,338,1,57.7,26.2,40.8,1,0
104,27,1,11,0,2.1,0.9,1.2,0,0
104,28,2,7,0,0.4,1.6,0.7,0,0
104,29,1,28,0,1.4,6.5,2.9,0,0
104,30,7,878,2,72.8,168.2,73,1,0
104,31,3,63,0,3,10.9,11.1,0,7
104,33,3,23,1.4,2.3,3.7,1.8,0,0
104,34,3,31,0,3.2,3.7,4.7,0,0
104,35,3,214.5,1,14,45,12,1,7
104,36,2,8,0,0.3,0.8,2.2,0,0
104,37,1,2,0,0.1,0.2,0.5,0,0
104,38,1,4,0,0.2,0.4,1.1,0,0
104,41,3,6,0.2,0.3,0.4,1.9,0,0
104,42,4,18,0.4,0.5,4,2.7,0,0
104,43,1,4,0.1,0.1,0.9,0.6,0,0
104,44,3,8,0.1,0.3,0.4,2.8,0,0
104,47,3,8,0.1,0.3,0.4,2.8,0,0
104,48,3,15,0.2,1.5,3.1,2.1,0,0
104,49,11,48,0.6,4.7,9.7,7,0,0
104,50,4,25,1.8,1.9,1.9,4.8,0,0
104,51,2,7,0.4,0.5,0.6,1.4,0,0
104,52,2,9,0,0.9,1.2,1.1,0,0
104,53,6,191,2,6.4,51.9,5.1,1,0
104,54,6,878,10,125,142,82,0,60
104,55,6,33,2.4,4,6.6,7.8,0,6.6
104,56,3,10,0,0.2,0.5,2.3,0.6,0
104,57,5,12,0,0.1,0.6,2.9,0.6,0
104,58,3,13,0,0.4,0.6,5.3,0,0
104,59,2,2,0,0,0.2,0.8,0,0
104,60,4,6,0.1,0.6,0.1,1.6,0,0
104,61,9,38,0.9,3.3,1.7,9.6,0,0
104,62,4,12,0.1,1,0.2,2.8,0,0
104,63,4,25,0.4,2,0.4,5.9,0,0
104,64,9,126,4.8,16,16.2,9,0,0
104,65,6,426,0,23,126.2,17.9,1,41
104,66,3,27,0.4,3.1,1.6,4.8,0,0
104,67,6,41,0.5,4.7,2.4,7.4,0,0
104,69,5,18,0,0.6,0.8,8,0,0
104,70,4,449.5,10,64.1,79,41,0,15
104,71,12,234.5,6.8,28.1,38,29.1,0,0
104,72,1,1,0,0.1,0,0.4,0,0
104,73,8,33,0,2.9,1,12.2,0,0
104,74,10,304.5,1,19.1,75,19.9,0,14
104,75,1,10,0.4,0.9,1.2,1.6,0,0
104,76,6,46.5,2,3,1,10.9,0,0
104,77,5,14,0.4,0.8,0,5.5,0,0
104,78,10,93,4,8,11,14,0,0
104,79,12,237.5,5.8,15,49.8,23.1,0,0
104,80,10,152,3.7,34.4,9.7,14.4,0,4.6
104,81,2,7,0.1,1.6,0.4,0.7,0,0.3
104,82,4,18,0.5,0.9,1.6,3.9,0,0
104,83,8,37,0.7,2.1,3.3,8,0,0
104,84,2,6,0,0.4,1.2,0.8,0,0
104,85,1,1,0,0.1,0.2,0.1,0,0
104,86,6,52,0,1,4.9,14.1,0,0
104,87,6,92,2,0.9,3,50.1,0,0
104,88,5,206,9.9,36.9,38.1,23.1,0,30.1
104,89,6,30,0,0,3,11,0,0
104,90,6,157,0.9,9.9,31.1,21.1,1.1,4
104,91,9,49,0,0.8,0,17.1,0,0
104,92,1,1,0,0,0,0.4,0,0
104,93,5,24,0,5.1,2.1,4.8,0,0
104,94,5,58,0,7.9,10,8.1,0,0
104,95,7,128,2,5.9,33.1,9,0,7.9
104,96,3,10,0,0.5,0.5,2.5,0,0
104,97,4,11,0,0.6,0.6,2.7,0,0
104,98,3,6,0,0.5,0,2.4,0,0
104,99,6,21,0,1.4,0,8.4,0,0
104,100,7,27.5,0.8,1.7,0,9.3,0,0
104,101,8,17,0.4,1.2,0,5.6,0,0
104,102,1,1,0,0,0.1,0.3,0,0
104,103,2,8,0,0.2,0.4,2.3,0,0
104,104,9,39,0.9,2,2.2,13,0,0
104,105,5,23,0.9,6,2.1,6,0,0
104,106,11,27.5,0,2.9,2,12,0,0
104,107,5,20,0,0.3,1,9,0,0
104,108,11,51,2.7,3.7,4,12.1,0,0
104,109,18,321,32.7,28.1,33,43.5,0,0
104,110,14,82,2.6,8.2,8.2,22,0,0
104,112,10,61,1.9,6.1,8.9,10,0,0
104,113,7,15,1.1,3,1.9,4.9,0,0
104,114,1,1,0,0,0.3,0.2,0,0.1
104,115,4,33,0,0,8,7.1,0,3.5
104,116,6,22,0,0.3,2.1,7.3,0,0
104,117,2,5,0,0.1,0.5,1.6,0,0
104,118,6,30,0.9,0,5.1,6.9,0,0
104,119,2,10,0.4,0.9,1.5,1,0,0
104,120,3,25.5,0,2,3.9,5,0,0
104,121,9,58,0.9,1.9,2.3,15,0,0
104,122,3,14,0,0.5,0,5.2,0,0
104,123,2,4,0,0.1,0,1.5,0,0
104,124,15,99.5,1.9,10.7,15.2,17.3,0,4
104,125,5,66,0,5,13.5,7.2,0,0
104,126,7,32,0.9,1.2,3.1,6.9,0,0
104,127,3,4,0.3,0.1,0.4,1.2,0,0
105,0,1,373,8.8,28.8,94.2,32.1,3,24
105,3,9,122,3.2,26.8,12.2,1.8,0,0
105,4,11,401,9.1,55,41.9,47,1,0
105,5,8,96,4.1,9.9,10.1,12.9,0,0
105,6,4,39,1.7,2.4,1.9,10,0,0
105,7,3,18,0.8,1.2,0.8,4.6,0,0
105,9,3,13.5,0.2,2.6,2,0.7,0,0
105,11,2,4,0,0.6,0.8,0.4,0,0
105,13,6,1118.5,37,170.9,159.2,19.9,0,12
105,14,5,1118,11.1,190,153,31,0,8
105,15,6,3057,260.9,251,566.1,281,6,115
105,16,6,2194,122,445.9,223.2,31.9,15,216.1
105,17,5,855,38,92,127.9,72.2,3.9,0
105,18,8,633,13,45,111.2,68.8,4,0
105,19,3,287,2,24,76,10,1,7
105,20,2,336,5,24,73,37,0,5
105,22,4,14,0.3,1.4,3,1.2,0,0
105,30,5,331,6.9,35.1,63.1,21.9,1,4
105,31,6,315,3,22,49.9,42.1,2,0
105,32,3,62.5,1.5,4.7,12.3,3.2,0,0
105,33,3,134,4,40,6,4,0,0
105,34,7,103,0,8.9,18,11,0,0
105,35,5,36,0,3.7,4.3,5.5,0,0
105,36,2,8,0,0.4,0.8,2.2,0,0
105,37,1,5,0,0.2,0.5,1.4,0,0
105,40,1,2,0.1,0.1,0.1,0.6,0,0
105,41,1,3,0.1,0.1,0.2,1,0,0
105,42,3,16,0.4,0.4,3.4,2.3,0,0
105,43,2,8,0.2,0.2,1.7,1.2,0,0
105,44,1,4,0.1,0.1,0.2,1.4,0,0
105,45,2,7,0.1,0.2,0.4,2.5,0,0
105,47,1,2,0,0.1,0.1,0.7,0,0
105,48,3,124,2,19,24,3,0,0
105,49,9,471,7.9,9,106.1,39,2,19
105,50,2,8,0.5,0.5,0.7,1.6,0,0
105,51,1,1,0,0.1,0.1,0.2,0,0
105,52,3,7,0,0.7,1,0.8,0,0
105,54,3,6,0.5,0.7,1.2,1.4,0,1.2
105,55,1,2,0.2,0.2,0.4,0.5,0,0.4
105,56,2,12,0,0.4,0.6,2.8,0.6,0
105,57,2,5,0,0.1,0.2,1.2,0.3,0
105,58,2,5,0,0.1,0.2,2.1,0,0
105,59,4,9,0,0.2,0.4,3.7,0,0
105,60,8,270,1,30.1,41.9,44.9,0,36
105,61,7,85,1,9,17,10,0,4
105,62,5,26,0.3,2.1,0.4,6.1,0,0
105,63,10,26,1.1,1.8,0,10.1,0,0
105,64,9,108,3.5,12.4,18.5,12.1,0,0
105,65,5,13,0.7,1.7,1.5,1.5,0,0
105,66,9,587.5,11,49.9,127.2,36,2,50
105,67,5,62.5,1,1.1,17.1,0.8,0,0
105,68,3,7,0,0.1,0.4,3.1,0,0
105,69,10,79.5,2.9,12.1,5.1,15.9,0,0
105,70,4,425,12,14,107.9,70.1,0,30
105,71,4,631,26,75,116,46,0,51
105,72,1,1,0,0.1,0,0.4,0,0
105,73,12,37,0,1.1,3.7,10,0,0
105,74,9,103,1.1,8,13.9,17,0,0
105,75,8,97,2.6,7,14.9,11.3,0,0
105,76,10,43,0,0.6,0.9,17,1.4,0
105,77,6,19.5,0.7,1.2,0,7.5,0,0
105,78,5,18,0.6,3.6,1,4.5,0,0
105,79,9,70.5,1,20.3,2.9,7.6,0,0
105,80,4,1504,87,184.1,404.9,146,2,238
105,81,10,386.5,15.9,42.1,99,21.1,0,28
105,82,7,129.5,2,13.1,23.2,8.8,0,0
105,83,7,69,3.8,2,4,21,0,0
105,84,10,456,5,32,98.9,39.1,0,29.1
105,85,12,81,0.8,5.6,15.8,10.8,0,0
105,86,9,87,2.8,3.2,11,14.9,0,0
105,87,5,198,4.1,5.9,41,30.1,0,0
105,88,6,27,2.4,3,2.5,4.8,0,0
105,89,2,7,0.6,0.8,0.6,1.3,0,0
105,90,6,25,1.2,0.6,1.4,8.3,0,0
105,91,6,17,0.8,0.2,0.9,5.8,0,0
105,92,4,23.5,0.4,1.1,0.4,8.3,0,0
105,93,5,23.5,0.4,0.9,0.6,8.4,0,0
105,94,12,44.5,0.8,2,2.6,12.4,0,0
105,95,5,21,0.4,0.9,1.3,5.8,0,0
105,96,8,168,0,5,34.1,15,0,4
105,97,3,13,0,0.8,0.9,3,0,0
105,98,5,27,0.9,0.9,4,5.1,0,0
105,99,1,3,0,0.2,0,1.2,0,0
105,100,5,28.5,0.9,2,0,8,0,0
105,101,8,33,0,1.1,0,13.8,0,0
105,103,7,30,0,0.8,1.7,8.3,0,0
105,104,13,59,0,5.9,3.2,18.8,0,0
105,105,8,43,1.9,10.1,2.1,9.8,0,0
105,106,2,12,0,0.3,0.6,5.4,0,0
105,107,4,12,0,0.3,0.4,5.6,0,0
105,108,2,3,0.1,0.2,0.3,0.7,0,0
105,109,6,85,4.1,11,13,8.9,0,6
105,110,14,127,11.8,13.3,2.7,35.2,0,0
105,111,7,34,0,2,3.1,14,0,0
105,112,11,88.5,2.8,10.9,12.2,16.1,0,0
105,113,13,62,3.1,3.4,6.8,14.9,0,0
105,114,2,3,0,0,0.8,0.6,0,0.3
105,115,6,58,1,5.9,4.9,8.2,0,3.1
105,116,3,5,0,0,0.5,1.7,0,0
105,117,2,10.5,0,0.3,1,3.4,0,0
105,118,8,33,1,3.1,3.8,9,0,0
105,119,6,37.5,1.6,3.1,5.6,3.8,0,0
105,120,5,19,0,1.1,0,5.7,0,0
105,121,5,17,0,1,0,5.1,0,0
105,122,2,6,0,0.2,0,2.2,0,0
105,123,1,3,0,0.1,0,1.1,0,0
105,124,4,26.5,0,2.1,5.4,2.9,0,0
105,125,9,72,0,6.1,5.1,25.9,0.9,0
105,126,13,117.5,1.8,7.8,23.1,15.1,0,0
105,127,4,19,1.4,0.9,1.8,5.7,0,0
111,0,0,54,0,0,12,0,1,4
111,3,1,2,0.1,0.2,0.2,0.6,0,0
111,4,4,16,0,1.2,2,2.8,0,0
111,5,3,14,0,0.9,1.9,2.3,0,0
111,6,1,62,0,9.5,2.8,7.6,0,0
111,7,3,128,0,25.9,13,13.1,0,0
111,8,9,153.5,0,13,19.8,29.1,0,0
111,9,1,2,0,0.3,0.2,0.2,0,0
111,10,9,167.5,7.9,15.1,20.1,21.9,0,0
111,11,10,284,10,14.1,65.1,31.7,0,2
111,12,10,1261.5,21.2,98.9,56.9,499.1,1,45
111,13,15,82,4.1,5.2,9.9,19,0,0
111,14,5,48,4.9,1.2,3,9,0,0
111,15,10,492.5,5,55,77.1,49.9,0,0
111,16,6,246,4.9,15.5,47.8,11.8,1,0
111,23,2,4,0.5,0.4,0.6,0.1,0,0
111,25,3,627,17.7,58.2,112.3,53.7,1,23
111,26,5,267.5,3,27.1,58,4,0,0
111,27,3,17,0.4,0.4,2.8,2.2,0,0.4
111,28,2,54.5,1.4,2.2,20.3,1.4,0,19.5
111,31,3,39,5,5,4,3,0,0
111,33,3,24,2.3,1,2.7,2.1,0,0
111,34,1,3.5,0,0.3,0.9,0.1,0,0
111,35,5,128,1,13.6,28.2,2.9,0,0
111,36,12,151,5.8,12.9,20,16.1,1.2,0
111,37,4,83,2,12,17.1,0.9,0,0
111,39,2,8,0.2,1.1,0.5,1.4,0,0
111,40,1,10,0.5,0,0.6,2.8,0,0
111,42,2,21,1.1,0,1.2,5.9,0,0
111,44,2,5,0,0.5,0.2,1.3,0,0
111,45,1,10,0,1,0.4,2.7,0,0
111,46,3,17,0,1.3,2.1,4.7,0,0
111,47,2,61,0,6,6,12,0,0
111,48,5,37.5,0,0.8,1.2,11,0,0
111,49,7,66,0,6.1,5,13.8,0,0
111,50,3,10,0,0.6,0.6,2.4,0,0
111,51,3,14,0,0.9,0.7,3.3,0,0
111,52,3,24,0,5,4.1,4,0.9,0
111,53,1,7,0,0.1,0.9,1.5,0,0
111,55,1,1,0,0.1,0.1,0.2,0,0
111,56,1,3,0.1,0.2,0.4,0.7,0,0
111,57,1,1,0,0.1,0.2,0.2,0,0
111,58,2,3,0,0.3,0,1.1,0,0
111,59,5,9,0,0.9,0,3.3,0,0
111,60,6,21,0,2.9,1.3,5.3,0,0
111,61,1,1,0,0.1,0.1,0.3,0,0
111,62,4,133.5,3.1,44.9,2,3,0,21
111,63,8,1057,86,200.9,122,59.1,0.9,6
111,64,0,3225,418,404,456,464,0,300
111,65,2,4170.5,626,529,555,543,1,699
111,66,10,1483,99,217,231.1,123.9,0,239
111,67,10,551,27,89.1,78.2,7.8,0,71
111,68,9,123.5,2,26.1,13,10.8,0,0
111,69,2,29,1,6,2,3,0,0
111,70,9,542,5,18.9,177.2,7.9,0,91
111,71,3,398,5,84,64,25,0,75
111,72,4,254.5,5,12.1,54.9,15.9,0,0
111,73,7,209.5,1,17.8,35.2,22,0,0
111,74,1,5,0,0,0.7,1.1,0,0
111,75,5,25,0,0,3.4,5.8,0,0
111,76,7,37,0,4,5.3,3.9,0,0
111,77,3,27,0,2.9,3.8,2.9,0,0
111,79,3,7,0,0,0.8,1.9,0.2,0.3
111,80,3,21,0,2.8,2.6,1.7,0.1,0.7
111,81,1,2,0,0.3,0.2,0.2,0,0.1
111,83,4,12,0,0.5,1.2,2.4,0.2,0
111,84,8,31,0,1.1,1.4,9.8,0,0
111,85,9,25,0,0.9,1.2,7.9,0,0
111,86,2,3,0,0.3,0.2,0.9,0,0
111,87,6,17,0,2,0.7,5,0,0
111,88,5,18,0,2.9,1.1,2.5,0,0
111,91,4,15.5,0,0,0.3,7.1,0,0
111,92,6,21,0,1.2,1.8,7.5,0,0
111,93,6,15,0,0.8,1.2,5.5,0,0
111,94,3,10,0.2,0.4,1.3,1.9,0,0
111,97,1,2,0.1,0.1,0,0.8,0,0
111,98,6,21,0.4,2.1,0.9,5.9,0,0
111,99,1,1,0,0.1,0,0.3,0,0
111,100,5,12,0.8,0.5,0.8,3.5,0,0
111,101,4,44,0,2,4,14.1,0,0
111,102,1,2,0,0.2,0.2,0.6,0,0
111,103,2,8,0.1,0.8,0.8,2.3,0,0
111,104,6,14.5,0,1.6,1.3,5.2,0,0
111,105,5,21,0,2.5,1.7,7.7,0,0
111,106,4,10,0.6,0.6,1.2,2.5,0,0
111,107,4,12,0.7,0.7,1.4,3.1,0,0
111,108,10,80,1.1,9.6,20.2,4.9,0,6
111,109,4,16.5,0,0.3,2.3,4.3,0,0
111,110,8,45,0,4.5,6.1,8,0,0
111,111,14,117,3.2,11.8,19,17,0,0
111,112,11,393.5,17.9,24.2,102.1,45,0,48
111,113,6,30,3,6,2,7.9,0,0
111,114,12,290,18,15,45.1,56.9,0,12
111,115,12,138.5,4.1,12.8,23,17.1,0,0
111,116,6,52,2,3,7,10.9,0,0
111,117,1,6,0.1,0,1.2,1.3,0,0
111,118,3,5,0,0.5,0.5,2.5,0,0
111,120,1,2,0.1,0.1,0.1,0.6,0,0
111,121,1,1,0,0.1,0.1,0.3,0,0
111,122,6,34,0.6,2,6.1,8.5,0,0
111,123,8,61.5,2.1,5.1,8,9,0,0
111,124,8,20,0.5,1.3,0,8,0,0
111,126,7,60,0,6,8.1,10.9,0,4
111,127,7,25,0.8,2.7,1,8,0,0
112,0,4,389,1,26.1,88,13.9,2,0
112,1,2,7,0.6,0.7,0.4,0.8,0,0
112,4,7,442,1,15.9,92.1,40,2,0
112,5,16,254,3.8,11,42.1,30,1,0
112,7,1,2,0,0.1,0.2,0.5,0,0
112,8,3,8,0.2,1.1,0.8,0.5,0,0
112,10,1,2,0.2,0.2,0.2,0.2,0,0
112,11,8,134.5,8.1,13.2,18.5,7,0,0
112,12,5,21,0.6,0.9,2.3,5.3,0,0
112,13,4,13,0.4,0.6,1.3,3.3,0,0
112,15,4,31,0,8,3,0,0,0
112,16,2,9,0.3,0.9,0.9,1.7,0,0
112,17,1,2,0,0.2,0.2,0.4,0,0
112,25,2,201,2,12,51,0,0,8
112,26,6,177,3,19.5,37.8,2,0,0
112,28,1,3,0.1,0.1,0.9,0,0,0
112,29,5,92.5,1.9,7.9,23,0,0,0
112,30,7,344,13,32,39.9,67.2,1,0
112,31,6,276.5,15.9,21.2,45,25.9,1,0
112,34,4,54,0.8,0.8,11.9,7.6,0,0
112,36,5,234.5,4.8,10.1,31.1,43,1,0
112,37,4,88,4.1,4.9,18.9,0,0,0
112,38,6,211.5,10.3,16.2,29.8,24.4,0,0
112,39,9,505,26,29,86,64.1,2,0
112,40,10,149.5,2,13,21.8,21,0,0
112,41,3,25,1,2.9,3.1,4,0,0
112,42,6,48,0.7,2.4,4,11.3,0,0
112,43,7,58.5,0,1,5,17.1,0,0
112,44,2,14,0,0,0.4,4.9,0.4,0
112,45,2,4,0,0,0,1.4,0.2,0
112,47,2,8,0,0.3,0.4,2.3,0,0
112,48,2,5,0.2,0.2,0.5,1.5,0,0
112,49,1,2,0.1,0.1,0.2,0.6,0,0
112,51,1,4,0.1,0.1,0.5,1.2,0,0
112,52,2,16,0,1.6,0.9,4.4,0,0
112,60,3,8,0.9,1.3,0.1,1.2,0,0
112,61,5,37,4.1,5.9,1,5.6,0,0
112,62,15,201.5,4.8,27.9,31.1,6.2,0,0
112,63,4,1755.5,321,71,217,91,1,256
112,64,3,2806,361,569,323,200,0,507
112,65,0,5399,505,443,592,1574,1,486
112,66,4,5490,1578,549,258,117,0,1383
112,67,6,619.5,95,134.9,46,8.1,0,112
112,68,4,285.5,18.9,30,38,24,0,0
112,69,6,741,17,95.9,143.2,40.9,0,6
112,70,8,731,35.9,68.2,176.9,40,1,7
112,71,7,293.5,6.9,7.1,124,22.8,0,74
112,72,10,205.5,0,34,22.9,24.9,0,0
112,73,3,13,0.3,2.6,1.5,0.6,0,0
112,74,1,4,0,0.6,0.1,0.9,0,0
112,75,2,3,0,0.5,0,0.7,0,0
112,76,4,10,0.4,1.5,0.5,2,0,0
112,77,3,11,0.3,1.6,0.5,2.3,0,0
112,78,1,5,0,0.3,0.6,0.8,0,0
112,79,4,31,0,2,3.9,4.6,0,0
112,80,3,14,0,0.4,0.4,4.4,0,0
112,81,5,16,0,0.4,0.6,5.1,0,0
112,82,4,16,0,0.7,1.2,5,0,0
112,83,1,2,0,0.1,0.2,0.6,0,0
112,84,4,14,0.4,0.7,0.8,3,0,0
112,85,5,28,0.8,1.2,1.8,6.1,0,0
112,86,6,49,3,0.8,6.1,8.1,0,0
112,87,8,34,0,1.8,4,6.4,0,0
112,88,1,3,0,0.2,0,1.3,0,0
112,89,1,1,0,0.1,0,0.4,0,0
112,90,4,22,0.2,1.5,0.2,9.3,0,0
112,91,5,8,0,0.6,0,3.4,0,0
112,92,8,20,2,0.8,1.2,6.9,0,0
112,93,3,8,0,1.1,0.5,2.6,0,0
112,94,1,1,0,0,0.1,0.3,0,0
112,95,8,35,1.3,0.8,1.6,9.2,0,0
112,96,6,40,1.3,4.9,3.1,5.7,0,0
112,97,6,14,0.5,1.6,1.2,2.1,0,0
112,98,2,7,0,0.9,0,2.2,0,0
112,99,1,3,0,0.4,0,0.9,0,0
112,100,2,5,0.2,0.6,0.3,1.5,0,0
112,101,6,25,0.6,3,1.7,7.7,0,0
112,102,3,5,0.2,0,0.5,1.3,0,0
112,103,4,14,0.5,0,1.4,3.7,0,0
112,104,10,36,0,7.2,0,7,0,0
112,105,4,8,0.3,1.2,0,3.2,0,0
112,106,3,7,0,0.5,0.2,2.1,0,0
112,107,3,13,0,0.8,0.5,3.9,0,0
112,108,13,165,3,10,39.9,17.1,0,10.2
112,109,11,70.5,2.7,11.9,12.6,8,0,2.6
112,110,12,118.5,1.2,16.9,20,11.8,0,0
112,111,16,193,2.1,17.9,37.2,20.8,0,0
112,112,13,450,19.1,73.9,69,43.9,0,27
112,114,10,443.5,34.1,57,70,75.9,0,13
112,115,8,38,6,3.8,3.2,9.1,0,0
112,116,12,83.5,0,2.9,13.8,16.3,0,0
112,117,2,3,0.2,0.3,0.3,0.7,0,0
112,118,6,30,0.6,2.8,2.9,4.8,0,0
112,119,3,13,0.2,1.2,1.2,2.2,0,0
112,120,4,31,0,0.9,3.2,7.4,0,0
112,121,12,98,2.1,5,11.1,19.9,0,0
112,122,10,243.5,4.8,28,54.1,35,2,38
112,123,11,107,4,9.9,12.3,27.9,0,1
112,124,6,20,0.7,1.4,0.9,5.9,0,0
112,125,3,16,0.5,1.2,0.7,4.6,0,0
112,126,6,14,0,1.4,0,5.8,0,0
112,127,6,31.5,1,1,2.1,9.8,0,0
113,0,4,20,1.8,1.9,1.2,2.4,0,0
113,1,10,67,0,3.2,6.9,14,2.1,0
113,2,2,6,0.6,0.6,0.3,0.7,0,0
113,4,4,160,0,4,37.9,4.1,1,0
113,5,9,128.5,0,8.9,14.8,24.1,1.2,0
113,6,4,426,7,26.9,52,65,0,0
113,7,4,36,0,2.6,2.7,8.5,0,0
113,9,1,8,0.3,1.1,0.9,0.4,0,0
113,10,1,9,0.8,0.8,1.1,0.7,0,0
113,11,13,246,5.1,22.8,33.9,37.4,0,0
113,12,1,1,0,0,0.1,0.3,0,0
113,13,2,9,0.2,0.4,1,2.3,0,0
113,15,8,176,0,17.1,24,20.9,0,0
113,17,7,65.5,1.3,7.9,5,15,0,0
113,18,3,169,3,15,32,11,0,0
113,19,4,46.5,5,6,2.1,5.9,0,0
113,20,7,146.5,7,14,7,23,0,0
113,21,7,430,6,31.2,77.9,37,1,0
113,29,3,255,6,17,66,30,0,0
113,30,1,4,0.2,0.6,0.6,0.1,0,0
113,31,9,210,4.9,23.5,42.4,6.7,1,0
113,32,3,92.5,0.5,1.5,11,23.9,1,0
113,33,1,21,0.4,0.5,3.1,3.1,0,0
113,34,1,10,0.1,0.2,2.2,1.4,0,0
113,35,4,86,1,0.9,14.9,13.1,0,0
113,36,1,1,0,0.3,0.1,0,0,0
113,37,2,38,1.9,10.8,1.9,0,0,0
113,38,3,23,0.9,1.9,3.1,2.5,0,0
113,39,6,206,5.9,22.3,37,14.9,0,0
113,40,9,513,12.1,64.9,64.7,55.2,0,25
113,41,9,70.5,3.1,8.9,7,7,0,0
113,42,1,3,0,0.2,0.3,0.7,0,0
113,43,1,9,0.1,0.4,0.8,2.1,0,0
113,44,4,19,0,0,0.4,6.7,0.5,0
113,51,1,2,0.1,0.1,0.2,0.6,0,0
113,52,4,19,0,1.9,1.1,5,0,0
113,53,1,2,0,0.2,0.1,0.6,0,0
113,55,3,14.5,0,1.4,0.9,3.9,0,0
113,59,1,3,0.2,0.2,0.2,0.6,0,0
113,63,5,1702,117,366.9,292,18,0,100
113,64,5,1621.5,292.1,102.9,301.9,73.1,1,219
113,65,6,4581.5,411.1,1675,266,98,1,1265
113,66,8,1562,281.1,261,160,49.8,2,400
113,67,7,378,16,97,25,10.1,0,7
113,68,7,27.5,1.1,6,1.1,3.9,0,0
113,69,5,38,1,8,6,2,0,0
113,70,12,85.5,3.2,15.9,8.9,6.9,0,0
113,71,5,127,4,18,18.1,10.9,0,0
113,72,10,167.5,2.8,30.7,21.2,7.6,0,0
113,73,1,2,0.1,0.4,0.2,0.1,0,0
113,74,3,9,0,1.4,0.2,2,0,0
113,75,7,60,0,10,4.2,8.9,0,0
113,76,10,71,0.8,14.2,3.9,12.1,0,0
113,77,9,26,0.7,4,1.1,5.4,0,0
113,79,4,11,0,0.7,1.5,1.6,0,0
113,80,2,2,0,0,0.2,0.6,0,0
113,81,6,30,0,1.9,4.1,6,0,0
113,82,5,44,0,0,7.1,8.9,0,0
113,83,4,10,0,0.2,0.8,3.2,0,0
113,85,1,3.5,0.1,0.1,0.2,0.8,0,0
113,86,4,18,0,0.9,2.2,3.3,0,0
113,87,1,6,0,0.3,0.7,1.2,0,0
113,88,2,5,0,0.3,0,2.2,0,0
113,89,4,8,0,0.5,0,3.5,0,0
113,90,5,19,0.1,1.2,0.2,8.2,0,0
113,91,6,12,0,0.9,0.1,5.1,0,0
113,92,4,21,0,2.8,1.5,6.5,0,0
113,93,11,74.5,0.9,3.2,16.9,7.1,0,0
113,94,4,10,0.4,0.1,0.5,2.6,0,0
113,95,7,26,1.1,0,5,5.9,0,0
113,96,1,1,0,0.1,0.1,0.2,0,0
113,97,2,9,0.3,1.1,0.7,1.3,0,0
113,98,4,9,0,1.2,0,2.7,0,0
113,99,3,6.5,0,0.8,0,2,0,0
113,100,1,7,0.2,0.8,0.5,2.2,0,0
113,101,2,5,0.2,0.6,0.3,1.5,0,0
113,102,2,8,0.2,0,0.8,2.2,0,0
113,103,1,3,0.1,0,0.3,0.8,0,0
113,104,6,12,0.3,1.9,0,4.8,0,0
113,105,6,13,0.4,2.1,0,5.2,0,0
113,106,7,22,0,1.3,1,6.5,0,0
113,107,6,24,0,1.5,1,7.1,0,0
113,108,3,16,0.5,2.8,2.8,1.9,0,0.5
113,110,11,106.5,1.1,10,20,17.9,0,0
113,111,8,149.5,24,6,36.3,7.9,0,29
113,112,11,100,5,8.1,13.9,20,0,0
113,113,5,83.5,8,9.1,8.9,16.9,0,0
113,114,20,308.5,16.1,20.5,48.1,58.1,0,0
113,116,2,4,0.3,0.3,0.4,1,0,0
113,117,7,75,3.5,4.8,8.1,15.2,0,0
113,118,7,32,0,3.8,3.1,8,0,0
113,119,6,35,1,4,3,11,0,0
113,120,3,14,0,0.4,1.4,3.5,0,0
113,121,4,22,0,0.6,2.2,5.4,0,0
113,122,9,81.5,3.9,6.1,16,6,0,0
113,123,10,141.5,7.1,31,9,13,0,2
113,124,3,7,0.2,0.5,0.3,2.1,0,0
113,125,5,20,0.6,1.5,0.9,5.8,0,0
113,126,11,69.5,4,0,7.8,15.3,0,0
113,127,3,9,0,0.8,0,3.8,0,0
99,0,3,15,0.7,1.2,1.5,1.9,0,0
99,1,3,48.5,0,5.1,7.1,4.9,0,0
99,2,5,2412.5,58.8,637.1,165.1,81,5,203
99,3,3,327,20,35,58,24,0,0
99,4,6,29,2.9,4.1,0.8,4.1,0,0
99,5,5,31,1.4,0,2.2,8.1,0,0
99,6,1,1,0.1,0,0.2,0.1,0,0
99,7,2,5,0.4,0.3,0.8,0.5,0.1,0
99,8,4,175.5,0,13.1,46.9,10,0,0
99,9,4,135.5,0.9,16,24.9,4.1,2.1,0
99,11,5,161.5,0,6.1,31,17.9,0,0
99,12,4,291,6.9,2,64,35.1,1,7
99,13,6,444,9,34,57.1,78,1,0
99,15,6,99,3.7,12.6,14.6,5.7,0,0
99,16,7,60,3.8,0.9,7.8,15.5,1.1,0
99,19,2,9,0.6,0.7,1.3,1,0,0
99,21,3,157,0.9,1.1,39,0,1,0
99,22,4,603.5,9.1,75.9,74.9,56,2,12
99,24,3,230.5,0.7,2.2,66.2,12.9,1,40
99,25,5,486,5,97.1,41,34,0,2
99,26,2,3,0,0.6,0.5,0,0,0
99,27,3,79.5,3,12.3,11.6,3,0,0
99,28,4,519.5,4,30.5,113.1,45.6,0,8
99,29,2,12,0,1.8,2.3,1.1,0,0
99,30,4,214,6.4,14.4,37.5,12.9,2.4,7
99,31,4,434,8.9,30,82,36.1,1.1,15
99,33,3,39,0.6,2.4,2.9,5.9,0,0
99,35,5,22,0.9,0.9,2.1,2.8,0,0
99,36,1,4,0.1,0.1,0.8,0.5,0,0
99,37,4,27,0.7,0.8,5.4,3.2,0,0
99,38,3,26,0.5,3,1.8,4.2,0.6,0
99,40,3,18,0.6,0.4,0.8,4.9,0,0
99,41,1,1,0,0,0.1,0.3,0,0
99,42,2,2,0,0.2,0.2,0.4,0,0
99,43,8,23,0.7,1.2,1.7,4.9,0,0
99,44,5,21,0,3.2,1.5,4.1,0,0
99,45,3,7,0,1,0.5,1.4,0,0
99,46,3,4,0,0,0.4,1.2,0,0
99,47,3,9,0.1,0,0.9,2.7,0,0
99,48,4,10,0,0,0.3,3.7,0,0
99,49,6,13,0,0,0.6,4.6,0,0
99,50,5,717.5,22,49.1,160.1,74.8,1,56
99,51,5,124,0,0,40,3.9,0,20
99,52,2,8,0,0,0.4,4,0,0
99,53,2,3,0,0,0.2,1.5,0,0
99,54,2,10,0,0.7,0.5,2.6,0,0
99,55,1,3,0,0.2,0.1,0.8,0,0
99,56,2,4,0,0.2,0.4,1.2,0,0
99,57,4,9,0,0.4,1,2.7,0,0
99,58,1,5,0.1,0.3,0.5,1.1,0,0
99,59,7,28,0.9,1.7,2.7,6,0,0
99,60,7,25,0.7,2.3,0,6.8,0,0
99,61,8,29.5,0.8,3,1,10.1,0,0
99,62,1,3,0,0.4,0.2,0.6,0,0
99,63,2,12,0,1.6,0.8,2.4,0,0
99,64,7,31,0,1.8,2.6,6.6,0,0
99,65,11,467,5.9,44,77.2,52.9,0,16
99,66,10,78.5,4.2,7,8,11,1,0
99,67,5,37,0.5,1.1,0.5,10.6,0,0
99,68,3,10,0.7,0.9,1,1.5,0,0
99,69,6,79,3,0,14,10,0,10
99,70,9,204.5,5.9,18.9,37.3,13.9,0,0
99,71,7,172,0.9,17.9,32,13.2,1,0
99,72,7,372,1,5.9,109.1,53,0,47
99,73,7,18,0.7,1.8,0,5.4,0,0
99,74,8,36,0.9,1,2,12.1,0,0
99,75,1,2,0.1,0.1,0.1,0.5,0,0
99,76,3,13,0.6,0,0.6,3.7,0,0
99,77,8,34,0,2.7,2,9.1,0,0
99,78,6,35,0,2,6.2,5.8,0,0
99,79,8,89,0,2,20,10.1,0,0
99,80,6,70,0,1.9,14,6.1,0,0
99,81,6,28,0,0.9,1.9,10.2,0,0
99,82,8,23,0,0.6,0,10.9,0,0
99,84,7,218,2,10.9,35.1,39,0,0
99,85,12,68,0,2.1,3.9,18.1,0,0
99,86,2,4,0,0.1,0.5,1.5,0,0
99,87,5,31,0,1.3,4,11.2,0,0
99,88,2,4,0,0.7,0,1.3,0,0
99,90,5,25,0.8,1.8,1,8,0,0
99,91,1,3,0.1,0.2,0.1,1,0,0
99,93,4,23,0,1.1,0.5,5.8,0,0
99,94,3,7,0,0.5,0.2,2.7,0,0
99,95,1,2,0,0.1,0.1,0.8,0,0
99,96,2,24,0.4,1.6,2.6,5.7,0,0.7
99,97,6,24,0.6,1.5,2.5,5.7,0,0.8
99,98,3,8,0.1,0.5,0.2,2.5,0.2,0
99,99,2,3,0,0.2,0.1,0.9,0.1,0
99,100,3,9,0,1.3,0.5,2.6,0.6,0
99,101,3,17,0,2.3,1.2,4.7,1.3,0
99,102,5,15,0,1.4,1.3,4.6,0,0
99,103,13,85.5,0,7.9,6.7,26.3,0,0
99,104,2,8,0.6,0.4,1.3,1.5,0,0
99,105,13,131.5,0,5.1,21,23.9,1,0
99,106,12,101.5,3.1,10.1,15,12.7,0,0
99,107,2,16.5,0,0.3,2.4,5.2,0,0
99,108,12,180.5,2.9,13.2,16.2,40.2,0.7,6.1
99,109,2,8,0,0.4,1.2,2,0,0
99,110,10,74,0,5.1,3.8,24,0,0
99,112,3,13,0,0.4,0.6,3.5,0,0
99,113,5,27,0,0.8,1.3,7.3,0,0
99,115,4,8,0.3,0.3,0.5,2.4,0,0
99,116,5,19,0.5,0,3.5,4.6,0,0
99,117,2,6,0.1,0,1.1,1.5,0,0
99,118,11,216,3.1,8,34.2,36.9,0,3.2
99,119,3,7,0,1.5,0,1.9,0,0
99,120,1,2,0,0.2,0.2,0.3,0,0
99,121,5,64,1.1,2.9,9,9,0,0
99,122,6,59,0,6.8,7.1,9.2,0,0
99,123,5,36,0.7,1.6,3,8.4,0,0
99,124,11,124.5,2,4.8,22.1,15.9,0,0
99,125,6,81,1,4.1,17,3.9,0,0
99,126,4,66,0,16,7.9,2.1,0,0
99,127,14,386.5,12.9,46.9,59,29.3,2.1,0
86,0,13,80,1.9,24,4.2,3.8,0,0
86,1,2,5,0,0.2,1.1,0.5,0,0
86,2,5,502.5,6,52,82.9,26,1,0
86,3,6,760,6.9,70,151.1,35,4,0
86,4,11,148,3,8,29.9,15.1,0,0
86,6,3,1272.5,4,231,209,11,0,45
86,7,5,1427,42.9,360.1,99.1,0,0,32
86,8,4,1068.5,42,68.1,253,5.9,0,62
86,9,2,4457.5,167,1021,491,114,2,786
86,10,2,8777,897,569,2166,75,61,953
86,11,0,5249.5,65,995,884,151,14,292
86,12,3,48.5,0,5,13,0,0,0
86,13,3,11,0.5,0,1.7,2.2,0,0
86,15,2,703.5,61,61,57,91,1,28
86,16,5,2153.5,167.9,119.1,487,85.9,0,124
86,17,8,2513,97.9,433,281,178,11,608
86,18,7,2254,160,167,396.1,157.9,2,329
86,19,7,4937,20,1459.9,158,37.1,9,1392
86,20,2,6739.5,696,598,1261,156,3,927
86,21,3,1442.5,120,119.9,191,56,0,59
86,23,9,746,26.2,100.8,90.1,80.8,0,31
86,24,11,926.5,23.9,104,182.7,58.3,8,0
86,25,2,22,1.3,3.8,1.6,0,0,0
86,26,2,10,0.3,0.7,1.8,0.5,0,0
86,29,2,290.5,0,5,86.4,0,0,0
86,30,5,413.5,3.1,7.9,140.1,10.9,0,105.1
86,31,1,4,0.1,0.3,0.5,0.6,0,0
86,32,4,121.5,1,22,18,0,0,5.1
86,33,6,407.5,0,5,136.1,4.9,0,48
86,34,3,4,0,0,0.5,1.5,0,0
86,35,1,5,0,0.1,0.7,1.8,0,0
86,37,1,8,0,1.4,0.4,1.3,0,0
86,40,4,29.5,0,3.5,1.3,6,0,0
86,41,2,7,0,0.8,0.4,1.4,0,0
86,42,2,13,2.3,0.3,1.3,0.8,0,0
86,43,2,540.5,12,100,75,9,1,2
86,44,10,598.5,11.2,19.8,144.2,70.8,1,55
86,45,8,62.5,0.9,8.1,6.2,7.7,0,0
86,46,1,2,0,0.1,0.3,0.4,0,0
86,47,2,6,0.1,0.3,0.9,1.2,0,0
86,48,3,16,0.2,0.2,0.5,4.6,0,0
86,49,6,42,0.7,0.7,1.2,11.9,0,0
86,50,9,29,0,2.1,2.6,7,0,0
86,51,4,14,0,1,1.3,3.3,0,0
86,52,11,626,11.7,84,75.4,105,0,14
86,53,8,38,0,5.9,7.2,2.9,0,0
86,54,3,10,0.7,0.7,0.8,2.6,0,0
86,55,2,4,0.3,0.3,0.3,1,0,0
86,56,4,233,2,15,44.9,30,0,4
86,57,15,71.5,1.7,6.1,4,17,0,0
86,58,7,39.5,0,5.1,0,11.8,0,0
86,59,3,14,0,0.4,1,4.2,0,0
86,60,7,260.5,4,18,48.1,21.9,0,0
86,62,1,2,0,0,0.1,0.7,0,0
86,63,5,22,0,0,0.5,7.7,0,0
86,64,7,31,0,3.1,4,4.9,0,0
86,65,15,139.5,0,10,17.9,24.1,0,0
86,66,4,11,0.1,0.6,1.1,2.1,0,0
86,67,1,1,0,0.1,0.1,0.2,0,0
86,68,4,7.5,0,0,0,3.1,0,0
86,69,9,148,2.1,10.8,26.2,18.8,0,20
86,70,2,11,0,1.4,1.6,1.2,0,0
86,71,6,190.5,1,21.8,43,12.1,0,0
86,72,11,623,4.9,66.9,151.1,34.2,0,45
86,73,4,1316,63.2,168.1,199,224.8,2,123
86,74,7,191.5,6.1,21,32.1,26.9,0,7
86,75,8,369,3.9,43,60.1,30.9,0,0
86,76,5,185.5,1,18.9,35.1,14,0,0
86,77,7,749,32.2,83,143,29.9,3,13
86,78,4,1168.5,34.1,106,248.1,30.9,0,0
86,79,11,712,27.1,58,128,81.8,1,24
86,80,2,29,2.9,3.1,5,0,0,0
86,81,4,53,1,2.1,15.9,6,0,0
86,82,6,215,8.9,11.5,26.7,44.8,0,0
86,83,1,3,0.2,0.3,0.5,0.4,0,0
86,84,2,21,0.6,1,2.4,3.4,0,0
86,87,6,19,1.4,0.8,0.6,4.9,0,0
86,88,6,274,1.9,43.1,28.1,35.9,1,0
86,89,7,338.5,16,40,33.1,56.9,0,0
86,90,5,129,2,16.9,19.3,13.9,0,0
86,91,6,226.5,1,21.1,29.1,41.9,0,0
86,92,5,60,5.6,1.8,10.8,8.9,0.9,0
86,93,4,12,0.1,0.2,3.2,1,0.3,0
86,94,8,209,3.8,17.1,53.2,5,0,0
86,97,6,40,0,1.9,3.1,12.9,0,0
86,98,8,69.5,1.6,3.2,4.3,17.8,0,0
86,100,1,4,0,0.5,0.7,0.3,0,0
86,101,9,108,1,5.8,8,38.2,0,0
86,104,1,1,0,0,0.1,0.4,0,0
86,105,4,38,1.6,0,1.8,16.4,0,0
86,106,3,36,0,0.9,3.1,13,0,0
86,108,11,173,0,26.9,28,16.1,0,0
86,109,5,133.5,1,3,19,28,1,2
86,113,3,14,0,0,0.4,7.3,0,0
86,114,3,19,0,3.1,2,2.9,0,0
86,115,3,53,2,3,1.9,15,0,0
86,116,8,542,3,29,73.9,124,2,7
86,120,2,13,0.4,0.9,2.4,2.3,0,0
86,122,2,13,0,2.7,1.3,1.3,0,0
86,125,2,87.5,23,22,0,1,0,45
86,126,9,619.5,34,52.1,119.9,62.9,0,47
86,127,0,164,0,28,34,0,0,30
87,0,9,76,3.9,15.8,4.1,7.1,0,0
87,1,9,73,0.9,2.8,15.9,6.7,0,0
87,2,6,126.5,2.1,4.8,25.5,14.1,0,0
87,3,1,4,0.1,0.3,0.5,0.7,0,0
87,4,6,79,0,0,11,17.1,1,0
87,5,5,525,26,119,38,3,0,2
87,6,3,2966,44,295,698,119,0,266
87,7,0,4136,47,564,936,83,7,363
87,8,8,1108,71.9,147,142,6,0,28
87,9,5,5348.5,306.9,1641.9,52.1,9.1,1,1405
87,10,2,9025.5,1605,955,932,96,53,1435
87,11,2,2327.5,248,271,224,62,4,35
87,12,2,17,0.8,0,2.6,3.4,0,0
87,13,2,12,0.5,0,1.9,2.4,0,0
87,15,5,183,9,11.1,18.9,32,0,3
87,16,6,372,78,23.9,19.1,14,0,0
87,17,11,1541.5,108,420.2,33.9,2,2,0
87,18,3,3319,160.1,196,701,347,62,242
87,19,12,526.5,41.9,30.1,63,56.9,0,0
87,20,6,131,22,15.1,8,1.9,0,0
87,23,0,90,1,0,18,23,0,0
87,24,9,1354,174.9,66,203,97,0,90
87,25,9,349,10.7,48.2,35.2,34,1,0
87,26,1,2,0.1,0.1,0.4,0.1,0,0
87,29,1,2,0,0,0.6,0,0,0
87,30,9,72.5,2,4.8,8.5,11.4,0,0
87,32,5,937,10,151.9,198.1,21,0,44
87,33,7,627,3,66.9,118.2,14.9,2,7
87,35,1,2,0,0,0.3,0.7,0,0
87,37,1,7,0,1.2,0.3,1.2,0,0
87,39,9,49,0,8.7,2.2,8.3,0,0
87,41,3,7,0,0.8,0.4,1.4,0,0
87,42,3,21,3.6,0.4,2.3,1.4,0,0
87,43,4,13,2.3,0.2,1.4,0.9,0,0
87,44,6,58,0,5.8,10.1,3.1,0,0
87,45,7,34,2,4.8,5,3.2,0,0
87,46,12,48,0.7,2.1,7.7,9.4,0,0
87,47,1,6,0.1,0.3,1,1.1,0,0
87,48,2,5,0,0,0.2,1.5,0,0
87,50,3,6,0,0.5,0.5,1.4,0,0
87,51,9,29,0.7,0,1.1,10.1,0,0
87,52,6,23,0,0.7,1.2,4.8,0,0
87,53,3,15,0,0.4,0.9,3.1,0,0
87,54,4,7,0.4,0.7,0.7,1.7,0,0
87,55,3,6,0.5,0.5,0.5,1.4,0,0
87,56,3,91,0,9.1,21,4.9,0,0
87,57,3,32,0,4,6.1,4,0,0
87,58,3,23,0,0.6,1.9,6.8,0,0
87,59,7,35,3,0.9,2,10.1,0,0
87,60,6,122,1.9,9.8,16.3,18.3,1,0
87,61,1,4,0.2,0.3,0.6,0.6,0,0
87,62,1,3,0,0,0.1,1,0,0
87,64,5,28,0,2.1,1.6,7.4,0.3,0
87,65,8,25.5,0,2,1.3,6.6,0.4,0
87,66,2,5,0.1,0.3,0.5,0.9,0,0
87,67,10,90,1.7,5.1,10.1,15.9,0,0
87,68,12,178.5,0,11,37.8,19.1,0,0
87,69,4,19,0,0,0,7.9,0,0
87,70,3,44,0,5.7,6.4,4.7,0,0
87,71,5,93.5,1,13.1,21.9,8,0,25
87,72,10,109.5,0.6,15.4,19.1,3,0,14
87,73,5,76,1.9,6.1,12.9,7,0,0
87,74,9,614.5,29.7,95.2,98.1,18.9,0,0
87,75,10,455,8.1,43.9,88.9,42,1,40
87,76,1,6,0.2,0.9,0.7,0.8,0,0
87,77,10,107,5.8,12.2,14,13.2,0,0
87,78,3,140.5,3,8.1,28,14.9,1,0
87,79,4,53,0,4.1,9.9,6,0,0
87,80,5,219.5,7,8.1,53,31.9,0,33
87,81,6,1154.5,53,70,240.1,152.9,0,96
87,82,9,894,44,79.1,175,76.9,1,0
87,83,3,12,0.7,1.2,2.1,1.8,0,0
87,84,5,129,1.5,5.9,20.4,19.7,0,0
87,86,1,1,0.1,0,0,0.3,0,0
87,87,3,74.5,6.4,2.1,1.4,23.8,0,0
87,91,4,78,3.1,1,3.9,24,0,0
87,92,4,128.5,3,4.1,15,45.9,0,6
87,93,4,75.5,1.8,2.1,1.1,27,0,0
87,94,10,382.5,13.9,72.2,20.2,52.8,0,1
87,95,2,31,4,5,0,3,0,0
87,96,8,119,0,10,9.9,28,0,0
87,97,6,73,2,13,14.2,9.8,0,3
87,98,1,4,0.1,0.2,0.3,1,0,0
87,99,1,6,0.1,0.3,0.4,1.5,0,0
87,100,6,54,0,3.9,4.8,11.3,0,0
87,101,1,4,0,0.5,0.7,0.3,0,0
87,102,3,59,1,2,17,1,0,10
87,103,5,231,1,8.9,16.1,87.9,0,0
87,105,3,5,0.2,0,0.3,2,0,0
87,106,4,19,0,1.5,0.3,6.8,0,0
87,107,9,34,0,2.7,0.7,12.1,0,0
87,108,5,29.5,0,3.3,0,11,0,0
87,109,3,6,0,0.6,0,2.3,0,0
87,111,15,211,2.3,8.6,24.9,49.2,0,0
87,112,3,81.5,0,1.9,2.1,28.1,0,0
87,113,3,13,0,0,0.5,6.7,0,0
87,114,5,176.5,2,6,14.1,50.1,0,0
87,115,6,661.5,40,169,38,93,1,85
87,116,5,477,7,75,82.9,25,0,18
87,118,10,329,0,17.4,41.9,77,0,0
87,119,2,9,0,0.7,0.9,2,0,0
87,120,2,15,0.5,1.1,2.8,2.6,0,0
87,121,15,353.5,5,41.8,34,65.3,0,6
87,122,4,16,0,3.4,1.6,1.6,0,0
87,124,3,35.5,0,4,4.9,10.1,0,0
87,125,6,247,11.8,30.1,32.2,27.9,0,0
87,126,4,83,1.1,9.9,16,3,0,0
87,127,5,288,12,84,38,12,0,51
88,0,8,42,0.9,6,1.1,8,0,0
88,1,2,6,0.2,0.6,0.7,0.6,0,0
88,2,13,117,3.1,8.1,20.8,10,0,0
88,3,1,13,0,1.5,2,1.4,0,0
88,4,3,9,0.3,0.3,2.3,0.1,0,0
88,5,1,64,0.6,0.6,20.3,0.6,0,0
88,6,4,104,4,10,23,2,0,0
88,7,4,916.5,29,218.9,88.1,20,0,9
88,8,3,133,7.3,19.5,10.1,0,0,0
88,9,4,148,1,45,6.9,0,0,0
88,10,5,746.5,2,265,13,0,1,0
88,11,3,138,0,50,2,0,0.9,0
88,12,1,3,0.4,0.1,0.1,0.4,0.1,0
88,13,2,4,0.6,0.1,0.1,0.5,0.2,0
88,14,3,171,1,3,55,0,0,6.9
88,15,4,2044,22,525,213,14,0,15
88,16,0,609,2,203,23,9,0,0
88,17,3,1489,102.9,393,80,8,0,12
88,18,3,6990.5,670,314,1981,137,2,655
88,19,9,1068.5,71.1,173,70.2,105.7,1,92
88,20,4,165,8,3.9,37,3.1,1,37
88,24,3,2541,210,171,429,359,5,264
88,25,4,1482,69.8,153,211.1,153,2,11
88,26,1,2,0.3,0.2,0.1,0.2,0,0
88,30,4,29,5,4,1.1,4.9,0,0
88,32,3,16,0,1.1,1.4,4.2,0,0
88,33,10,92.5,5,12.1,9,9.8,0,0
88,34,2,9,1.4,0.9,0.9,0.7,0,0
88,35,7,61,16.5,2.8,2.9,3.3,0,0
88,36,1,57.5,17.6,2.4,4.3,2.2,0,0
88,37,5,13,0.4,1.5,2.7,0.8,0,0
88,38,8,56,0.9,3.3,8.2,8.2,0,0
88,39,9,501.5,0.9,38.1,109,31,0,18
88,40,3,17,1.2,0.5,0.6,5.4,0,0
88,41,3,6,0.3,0.3,0.3,1.8,0,0
88,42,2,3,0.1,0,0.2,0.6,0,0
88,44,1,4,0,0.1,0.4,1.3,0,0
88,45,3,7,0,0.2,0.7,2.1,0,0
88,46,10,102.5,0,6.6,18.1,14.7,0,0
88,48,1,2,0,0,0.3,0.6,0,0
88,49,3,13,0,0,1.8,3.8,0,0
88,51,3,13,0,0.8,0.5,4.1,0,0
88,52,2,9,0.2,1,0.3,2.4,0,0
88,53,2,4,0.2,0.4,0.2,1,0,0
88,54,3,12,0.4,0.4,0,4.9,0,0
88,55,2,11,0.3,0.3,0,4.6,0,0
88,56,5,22,0.4,2.6,0.7,4.4,0,0
88,57,4,19,0.5,2.2,0.6,3.7,0,0
88,58,4,7,0.3,0.7,0.4,1.7,0,0
88,59,8,134,1.1,17,18.1,22.8,0,0
88,60,7,190.5,0,21,37.9,8.1,0,3
88,61,7,284.5,1,47,44.1,20.9,2,16
88,62,4,17,0,0.1,0.4,4.7,0,0
88,63,4,22,0,0.2,0.4,6.1,0,0
88,64,1,4,0,0.2,0.3,0.9,0,0
88,65,1,3,0,0.2,0.2,0.7,0,0
88,66,2,11,0,0.5,0.9,2.6,0,0
88,67,7,36,0,1.7,2.7,8.5,0,0
88,68,6,183,0,4,42.1,21,0,10
88,69,3,16,0.3,0.8,0.6,4.8,0,0
88,70,9,49.5,0,5.2,3.4,11.4,0,0
88,71,10,128,0,9,18.9,14.9,0,0
88,72,3,39,1.9,2.5,0.7,11,0.7,0
88,73,6,337,6,17.1,68,45,0,21.9
88,74,5,38.5,0,5.9,6,7.1,0,0
88,75,6,112.5,0.9,17,17,15,0,0
88,76,13,69,3.8,11.2,6.9,8.1,0,0
88,77,5,175.5,0,14,43,5,0,0
88,78,11,146,2.7,17.1,20.2,16.8,0,0
88,79,5,36,2,3.6,2.7,8.6,0,0
88,80,8,439,11,83,57.1,20.8,0,2
88,81,4,343,5,45,59,39,0,0
88,82,5,98,7.8,8.7,16.6,12,0,0
88,83,10,191.5,3.8,20,36,12.1,0,0
88,84,12,528,11.1,52.9,98,65.9,0,21
88,85,4,190.5,3,15.1,22,37,0,0
88,89,1,2,0,0.2,0.4,0.2,0,0
88,92,1,4,0.1,0.1,0.2,1.5,0,0
88,93,1,3,0.1,0.1,0.2,1.1,0,0
88,94,5,24,0.6,0.8,1.5,8.8,0,0
88,95,3,38,0.9,0,5,6.1,0,0
88,96,13,147.5,2.9,6,11,40.1,0,0
88,97,4,118,0,3,22,21,0,0
88,98,1,2,0,0.2,0.1,0.5,0,0
88,99,6,55,0,1.1,14,1,0,0
88,100,14,619.5,9.8,30.9,60,175.2,2,5
88,101,3,8,0,0.8,0.8,2,0,0
88,104,3,18,0.8,1,0.5,5.8,0,0
88,105,8,31,1.1,2,0,11,0,0
88,106,12,42,3.1,5.9,0,11.1,0,0
88,107,18,155,6.1,10.6,14.9,39.1,0,0
88,108,6,83,0,14.1,9,13,0,0
88,109,3,9,0.2,1.8,0,2.7,0,0
88,110,4,96.5,2.9,2,2.1,35,1,0
88,112,1,5,0.1,0.4,0.3,1.1,0,0
88,113,8,89,1.7,4.7,4.8,23.1,0,0
88,114,6,34.5,5,1.9,4.1,1.9,0,0
88,115,7,891.5,27.8,91,75.3,248,0,122
88,116,4,553.5,15.9,22.1,93,110,1,32
88,120,5,13,0.2,1.2,0.5,4.1,0,0
88,121,3,21,0.6,1.9,0.7,6.7,0,0
88,122,2,7,0,0.6,0.7,1.2,0,0
88,123,11,395.5,18.2,50.2,48.9,38.8,0,15
88,124,9,414.5,12,32,83.9,32.2,0,10.1
88,125,4,553.5,30.9,68,72,44,1,0
88,126,4,162,3.7,19.5,31,15,0,0
88,127,5,23,0.4,2.6,2.9,2.8,0,0
90,0,13,139,11.9,21.2,13.1,10.9,0,0
90,1,5,58,2,0.9,10,9.1,0,0
90,2,8,38,0,8.1,1.3,3.8,0,0
90,3,19,181,8.8,36.8,4.4,24.9,0,0
90,4,8,404.5,2.8,144,6.2,6.9,0,0
90,5,5,789,52.9,82.1,97.9,61.1,0,0
90,6,13,355,11.1,39.7,51.1,29.1,0,0
90,7,2,22,1.7,0,4.2,1.4,0,0
90,9,4,449.5,7.1,38.9,97,23.1,1,0
90,10,4,342.5,7.9,53.1,47.9,7,1,0
90,11,5,147.5,14.9,3.8,24.8,8.4,0,0
90,12,3,36,3,2,7,0,0,0
90,13,5,43.5,0,14.9,2.2,0,0,0
90,14,2,1017.5,57.1,190,113,11,0,33
90,15,2,950.5,28.8,290.9,35.6,0,1,89
90,16,2,314.5,0,15,81,0,0,0
90,17,4,30,3,1,0,11,0,0
90,18,7,319,21.1,26,51.9,7.9,3,9
90,19,10,1126,66.8,225,88.1,23.2,0,142
90,20,1,4,0,1.3,0.2,0.1,0,0
90,21,1,1,0,0.3,0.1,0,0,0
90,24,2,906.5,11,19,182,144,1,39
90,25,4,2448,206.9,377,252.1,163.9,0,403
90,26,3,43,6.6,3.3,2.4,5,0,0
90,29,11,321,7.1,45.9,51.7,10.5,0,0
90,30,9,613.5,7,85,106,29,1,26
90,32,2,38,0.8,0,1.7,15.7,0,0
90,33,1,5,0.1,0,0.2,2.1,0,0
90,34,1,2,0,0.1,0.4,0.1,0,0
90,35,2,61,0.7,1.4,11.1,4.1,0,0
90,36,4,36,0,2,9.8,3.1,0,10
90,37,8,43,2.5,4.1,3.2,5.5,0,0
90,38,6,19,0,0.5,1.5,4.8,0,0
90,39,3,9,0,0.2,0.8,2.2,0,0
90,40,1,3,0.1,0,0.2,0.6,0,0
90,41,1,7.5,0.2,0,0.5,1.5,0,0
90,42,1,3,0,0.3,0.5,0.3,0,0
90,43,1,5,0,0.5,0.9,0.5,0,0
90,44,2,6,0.3,0.4,0.2,1.9,0,0
90,45,3,6,0.3,0.4,0.2,1.9,0,0
90,46,2,4,0.2,0.2,0.2,1.2,0,0
90,47,2,10,0.4,0.7,0.3,3.2,0,0
90,50,2,6,0,0.6,0.2,1.8,0,0
90,52,4,20,0.3,0.4,3.3,2,0,0
90,53,6,117.5,0.7,9.4,22.7,5.4,0,4
90,54,8,169,1,17,27.8,19,1.1,0
90,55,9,33,0,3.2,1.9,8.1,0,0
90,56,12,328,3,30.8,75.4,14,0,0
90,57,8,771.5,44,104.2,140.9,105,0,102
90,58,12,240.5,4.8,37.9,59,20.2,0,46
90,59,5,18,0.5,1.3,1.8,4,0,0
90,60,3,8,0.2,0,0.6,2.6,0,0
90,61,7,25,0.5,0,2,8.3,0,0
90,62,8,45.5,1,2.1,0,10.9,0,0
90,63,5,51,0.9,8,4.1,5,0,0
90,64,3,11,0.2,0.7,0,4.8,0,0
90,65,10,21.5,0.3,1.4,0,9.3,0,0
90,66,12,103,0,5.2,17.1,15.8,0,0
90,67,12,48,1.2,5,2.9,13,0,0
90,68,9,296.5,5.8,10.1,52.9,44.1,0,11
90,69,11,113,1.6,3.4,18.9,16.3,0,0
90,70,1,3,0.1,0.3,0.2,0.5,0,0
90,72,4,16,0,0.7,1.6,3.6,0,0
90,73,10,75.5,0.7,3,7.5,16.8,0,0
90,74,5,42.5,0.7,1.4,2.1,12,0,0
90,75,6,18,0.2,0.6,1,5.2,0,0
90,76,6,12,0,1.5,0.9,3.6,0,0
90,77,7,21,0,6,2.8,2.1,0,0
90,78,10,817.5,34.1,103,114.8,133.9,0,39
90,79,8,479,13,42,106.1,10.9,0,11
90,80,14,125.5,3.2,16.7,18.1,11.7,0,0
90,81,12,136.5,0,12.8,29.1,8.2,0,0
90,82,12,60,0,14.3,3.1,10.6,0,0
90,83,8,61.5,0.8,8.1,6.1,8.1,1,0
90,84,3,19,0.7,0.7,2.5,3.2,0,0
90,86,3,14,0.5,0.6,1.9,2.3,0,0
90,87,10,155,0,19.1,23.9,18,0,3.9
90,88,2,7,0.1,1,1.3,0.3,0,0
90,89,3,37,0.6,5.1,7.1,1.3,0,0
90,90,1,5,0,0.6,0.8,0.3,0,0
90,91,10,101,0.7,11.6,16.2,5.8,0.8,0
90,92,11,296,8.1,19.9,46.3,63.9,0,3
90,93,4,160,4.9,9.4,14.5,35.4,0,0
90,98,4,13,0.3,1.3,0.4,3.1,0,0
90,100,2,6,0,0.3,1.1,1.6,0,0
90,104,3,14,1.1,1.7,0.8,2.1,0,0.3
90,105,15,59,2.8,3.4,7,19.8,0,1
90,106,8,1968,328.1,224.8,88.1,537,7,247.1
90,107,10,857,41.1,45.9,118,255,0,74
90,108,13,125,13.2,11.8,16.3,24,0,8
90,109,8,37,5.8,1.1,0,9.1,0,0
90,110,3,15,1,2.4,0,4.5,0,0
90,111,11,285,3,6,42.2,82.8,1,11
90,112,3,23,0,1,1.5,7.2,0,0
90,115,1,3,0,0.1,0.2,1,0,0
90,118,2,6,0,0.5,1.3,0.5,0,0
90,119,8,259,1,19.7,42.6,32.5,0,0
90,120,5,128.5,2,8.1,18.9,28,0,2
90,122,2,9,0.5,0.5,1.1,1.6,0,0
90,123,2,16,0.9,0.9,2,2.8,0,0
90,127,1,10,0.5,1.4,1.4,2.4,0,0
91,0,13,283,6,25.9,52.3,25.9,0,0
91,1,14,326,4.1,26.1,66,26,1,0
91,2,1,2,0,0.4,0.1,0.2,0,0
91,3,11,94.5,7.9,16,6.2,5.9,0,0
91,4,6,1252,70,258.9,127.2,45.9,2,33
91,5,6,365,21.1,18,99,3.9,2,23
91,6,8,27,2.2,0,5.3,1.4,0,0
91,7,4,14,1.1,0,2.8,0.8,0,0
91,10,2,5,1,0.2,0.2,0.6,0,0
91,12,3,369,11,24.1,75.9,3,0,7
91,13,4,1370,42,263,149,22,0,10
91,14,4,3038,40,594.1,580.9,122,3,292
91,15,1,2,0.2,0.2,0.3,0,0,0
91,16,2,133,0,2,42,0,0,0
91,17,2,3913.5,85,822,474,72,3,630
91,18,2,5233.5,74,462,1572,84,1,385
91,19,2,3841,747,369,328,69,4,156
91,20,6,1996,19,521.9,234.1,1,0,64
91,21,1,110,1,36.3,3.8,1.9,0,0
91,24,5,126,0,0,3.1,64,0,0
91,25,3,1789,87,288,229,93,1,44
91,26,3,554,28,60,87,24,0,11
91,27,1,7,1.1,0.5,0.4,0.8,0,0
91,29,2,11,0.4,1.2,1.7,0.4,0,0
91,32,1,2,0.1,0,0.1,0.8,0,0
91,33,1,1,0,0,0.1,0.4,0,0
91,34,2,13,0.1,0.4,2.4,0.8,0,0
91,35,1,12.5,0.1,0.3,2.3,0.8,0,0
91,36,1,1,0.1,0.1,0.1,0.1,0,0
91,37,2,10,0.6,1,0.7,1.3,0,0
91,38,6,450,2,93.1,54.1,9.9,0,1
91,39,1,9,0,0.3,0.7,2.2,0,0
91,41,2,16,0.5,0,1.1,3.2,0,0
91,42,3,212.5,2,10.5,41.4,21.5,1,0
91,43,2,7,0,0.7,1.2,0.7,0,0
91,44,2,5,0.2,0.3,0.2,1.6,0,0
91,45,1,2,0.1,0.1,0.1,0.6,0,0
91,46,1,1,0.1,0.1,0,0.3,0,0
91,47,2,7,0.3,0.5,0.2,2.3,0,0
91,49,2,5,0,0.5,0.2,1.5,0,0
91,50,3,8.5,0,0.8,0.3,2.6,0,0
91,51,4,13,0,1.3,0.5,3.9,0,0
91,52,1,2,0,0.1,0.3,0.2,0,0
91,53,1,4,0.1,0.1,0.6,0.4,0,0
91,54,7,27,0,2.6,1.4,5.5,0,0
91,55,7,30,0,2.8,1.7,6.2,0,0
91,56,8,833,5.9,111.9,203.2,22,0,57
91,57,8,1671.5,135.1,114.9,317.1,323.9,0,160
91,58,10,318.5,15.1,54.1,75.9,15.7,0,47
91,59,8,97,1.8,8.6,15.3,13.9,0,0
91,60,8,26,0.8,2.1,1,7,0,0
91,61,7,18,0.2,0,1.6,6.2,0,0
91,62,9,38,0.8,7.1,1.2,6,0,0
91,63,10,149,3.1,14.1,31.1,14.7,0,9
91,64,11,63,0,3.9,11.2,10.9,0,5
91,65,11,79,4.3,5.9,7.9,18,0,0
91,66,9,322.5,4,17,55,36,1,20
91,67,4,41.5,0,3,7.9,4,0,0
91,68,12,81.5,1.7,9.8,3.2,23.9,0,0
91,69,1,1,0,0.1,0.1,0.3,0,0
91,71,6,30,0.8,2.9,2,5.3,0,0
91,72,2,11,0.1,0.5,1.1,2.4,0,0
91,73,15,204.5,0.7,19.2,31.1,23.1,0.9,3
91,74,6,80.5,2,14,9.9,5.1,0,0
91,75,14,72,1.1,5.3,7.2,18.4,0,0
91,76,1,8,0,1.1,0.5,2.4,0,0
91,77,4,16,0,2.2,1,4.8,0,0
91,78,14,169.5,2.7,7,26.9,20.1,2,0
91,79,12,700.5,9.8,27.3,194,27,0,47
91,80,14,95.5,1,11.2,14.4,12.6,0,0
91,81,8,245.5,2.1,34.8,39.1,12,0,0
91,82,7,74,0.8,10.9,8.1,9.1,0,7
91,83,12,248,2.7,23,44,23.2,0,0
91,84,4,9,0.3,0.5,1,1.5,0,0
91,86,3,11.5,0.4,0.5,1.5,1.9,0,0
91,87,2,36,0,7,4,1,0,0
91,89,2,14,0.3,1.9,2.6,0.5,0,0
91,90,9,160,4.1,22,22.9,16,0,12
91,91,14,476.5,35,39.7,78.1,76.2,0,18
91,92,3,681.5,8,22.1,108,277.9,4,37
91,93,1,4,0.1,0.6,0.6,0.5,0,0
91,100,4,15,0,0.7,2.8,4,0,0
91,102,1,1,0,0,0.2,0.3,0,0
91,103,10,177.5,4.9,9.9,14.1,58,0,0
91,104,10,52,4.3,6.1,3,7.8,0,0.7
91,105,10,73,4.9,5.1,0.9,20.1,0,0
91,106,5,181,8.8,1.1,46.6,57.6,0,6
91,107,1,19.5,1,1.1,0.5,7.3,0,0
91,111,4,15,1.2,2.4,0,4.5,0,0
91,112,3,9,0,0.4,0.6,2.8,0,0
91,113,1,4,0,0.2,0.3,1.2,0,0
91,115,1,6,0,0.2,0.4,1.9,0,0
91,121,2,33,0,11,2,0,0,0
91,122,1,14,0.7,0.7,1.8,2.5,0,0
91,126,1,57,0.5,2.6,6.6,14.6,1,1
91,127,12,718,32,62.9,118.8,74.2,2,20
92,0,6,268.5,3,38,38.9,10,1,0
92,1,6,407.5,9,68.1,73,8,2,5
92,2,2,13,0.2,1.9,0.8,0.7,0,0
92,3,7,92,2.7,14,8.3,4.4,0,0
92,4,8,1082,18.9,116.9,193,73.2,1,13
92,5,5,67,2.2,7.9,15,1.8,0,0
92,7,2,15,0.7,0,3.5,1.5,0,0.7
92,8,1,14,0,2,2,0,0,0
92,9,6,774.5,13.9,101,140,9,1,0
92,10,4,596,22.5,57,106.2,2.8,0,0
92,11,2,6.5,0.3,0,1.2,0.2,0,0
92,12,3,514,6,31.1,128,16,1,4
92,13,3,1070.5,50.9,171.1,154,10,0,11
92,14,2,2323,59,401,388,62,1,76
92,15,7,1057.5,30,43.8,259.2,44.8,0,29
92,16,2,15,0.3,3.7,0.6,0.2,0,0
92,17,5,3923.5,806.1,253.9,318,39,3,95
92,18,0,5194.5,333,375,1572,83,3,498
92,19,0,3365.5,377,588,243,15,2,109
92,20,5,856.5,6,117.9,191,10.1,0,5
92,24,9,75,8.9,6.1,6.1,5.8,0,0
92,25,6,1679,84.9,157.9,362.1,78,2,78
92,26,2,1085,38.1,129,148,110.9,1,16
92,27,2,5,0.4,0.5,0.6,0,0,0
92,28,1,6,0.1,0.1,0.6,1.3,0,0
92,29,1,3,0,0.1,0.3,0.6,0,0
92,30,3,31.5,0,0,10,2,0,0
92,33,4,36.5,0,0.7,6.3,4.9,0,0
92,34,1,16,0,0.5,2.4,1.5,0,0
92,35,4,21,0,0.7,3.3,1.9,0,0
92,37,2,9,0.4,0,0.5,2.2,0,0
92,38,5,696.5,4,66,184,25,0,61
92,39,6,23,0,2.7,1.4,6.3,0,0
92,41,1,2,0,0,0.2,0.4,0.1,0
92,42,4,15,0.8,1.4,2,3.3,0,0
92,43,3,7,0.4,0.7,0.9,1.5,0,0
92,44,1,9,0,0,0.6,3.1,0,0
92,45,3,15,0,0,0.9,5.1,0,0
92,46,2,13,0.4,0.4,2.5,3.2,0,0.8
92,47,4,18,0.4,0.6,3.4,4.6,0,1
92,48,7,20,0.3,1.5,2,5.7,0,0
92,49,2,6,0.1,0.4,0.6,1.7,0,0
92,50,7,221,3,20,44,8,0,5
92,51,3,170,0,4.7,39.5,23.5,0,0
92,52,2,4,0.2,0.4,0,1.2,0,0
92,53,1,4,0.2,0.5,0.1,1.1,0,0
92,54,4,11,0,0.9,1.2,2.2,0,0
92,55,8,32,0,1.2,3.8,11,0,0
92,56,13,72,1,14.1,6,7.1,0,0
92,57,4,16,0.9,0,1,3.6,0,0
92,58,10,88,0.7,18.2,5.8,14.1,0,0
92,59,3,8,0,1.6,0.7,1.3,0,0
92,60,4,12,0,0.5,0.7,3.2,0,0
92,61,1,5,0,0.2,0.3,1.3,0,0
92,62,7,28,0,1.4,0.8,8.8,0,0
92,63,10,68.5,0,6.1,5.3,15,0.8,0
92,64,7,46,0.7,2.1,6,8.6,0,0
92,65,9,53,3.1,0.9,3.2,11.9,0,0
92,66,8,83,0.9,1.8,16,11.2,0,0
92,67,14,115,2.9,11.9,21.2,9,0,0
92,68,8,59,0,8.7,3,12.8,0,0
92,69,1,1,0,0.1,0.1,0.2,0,0
92,70,5,18.5,0,2.7,2.2,3.3,0,0
92,71,11,126,5,17.9,18.2,12.1,1,0
92,72,9,73,0,11.9,3,15,0,0
92,73,13,154,0,24.2,18.9,20.9,0,0
92,74,12,306.5,2,22.1,78.7,18.3,0,7
92,75,8,145.5,6.8,10,24,11.1,0,0
92,76,2,11,0,0.3,1.3,3.5,0,0
92,77,3,7,0,0.3,0.8,2.2,0,0
92,78,11,102,0,10.9,16.9,13.1,0,0
92,79,8,229,1,9.2,53.1,7.8,0,16
92,80,6,23,1,2.4,0.3,4.6,0,0
92,81,3,30,1,3.3,0.6,6,0,0
92,82,3,22.5,1.3,2.2,1.8,3.2,0,0
92,83,4,14,0.8,1.4,1.1,2,0,0
92,85,8,69,1.1,8,9.1,8.8,0,0
92,86,13,479.5,5.9,25.8,111.2,47.1,0,13
92,87,10,87,0,1.8,16,14,0,0
92,88,11,116,0,10.1,18.9,15,1,0
92,89,9,93,0.9,13.5,11.9,7.2,0,0
92,90,10,333,0,13.1,86.9,23,1,25.2
92,91,9,339,5,66.1,39.9,32,0,30
92,92,11,729.5,95,48,137.1,86.9,0,116.9
92,93,10,203,2,15.3,47,23.9,0,0
92,94,11,230,0.9,25.2,45.9,18,0,7.1
92,95,2,28,0,4.6,1.7,5.6,0,0
92,101,1,2,0,0.4,0.2,0.4,0,0
92,102,1,1,0,0.1,0,0.3,0,0
92,103,1,46,0,1.8,0,19.9,0,0
92,104,3,240.5,4.5,14.7,28.4,70,0,0
92,105,9,281,6,11.1,46,56,0,10
92,106,14,424.5,29.1,64.9,44,61,0,9
92,117,1,3,0,0.3,0.8,0.3,0,0.1
92,121,7,154.5,0,13,25,28.1,0,0
92,122,10,285,9,18,39,64.9,0,6
92,125,2,10,0.3,1.7,1.5,0.1,0,0
92,126,9,156,7,14.1,28.9,12.1,0,0
92,127,6,190,9,30,28,10.9,0,0
85,0,4,13,0.7,0.8,0.3,2.6,0,0
85,2,7,839.5,10.9,69.1,197,53.2,0,22
85,3,6,1581,27,293,233,87,0,61
85,4,7,63,2.1,5.9,10.9,4.1,0,0
85,5,5,32.5,0.8,1.1,8,5,0,0
85,6,1,4,0.1,0.4,0.1,0.6,0,0
85,9,8,424,23.1,1.8,62,78.1,0,0
85,10,9,2480,127,444,407.2,32.6,4.2,235
85,11,6,3411.5,510.1,439,423.9,24.1,30,76
85,12,5,396,10.9,2,80.1,3,21,14
85,13,6,38,1.1,6,11.9,2.1,0,0
85,14,2,3883.5,679,81,1113,25,1,478
85,15,2,6959,876,490,1478,145,1,361
85,16,3,9012,1678.1,335,1212,327.9,5,1599
85,17,3,5350.5,479,315,1253,235,0,751
85,18,7,1104.5,89,8.1,338,85,0,182
85,19,3,6361,96,635.1,1386.9,259.1,1,781
85,20,2,12363,259,3101,858,83,11,2215
85,21,0,3244.5,720,43,340,25,9,665
85,23,10,631.5,38,40,51,106.9,1,0
85,24,4,1032.5,272,19.1,84.9,3,1,213
85,25,4,638,6.9,73.1,142.1,7,0,16.1
85,26,3,1340,4.5,141.2,262.3,39,0,132
85,27,1,3,0.1,0.2,0.5,0.2,0,0
85,28,2,6,0,0.8,0.9,0.3,0,0
85,29,4,105,21,8,8.1,2.9,0,20
85,30,3,506,28.4,41.7,109.4,30.4,1,17
85,32,4,19,0,0.5,2.6,6.5,0,0
85,33,2,7,0,0.2,0.9,2.5,0,0
85,34,4,15,0.3,2.1,1.2,2.5,0,0
85,35,4,15,0.3,2.1,1.2,2.6,0,0
85,36,5,24,0,2.9,2.4,4.3,0,0
85,37,1,13,0,1.6,1.3,2.3,0,0
85,38,5,27,0.5,0.7,3.5,4.4,0,0
85,39,5,112,0,11,19.1,8.1,0,0
85,40,5,18,0,2.1,1.4,2.7,0,0
85,41,4,16,0,1.6,1.4,2.4,0,0
85,43,1,84.5,5,8.2,18.9,4.4,0,0
85,44,5,398,1.8,32.4,56.8,73.4,1,18
85,45,3,10,0.3,1.4,1,1.3,0,0
85,46,1,5,0,0,0.3,1.1,0,0
85,47,7,41,0,0,2.3,9.5,0,0
85,48,6,18,0.4,0.7,0.7,4.7,0,0
85,49,9,46.5,0,4.1,0.8,12.1,1.2,0
85,50,4,17,0,0.3,1.2,4.3,0.5,0
85,51,9,48,1.2,3.8,3.2,9.7,0,0
85,52,4,462.5,8,55.9,131,32.1,0,96
85,53,6,122,0,3,27.8,6.9,0,0
85,54,1,1,0,0.1,0.1,0.2,0,0
85,56,3,16,0,0.3,1.2,5.9,0,0
85,57,2,12,0,0.3,0.9,4.3,0,0
85,58,4,25,0.7,1.3,0,8.4,0,0
85,59,5,11,0.3,0.5,0,3.6,0,0
85,60,5,188,2.9,3.9,33.2,22,0,5
85,61,12,92,1,8,11,17,0,0
85,62,6,15,0,0,0.3,5.4,0,0
85,64,6,14,0,0.6,1.7,2.8,0,0
85,65,7,230.5,0,6.9,54.3,17.9,0,7
85,66,8,74.5,0,2,8.9,11.9,0,0
85,67,7,97.5,1,3.1,9.9,18.9,0,0
85,68,8,37,0,2,2.9,10,0,0
85,69,3,418.5,1.9,19.1,90.9,42,1,9
85,70,7,44,0,2.9,3.3,8.8,0,0
85,71,4,12,0,2.2,0,3.8,0,0
85,72,4,23,0.6,1.5,1.8,6.3,0,0
85,73,2,24,0.5,1.5,2,6.7,0,0
85,74,1,5,0.1,0.1,0,1.6,0,0
85,75,6,70,3.6,3,0,22.6,0,0
85,77,9,195,19.9,15.8,11.2,34,0,0
85,78,6,486.5,57,45.1,54.9,76,1,38
85,79,2,64.5,1,4,9,17,0,0
85,84,6,72.5,4.9,7,1,21,0,0
85,85,5,107,3.1,12.9,14,15,0,11.1
85,86,11,340,13.1,25.2,67.9,30,0,0
85,87,13,593.5,24.1,27.1,103.9,103.9,1,19
85,88,6,806,31,107,128.9,47,1,45
85,89,9,134,1.9,9.1,7,38.1,0,0
85,90,4,23,0,2,2.1,5.3,0,0
85,91,3,11,0,0.9,1.1,2.5,0,0
85,93,6,104,1.6,6.8,13.3,23.5,1,0
85,94,13,230,4.9,27.1,16.9,56,0,0
85,95,4,38,0,3,1,14,0,0
85,96,6,75,1,5.1,8,17,0,0
85,97,1,2,0,0.1,0.1,0.7,0,0
85,98,1,3,0.1,0.1,0.2,0.8,0,0
85,102,1,5,0.1,0.1,0.2,1.5,0,0
85,103,2,20,0.4,0.4,0.8,6,0,0
85,104,3,11,0,0.3,0.5,4.8,0,0
85,105,3,24,0,0.6,1.3,10.5,0,0
85,108,7,94,0,3.1,6.8,34,0,0
85,111,1,11,0,0.2,0.5,3.8,0,0
85,112,2,9,0,0,0,4.5,0,0
85,113,3,13,0,0,0,6.5,0,0
85,115,4,175.5,2,21,31,19,0,0
85,116,8,149,1,10.9,10.1,46,1,0
85,117,1,1,0,0,0.1,0.3,0.1,0
85,125,4,27,4.8,12.1,0,1.8,0,0
85,126,3,10,0,1.5,1.3,1.5,0,0
85,127,7,45,2,9.9,0.9,6.1,0,0
89,0,7,35.5,1.2,3.9,4,3.6,0,0
89,1,4,20,0.6,2.1,2.4,2,0,0
89,2,7,39,0,0.9,4.9,9.1,0,0
89,3,6,32.5,0,3.6,5.1,3.4,0,0
89,4,2,6,0.2,0.2,1.4,0.2,0,0
89,5,7,1257,35,65,286.2,66.9,0,44
89,6,4,519,7,96,71,19,0,0
89,7,6,30,2,4,3,2,0,0
89,8,1,8,0.7,0.5,0.9,0,0,0
89,9,8,514,8,91.1,66.8,23.1,1,0
89,10,4,176,2,4,54,23,0,7
89,11,3,1455,149.9,61,233.1,41,6.1,20
89,12,7,492.5,62.3,37.6,57.6,12.6,2.7,0
89,13,2,4,0.6,0.1,0.1,0.5,0.2,0
89,14,5,908,31.9,108.9,175.1,20,0,73
89,15,2,3681,231,405,848,71,1,417
89,16,3,1202.5,54.9,230,120.2,56,0,0
89,17,4,1702.5,254,214,144,92,1,0
89,18,2,6365,667,1436,330,81,1,1026
89,19,4,3819.5,679,655,365,53,2,391
89,20,16,252.5,31.1,38.9,11.3,10.8,0,30
89,21,7,42,9.9,5,0,4.1,0,0
89,24,4,818.5,73,61,122.1,101.9,1,17
89,25,4,1532.5,80.1,328,177.9,82,0,145
89,29,3,233.5,3,23,35.1,24,1,0
89,30,5,537.5,8,52,111,19.9,1,5
89,32,2,2,0,0.2,0.2,0.4,0,0
89,33,6,20,0,1.3,1.7,5.3,0,0
89,34,3,4,0.5,0.4,0.4,0.4,0,0
89,35,2,1148.5,6,301,115,6,0,2
89,36,5,1576,42,126,454.9,108,2,237
89,37,6,276.5,5.9,51.2,48.1,2.8,0,0
89,38,2,12,0.3,0.7,1.7,1.7,0,0
89,39,4,56,1,4,2,13.9,0,0
89,40,1,2,0.1,0.1,0.1,0.6,0,0
89,41,3,6,0.3,0.3,0.3,1.8,0,0
89,43,3,11,0.2,0,0.9,2.2,0,0
89,44,2,6,0,0.2,0.6,1.9,0,0
89,45,7,21,0,0.6,2.1,6.6,0,0
89,46,4,13,0,0.8,2.5,1.8,0,0
89,47,2,4,0,0.2,0.8,0.6,0,0
89,48,1,4,0,0,0.6,1.1,0,0
89,49,3,9,0,0,1.3,2.6,0,0
89,50,2,5,0,0.3,0.2,1.5,0,0
89,51,6,11,0,0.7,0.4,3.3,0,0
89,52,2,5,0.2,0.5,0.2,1.3,0,0
89,53,7,32,0.6,3.8,1.2,8.4,0,0
89,54,7,32,0,3.9,1,11.1,0,0
89,55,4,8.5,0.2,0.4,0,3.5,0,0
89,56,6,32.5,0,1,1.1,8.9,0,0
89,57,9,63.5,0,3.9,8,11,0,0
89,58,11,37.5,1.1,4.1,2.3,9.2,0,0
89,59,5,56.5,0,6,11,5.1,0,0
89,60,1,3,0,0.3,0,1.4,0,0
89,61,7,20,0,1.9,0,9.4,0,0
89,62,4,11,0,0,0.2,3.1,0,0
89,63,3,11,0,0.1,0.3,3,0,0
89,66,4,12.5,0,0.6,0.9,2.9,0,0
89,67,10,51,0,2.9,2.2,13.9,0,0
89,68,11,38,0.7,2,1.2,11.4,0,0
89,69,8,83,0,9.1,18.8,4,0,0
89,70,7,144.5,2.1,9.9,22.1,23,0,0
89,71,2,7,0,0.7,0.5,1.6,0,0
89,72,4,21,1.1,1.4,0.2,5.9,0.5,0
89,73,7,180,1,23.9,29.1,16.1,0,9
89,74,8,70.5,2,7.9,8.1,14.1,0,0
89,75,9,63.5,0,10.2,2.7,10,0,0
89,76,14,80.5,0.8,20.1,8,14.2,0,0
89,77,9,535.5,11.8,63.7,114.3,14.1,0,33
89,78,9,50,2.9,7.1,5.9,5,0,0
89,79,6,15,0.9,1.5,1.1,3.6,0,0
89,80,5,39,0.9,8.1,2.9,2.7,0,0
89,81,1,4,0.1,0.8,0.3,0.3,0,0
89,82,1,2,0.2,0.3,0.4,0,0,0
89,83,10,129,4,17,14.1,15.8,0,0
89,84,13,708,16.9,59.2,88.9,120.1,1,2
89,85,3,119,0,12,15,16,1,0
89,87,6,265.5,5.2,9.9,67,32.9,1,12
89,88,8,199,2,15,37.5,19.8,0,0
89,89,9,432.5,4.2,22.9,66.1,90.9,0,6
89,90,3,49,0,5,9,6,0,0
89,91,4,124,4,3.9,14,26.2,0,0
89,94,1,2,0.1,0.1,0.1,0.7,0,0
89,96,4,60,1,2,4,15,0,0
89,97,2,28,0,4,3,6,0,0
89,98,1,4,0.1,0.4,0.1,0.9,0,0
89,99,2,20,0.5,2,0.5,4.7,0,0
89,100,5,68,0,5.2,9.2,16.8,0,0
89,101,8,186.5,6,8,15,53.9,0,0
89,104,5,22,1,1.2,0.6,7,0,0
89,105,12,523,22.1,75.1,104.1,25.9,0,38
89,106,17,208,15.9,34,20.8,22.1,0,0
89,107,13,817,124.1,158.9,62.1,44,0,56
89,108,9,121,5.1,17.1,22,11.9,0,22
89,109,10,35,0.6,7.1,0,10.4,0,0
89,110,8,73,1.1,6.1,1.9,20.8,1.1,0
89,111,7,60,0,2,5,19,0,0
89,112,3,13,0.1,1,0.9,2.8,0,0
89,118,4,159.5,0,14,21,23,0,0
89,119,8,187,0,20.1,20.9,26.8,0,0
89,120,3,40,0,6.1,5,5.9,0,0
89,122,8,237,1,10.5,17.2,66.9,0,0
89,123,10,809,14,84.1,152.1,96.8,0,25
89,124,3,85,0,0,24,0,0,0
82,0,3,14,1,1.5,1,1.1,0,0
82,1,10,57.5,2,8,10.1,3.9,0,0
82,2,6,22,1.7,2.7,0.6,4.5,0,0
82,3,5,19.5,1.3,2.5,0.6,4.1,0,0
82,4,6,22.5,0,0,2.2,6.4,0,0
82,5,8,89,18.1,6.9,3.1,12.7,0,0
82,6,4,25,5,6.9,0,1,0,0
82,7,3,2043.5,95.9,259,420.1,6,0,210
82,8,3,26,1.3,4.1,3.4,1.2,0,0
82,9,3,262,11,54.1,25.9,4,0,0
82,10,5,3025,217,114,728.1,86.9,1,279
82,11,0,7050.5,953,239,1478,342,3,1121
82,12,6,3764,45,105,1249.1,251.9,0,540
82,13,6,4402,824,524.9,547,109,0,524.1
82,14,0,8342.5,1876,525,940,477,5,1113
82,15,0,8943.5,1840,174,1932,580,3,1725
82,16,0,7648.5,983,633,1191,1278,1,358
82,17,0,16450,1073,1581,3605,1460,6,1773
82,18,0,23295.5,2262,2896,3980,2448,14,3084
82,19,2,16813.5,1993,1045,3926,1398,35,1314
82,20,6,5644,454,836.9,1266.1,327,16,437
82,21,2,62,0.9,0,15.5,12.6,0,0
82,22,2,1744.5,61,111,243,274,0,0
82,23,5,781,37.9,69,115,46,1,27
82,24,5,1773,286,135.9,197.1,174.1,1,237
82,25,5,3886.5,168.1,220,1093,190,34,315
82,26,9,985,16,128.9,175.2,73,1,12
82,27,8,948.5,7,131.2,144.9,55.9,0,0
82,28,4,1393.5,26.2,127.9,249,104.9,1,17
82,30,3,33,0,4.1,7,0,0,0
82,31,5,1230,13,77.9,295,82,0,48
82,32,1,7,0,0.2,0.5,1.5,0,0
82,33,5,33,0,3,5,3,1,0
82,35,6,27,1.1,0.5,3.4,6.7,0,0
82,37,3,18,0.3,1.3,3.3,1.5,0,0
82,38,2,5,0,0.5,0.8,0.5,0,0
82,40,5,98,1,3.1,10.3,12.9,0,0
82,41,3,17,0,1,2,1.8,0,0
82,42,3,22.5,0.5,1.2,1.1,5.1,0,0
82,43,9,57,1.4,3.3,2.7,12.9,0,0
82,44,6,59.5,0.9,1.1,11.9,6,0,0
82,45,8,104,2.1,2,23,8.9,0,0
82,46,1,2,0,0.1,0.3,0.3,0,0
82,47,10,50.5,1.1,1.3,3.9,10.6,0,0
82,48,5,14,0,0.3,2.1,3.2,0,0
82,49,2,13,0,0.3,1.8,3,0,0
82,51,2,6,0,0.1,0.9,1.4,0,0
82,52,1,1,0,0.1,0.1,0.3,0,0
82,53,3,6,0,0.4,0.6,1.8,0,0
82,54,3,16,0,2.4,2.4,2.9,0,0
82,55,9,462,3,18,108.2,48.9,0,33
82,57,3,18,0,0.5,1.5,5.4,0,0
82,59,1,2,0,0.2,0.1,0.5,0,0
82,60,1,6,0,0.7,0.8,1,0,0
82,61,3,10,0,1.1,1.3,1.7,0,0
82,62,2,5,0.1,0.4,0.5,1.4,0,0
82,63,5,10,0.1,0.6,1,2.9,0,0
82,64,7,61,0,5,2,16.1,0,0
82,65,8,93,0.9,14.9,9.2,10.9,0,0
82,66,3,63,1,3,7,14,0,0
82,67,10,263.5,2.1,10.1,52.1,29.9,0,7
82,68,12,225.5,3,22.1,36,32.9,1,6
82,69,15,249,0.9,19.2,31.1,45.8,0,3.9
82,70,9,142.5,0.9,19,9.8,27.3,0,0
82,71,12,576.5,8,25.9,94.2,83.9,1,9
82,72,10,172.5,0.9,17.2,27.9,21.9,0,0
82,77,6,973.5,334.9,15.1,32.1,13,0,342
82,78,3,5738.5,483.9,663,535.1,1688,8,674
82,79,4,2701.5,377,536.9,123,404,1,470
82,80,0,4870.5,523,1485,136,80,0,1099
82,81,9,1577.5,58.7,373.3,262.9,1,1,314.1
82,82,8,860.5,19.2,121.1,189.9,61,0,82
82,83,4,290.5,12.9,12.2,73.9,11,0,20
82,84,1,19,0.3,1.2,3.6,2.1,0,0.3
82,88,1,6,0.1,0.5,0.5,1.4,0,0
82,90,7,101,1.1,14,12.1,14.8,0,0
82,91,10,446,0,50.1,49.1,87.8,2,18.1
82,92,2,2,0,0.2,0.2,0.6,0,0
82,93,5,130,2,8,4,49,0,0
82,94,4,57,0,4,3,17,0,0
82,97,17,479,17.1,31.1,58,113.9,0,27
82,98,5,145,1.8,11.7,7.2,40.8,0,0
82,103,3,53,0,1.1,2,26.9,0,0
82,104,4,38.5,1,0,1.8,18.7,0,0
82,105,1,1,0.1,0,0.1,0.4,0,0
82,107,5,46,0,1.1,3.9,21,0,0
82,108,1,1,0,0,0.1,0.4,0,0
82,109,11,80.5,0,3.2,4,30.4,0,0
82,110,7,112,0,3,6.1,49,0,0
82,111,2,13,0,0,0.6,6.5,0,0
82,112,3,46,0,0,4.1,14,0,0
82,116,4,173.5,1,4.1,17,44.9,0,5
82,117,4,93.5,1,2,2,35.1,0,0
82,118,1,11,0,0.2,0.8,3.7,0,0
82,123,1,2,0,0.1,0.1,0.7,0,0
82,124,6,193,2.8,26,16,32.1,0,0
82,125,1,5,0.1,0.6,0.7,0.4,0,0
82,126,3,9,0,1,0.8,2.3,0,0
83,0,8,76,3.1,7.9,12.1,5,0,0
83,1,6,31,1.9,3.5,2.1,2.9,0,0
83,2,13,700,13.1,62.1,156.1,40,1,12
83,3,10,102.5,3.8,3.2,13,20,0,0
83,4,2,18,0,0,1.7,5.1,0,0
83,5,1,2,0,0,0.2,0.6,0,0
83,6,2,1344.5,15,457,32,2,0,3
83,7,0,4073.5,237,747,586,60,0,89
83,8,4,1681.5,101.1,214,320,41.9,1,51
83,9,10,57.5,2.8,8.9,7.5,2.7,0,0
83,10,3,2604,171.1,420,291,23.9,0,355
83,11,2,4397.5,977,267,403,58,0,764
83,12,3,916.5,2,0,338,22,0,28
83,13,3,1594,297,69,260,89,0,153
83,14,7,2433,573,276,119,93,0,228.1
83,15,5,2207.5,391,262,110,260,0,64
83,16,3,3591,188,235,233,915,28,381
83,17,2,12389.5,605,935,3147,1317,3,975
83,18,2,14168.5,1288.9,2335.1,1817,1409,1,1303
83,19,2,8826.5,1980,511,985,728,27,710
83,20,5,5047,932,246,788.9,214.1,1,895
83,21,1,2,0,0,0.5,0.4,0,0
83,22,5,176,8.9,16,24,15.1,0,0
83,23,2,5176.5,1342,185,117.1,179.9,2,1166
83,24,4,3960,567.9,321.1,614,33,1,658
83,25,8,832,160.8,113.1,30.2,7,0,0
83,26,0,599.5,11,27,137,48,0,0
83,27,3,174,0,37,23,0,0,0
83,28,2,171,2,20.2,35,3,0,0
83,29,2,7,0,1.8,1,0,0,0
83,33,4,34,0,0.9,2.5,7.4,0,0
83,34,4,22,0.8,0.5,2.7,5.4,0,0
83,35,5,403,3.9,18.1,111.9,31.1,0,24
83,36,10,424,2.6,12.4,118.7,16.9,0,22
83,37,2,5.5,0,0.4,1.1,0.5,0,0
83,39,7,130,0.5,6.3,31.7,3.8,0,0
83,40,4,291.5,0,8.9,66,20.2,0,0
83,41,10,181.5,2.9,20.8,26.1,13.1,0,0
83,42,11,90,0,21,8,4,0,0
83,43,1,5,0.1,0.3,0.3,1.1,0,0
83,44,8,41.5,1.6,0,2.1,12.5,0,0
83,45,1,5,0.2,0,0.2,1.5,0,0
83,46,6,28.5,0,0.7,4.5,4.2,0,0
83,47,2,9,0,0.2,1.4,1.3,0,0
83,48,1,1,0,0,0.2,0.2,0,0
83,49,1,1,0,0,0.2,0.2,0,0
83,50,2,7.5,0,0.1,1.1,1.7,0,0
83,51,2,9,0,0.2,1.2,2.1,0,0
83,52,6,21,0,1.4,2.1,6.2,0,0
83,54,9,30,0,4.3,4.8,5.4,0,0
83,55,6,218,1,7,54,14,0,0
83,56,2,16,0,0.5,1.4,4.7,0,0
83,57,9,57.5,0.8,1.1,5,14.1,0,0
83,59,4,28,0,2.6,1.1,7.3,0,0
83,60,7,60,0,7,8,10,0,0
83,61,3,8,0,0.9,1,1.4,0,0
83,62,7,32,0.6,2.1,3.4,9,0,0
83,63,7,40,0,1,2.1,12.9,0,0
83,64,6,34,0.9,0,2.2,7.1,0,0
83,65,2,13,0.3,0,0.9,2.7,0,0
83,66,3,28,0,4,0,9,0,0
83,67,4,31,2.1,0.9,1,8,0,0
83,68,8,32,0,1.8,2.3,9.8,0,0
83,69,6,89.5,0,13,15,8,0,4
83,70,7,123,1,7.9,17.1,18,0,0
83,71,5,87,3,14,12,6,1,0
83,72,11,571,22.8,77.8,90.1,51.2,0,19
83,73,5,634,5,80.9,124,67,0,50
83,78,3,1980,196,159,208,617,0,306
83,79,2,1950.5,305,286,248,228,1,414
83,80,2,2201.5,725,145,100,0,0,687
83,81,5,132.5,2.9,40.1,3,4.1,0,36
83,82,9,467.5,7,136.1,60,19,0,13
83,83,6,391,14,53.9,63.9,13.1,0,2
83,84,5,732.5,8,54,150,77,1,57
83,85,4,188.5,10.7,12.8,25.4,22.9,0,4.6
83,86,4,23,0,3.7,3,3.6,0,0
83,87,8,118,1,16.5,16,16,0,0
83,88,9,190.5,1.1,21.5,22.5,34.5,0,0
83,91,5,75,0,9,7,8.9,0,0
83,92,10,214,0.8,14.1,19.8,49.2,0,0
83,93,9,93.5,1.8,6.9,5,33.2,0,0
83,96,2,64.5,2,1,2,21,0,0
83,97,6,35,2.1,4.9,6.1,3,0,0
83,98,4,10,0,1.4,0.8,2.2,0,0
83,99,9,136.5,1.1,12,10,45,0,0
83,100,2,7,0.3,0.4,1,2.2,0,0
83,101,2,17,0.6,1.1,2.4,5.3,0,0
83,102,3,12,0,0.5,0.6,4.9,0,0
83,103,1,10,0,0.4,0.5,4.1,0,0
83,106,4,48,0,3,8,15,0,0
83,110,4,52,0,1,7,12,0,0
83,111,2,27,0,0,1.4,13.5,0,0
83,112,10,223,1,5.9,27.9,59.2,0,18
83,113,6,202.5,2,7,25.1,56.9,0,1
83,114,2,15,0,1.5,1.3,4.6,0,0
83,115,1,1,0,0.1,0.1,0.3,0,0
83,116,2,10.5,0,0.4,1.6,2.4,0,0
83,117,2,16,0,0.6,2.4,3.6,0,0
83,119,2,9,0,0.2,0.7,2.9,0,0
83,122,1,1,0,0,0.1,0.4,0,0
83,124,4,135,2.8,7.4,22.5,14.6,0,0
83,125,11,282,2.1,50,47,9.9,0,1
83,126,10,96.5,0,8.6,5.2,28.3,0,0
84,0,8,76,7,13,2.2,5.9,0,0
84,1,8,55,3.2,3.2,1.7,10.6,0,0
84,2,11,760.5,6,116.2,114.1,54.9,0,0
84,3,13,123.5,3.9,9.2,20,14.9,0,0
84,4,8,51,5.1,7.9,5.9,3,0,0
84,6,1,4,0.1,0.4,0.1,0.6,0,0
84,7,3,725,2.8,121.2,128.9,5.6,0,90
84,8,9,186,7.3,23.3,28.6,11.1,0,0
84,9,3,7,0.6,0.6,0.5,1,0,0
84,10,7,29,5.2,0,2,3.9,0,0
84,11,3,53,6,1,6.1,5.9,0,0
84,12,5,152,0.9,1.1,38,7,0,0
84,13,6,1006,14.1,33.9,419.9,18.1,0,77
84,14,6,7382,1793,337.9,662.1,327,1,1645
84,15,3,4135,579.9,344.1,466,444,2,175
84,16,3,3388.5,694,212,293,162,0,125
84,17,3,5637.5,908,201,610,410,0,518
84,18,4,6277.5,1163,755,554.1,292.9,1,609.9
84,19,7,3209,573.9,160.1,166.9,237,1,531
84,20,6,2652,56.9,247,680,63.1,0,385.1
84,21,2,808.5,191,58,5,12,0,236
84,23,5,4402,592,913.1,196.1,71.9,0,1274
84,24,2,8773.5,1460.1,1406,583,127.9,44,1812
84,25,4,1607,428,21,235.1,71,1,275
84,30,2,7,0.4,0.2,1.1,1.1,0,0
84,31,2,3,0.1,0.1,0.5,0.5,0,0
84,34,5,18,0.3,2.6,1.6,2.9,0,0
84,35,8,283,1,48.2,34.9,17.8,0,0
84,36,3,525,1,51,108,12,1,14
84,37,6,20,0,2.3,2,3.7,0,0
84,38,4,27,0.4,0.7,3.6,4.4,0,0
84,39,7,411,4,46,53.1,43,0,6
84,40,7,27,0,2.9,2,4.2,0,0
84,41,1,4,0,0.5,0.3,0.6,0,0
84,42,4,20,0,3.8,1.1,1.6,0,0
84,44,1,1,0,0.2,0.1,0.1,0,0
84,46,2,6,0,0,0.4,1.4,0,0
84,47,7,30,0,0.9,2.1,9.9,0,0
84,48,3,17,0.4,0.5,0.8,4.3,0,0
84,49,5,19,0.4,0.6,0.8,5,0,0
84,50,6,24,0,0.5,1.7,6,0.7,0
84,51,1,2,0,0,0.1,0.5,0.1,0
84,52,2,4,0,0.4,0.2,1,0,0
84,53,2,5,0,0.5,0.2,1.2,0,0
84,54,1,3,0.1,0.2,0.3,0.6,0,0
84,55,8,44,2,3.4,3.9,9,0,0
84,56,6,51,1.1,3.1,7.9,5.9,0,0
84,57,7,24,0,0.5,1.8,8.7,0,0
84,59,5,145.5,0,9,24,16,0,0
84,60,9,454,3,19.9,100,30.1,1.1,9
84,61,12,401.5,14.8,40.9,48.1,56.2,1.2,14
84,62,10,63,0,0,3.8,18.1,0,0
84,63,2,6,0,0,0.2,2,0,0
84,64,1,2,0,0.1,0.2,0.4,0,0
84,65,12,69.5,0,2.5,8.3,13.8,0,0
84,66,2,7,0,0.5,0.5,2.1,0,0
84,67,2,18,0,1.3,1.5,5.1,0,0
84,68,7,41,0,2,3.1,12.9,0,0
84,69,6,108,1.1,7,13.1,15.9,0,0
84,70,2,10,0,1.9,0,3.1,0,0
84,71,10,85,1.7,11.2,2,24.1,0,0
84,72,4,123,3,16.9,30,7.1,0,20
84,73,7,339.5,18.2,29,46.8,42.9,0,4
84,74,8,89,0,2,8.1,29.9,0,0
84,81,1,4,0,0.5,0.7,0.1,0,0
84,82,3,34,0,4.5,5.4,0.8,0,0
84,83,3,194.5,5,44,22,7,0,0
84,84,3,29,3,0,0,14,0,0
84,85,10,365,4.8,18.2,78.1,17.8,0,21.8
84,86,6,264.5,0,112,7,1,0,0
84,87,8,122.5,27,7,12,6,0,19
84,88,3,32,0,4.9,3,4.1,0,0
84,93,2,9,0.2,1.2,0.7,1.8,0,0
84,94,14,400,7,27.1,16.9,133,0,0
84,95,4,21,0,5.1,0,6.9,0,0
84,96,5,47,0,2,3.1,16.9,0,0
84,97,4,32,0,1.9,0.9,11.2,0,0
84,100,4,52,0,0,6.5,13.9,0,0
84,101,1,4,0,0,0.5,1.1,0,0
84,102,1,22,0.5,0.5,0.9,6.5,0,0
84,103,2,68,0,0,1,28,0,0
84,104,5,34.5,0,0.9,3,11,0,0
84,105,1,4,0,0.1,0.2,1.8,0,0
84,106,4,73,2,3,7,24,0,0
84,108,5,95,1,4,5,34,0,0
84,111,3,35.5,0,0.7,1.6,12.3,0,0
84,113,2,27,1,1.9,2.1,9,0,0
84,114,7,148,2.9,8.1,15.4,43.5,0,0
84,115,1,12,0.2,0.9,1.7,2.4,0,0
84,119,5,23,0.9,0,1.8,6.8,1.1,0
84,125,1,2,0.4,0.9,0,0.1,0,0
84,127,6,30,0,4.6,3.8,4.4,0,0
79,0,4,21.5,0,3,4.1,3.9,0,0
79,1,5,87.5,10.9,4.1,13.1,5,0,0
79,2,10,151,3.1,16,38.9,8.1,1,0
79,3,8,1431,66,120,238.1,197.9,2,59
79,4,5,2206,87.9,208,352.1,311,1,111
79,5,11,164,18.2,40.1,12,0.8,0,0
79,6,10,60,7.1,3.5,7.3,3.1,0.7,0
79,7,7,2355.5,254.8,180,360.2,123,2,399
79,8,7,880,128.8,165.1,74,9.1,2,56
79,9,2,20,0.5,0,0,8.3,0,0
79,10,3,110,0,41.1,0,1,0,0
79,12,0,276.5,16,19,9,68,0,45
79,13,3,84,0,0,15,22,3,35
79,14,4,2078,3.1,623.9,151.1,0,0,547.1
79,15,2,5528.5,74,483,1593,425,1,619
79,16,4,13861.5,1444,517,3332.9,2100,11.2,1069
79,17,0,19026,967,908,2010,6959,8,1139
79,18,0,12996.5,776,308,777,4752,14,419
79,19,0,18927.5,1006,599,743,7021,31,816
79,20,0,11842,998,343,1271,3267,7,379
79,21,0,7209.5,1745,862,688,319,5,489
79,22,4,4108,802.1,209,577,327,6,553
79,23,7,2332,41.9,585,204.1,61,0,376
79,24,6,1577.5,11,149.9,344,143.9,0,131
79,25,3,1555.5,53,147,262.9,132,1,42
79,26,7,823.5,64,95.1,159.9,29.9,0,61
79,27,7,1758,72.1,107.9,116,469.1,2,69
79,28,6,553.5,24,94,41,41,0,54
79,29,10,961,42,198.9,126.1,49,0,191
79,30,3,1182,78,107,171,103,18,16
79,31,6,756.5,20.1,43.9,46.1,196.9,0,0
79,32,5,1334,108.9,284,85.3,89.9,2,158
79,33,5,1576,104.9,258,185,62,1,125
79,34,9,924,14.2,116.9,176,47.8,2,38
79,35,7,1404.5,14,78,296,98.9,7,48.1
79,36,8,1045,10,69,205.2,76.8,0,9
79,37,4,1404,21,106,305,125,0,115
79,38,3,233.5,1,40,33,5,0,0
79,39,3,141.5,0,19.1,30.9,2,0,0
79,40,12,831,0.8,57.9,194.2,30,0,23
79,41,1,1,0,0.1,0.1,0.1,0,0
79,42,7,189.5,0,32,30.1,6,0,0
79,43,6,60,0,8.9,10.1,4.9,0,0
79,44,8,1121,6.2,122.4,225.4,99.4,0,36
79,46,3,9,0.1,0.4,1,1.8,0,0
79,48,5,219.5,0,39.1,40.9,5,0,12
79,49,6,28,0,2.1,3.4,4.4,0,0
79,50,7,28,0.7,0.8,2,8.5,0,0
79,51,3,12,0.3,0.4,0.8,3.7,0,0
79,52,6,276.5,2,5,66,15.1,0,0
79,53,7,360.5,0,9.1,96.1,17.9,0,15
79,54,1,2,0,0.2,0.1,0.5,0,0
79,55,14,90,1.8,6.5,4.3,21.3,0,0
79,56,3,14,0,0.7,2.3,4.5,0,0
79,58,4,32,0,0.6,7.7,3.2,0,0
79,59,3,189.5,0,8,50,10,0,0
79,60,9,333,5,15.3,53,47.8,1,0
79,61,1,10,0,0.8,0,2.8,0,0
79,62,1,5,0.3,0.5,0.2,1.6,0,0
79,63,3,114,49.9,1.2,0.3,5.8,0,49
79,64,4,1522,114,111,249,325,0,213
79,65,3,44,0.9,0.9,10.1,2,0,0
79,66,3,7,0,0.2,0,3.5,0,0
79,71,4,63,4.1,13.1,2,16,0.9,0
79,72,4,447.5,17.1,99,70,29,0,81
79,73,1,2,0.1,0.2,0.3,0.1,0,0
79,74,3,18,1.6,1.1,2.4,1.4,0,0
79,75,8,178.5,13.5,19.9,15.5,20.6,0,0
79,76,5,50.5,0,2.1,5,11.9,0,0
79,77,9,278.5,5.9,9.2,59,22.9,0,0
79,78,7,421,12.7,54.2,65.2,35,0,38
79,79,11,502,21.1,57.1,87.9,48.1,0,17.1
79,80,13,613,34.9,98,62.1,80,0,4
79,81,11,55.5,1.3,8.9,5.1,8.8,0,0
79,82,14,99,6.7,17.4,12,9.1,0,0
79,83,6,156.5,10,15,17.2,19.7,0,0
79,84,9,57,0,10.1,1.8,12.2,0,0
79,85,4,17,0.3,3.6,1.4,3.2,0,0
79,87,3,38,1.1,3.9,3,9,0,0
79,88,4,39,0,3.6,8.8,7.1,0,0
79,89,7,83,0,3.1,20.9,3,0,0
79,90,2,17.5,0.9,0.6,2.5,2.9,0,0
79,91,3,115,1.9,1.4,9.8,32.5,0,0
79,92,2,10,0.5,0.8,0.5,3.2,0,0
79,94,3,12,0,0.8,1.4,2.8,0,1
79,95,10,181.5,3.9,10.9,28.2,37.8,0,0
79,96,11,189,5.9,8.9,8.2,65,0,0
79,97,3,51,1,4,1,20,0,0
79,98,2,13,0,0.9,3.2,1.9,0,0
79,99,2,40,0,1.7,6.6,13.4,0,0
79,101,3,15,0.4,0.9,0.4,8.2,0,0
79,107,1,4,0,0.1,0,1.5,0,0
79,114,2,5,0.1,0.7,0.7,0.8,0,0
79,115,8,85,2.5,10.1,9.3,19.8,0,0
79,117,2,8,0,0.6,0.9,1.8,0,0
79,118,1,9,0,1.4,0.9,1.5,0,0
79,119,4,42,0,6.3,4.3,7,0,0
79,122,10,161,0,10.9,30.1,19.2,0,0
79,123,2,21,0,0.9,4.5,2.3,0,0
79,124,2,13,0,0.4,0.9,3.6,0,0
79,125,6,105.5,1,16.9,18.1,4,0,0
79,126,5,22,0.8,1.3,4.2,2,0,0
79,127,1,10,0.3,0.6,1.9,1,0,0
80,0,7,41,1.9,8.1,4.8,3.1,0,0
80,1,10,78.5,1.9,14.2,9,9.9,0,0
80,2,4,635.5,16,38,208.1,25,0,80
80,3,7,665,2,222,24,2.9,0,0
80,4,7,918,42,163,131.1,11,1,19
80,5,1,5,0.2,0.1,0.6,1,0,0
80,7,2,1729.5,309.7,219.7,145,34,0,187
80,8,4,2615,134,221,629.9,47.1,2,191
80,9,3,1778.5,76,327.1,201,58.9,0,1
80,10,3,4918.5,688,435,442,8,0,826
80,11,5,6634,1518.1,137,371.9,168.9,1,1290
80,12,0,12244,988,1022,1876,990,5,2083
80,13,5,2412,315,144,409.1,98.9,1,539
80,14,0,10410.5,1249,1615,1524,339,4,1208
80,15,3,9633.5,1047,823,1761,977,5,1459
80,16,2,15514,633,2317,3985,1060,1,1468
80,17,2,21711,1058,2118,5486,2794,2,1833
80,18,3,14379,1193,2638,902,2663,2,1336
80,19,0,17641.5,2025,1380,975,4568,14,913
80,20,2,580,21,0,228,5,0,0
80,21,3,5487.5,1371,307,396,439.9,4,884
80,22,2,6043.5,1573,216,564,503,7,198
80,23,5,2850,345,553.9,274.1,146,19,68
80,24,7,1023,45.2,57,122.9,166,1.9,8
80,25,6,827,44.9,138,60.1,100.1,0,90
80,26,9,3541.5,161.2,459,682.9,348.9,0,204
80,27,6,1219.5,57,101.1,181.8,102,4,15
80,28,6,203,14.4,9.9,42,8.3,0,0
80,29,5,1202.5,50.9,67.1,160,193,0,17
80,30,4,2183,238.9,361,223,116,1,225
80,31,2,3553,227,505,617,455,6,287
80,32,5,629.5,121,25,66,13,0,111
80,33,3,2266,49,259,443.1,188.9,2,188
80,34,6,463.5,2,48,71,50.9,0,0
80,35,3,266.5,2,38,32.1,31,0,0
80,37,1,4,0,0.4,0.6,0.4,0,0
80,40,5,189,2,21.8,31.2,11,0,0
80,43,2,16,0.1,1.6,1.1,2.5,0,0
80,44,3,243,0,12,57,9,0,0
80,45,4,42,0,2,8,5,0,0
80,46,8,370.5,3,17.2,80.9,14.9,1,6
80,47,9,235.5,4,7.2,44.9,23,1,0
80,48,4,21,0,0.8,1,6,0.3,0
80,49,1,8,0,0.3,0.4,2.3,0.1,0
80,50,7,33.5,0,1.7,2,10.4,0,0
80,51,4,40,0,1,11.1,4.9,0,0
80,52,4,47,0,2.9,5.8,7.9,0,0
80,53,5,94,0,8.2,16,6.9,0,0
80,54,3,40.5,0,2,6,5,0,0
80,55,7,37,0,3,0,11.9,0,0
80,56,3,16,0,1.4,0.6,4.2,0,0
80,57,2,5,0,0.5,0.2,1.3,0,0
80,58,8,248.5,0,2,59.9,22.1,0,0
80,59,5,143,1,11.6,14.7,22.4,0,1
80,60,7,160,0,10.1,17.9,27.1,0,0
80,61,8,109,0.9,10.1,2.9,22.1,1,0
80,62,8,35.5,2,7.1,0,7.1,0,0
80,63,8,90.5,3.2,8.9,11,12.9,0,0
80,64,8,988,17,77.1,218,147.9,2,151
80,65,7,152,2,24.1,22.9,9.8,0,0
80,66,7,15,0,1,0.5,4.4,0,0
80,67,4,54,0,3.9,1.7,15.6,0,0
80,71,2,12,0.5,0,0,4.8,0,0
80,74,3,86.5,3.1,24,0,10.9,0,0
80,75,2,298,14,17,46,43,0,0
80,76,6,633.5,21,14,149,88,2,12
80,77,6,1188,32,386.9,32.1,22.9,1,328
80,78,7,945,100.9,105,192,7,0,129
80,79,5,1754.5,192.9,318.1,335,41,1,240
80,80,10,276,15.1,12,53.2,16.9,0,30
80,81,11,169,13.1,15.9,13.9,24.8,0,1.9
80,82,8,161,9.1,14.9,21,24,0,0
80,83,10,512.5,16.8,65.1,99.1,42.1,0,30
80,84,11,614.5,10,50.9,117.2,50.8,0,16
80,85,8,49,0,11.6,2.7,3.6,0,0
80,86,4,395,3,33,70,39.1,0,0
80,87,3,42,1.1,4,5,7.9,0,0
80,89,2,12,0,0,3.2,1.8,0,0
80,90,4,77,0,0,13.9,11.1,1,0
80,91,5,107,1,17.9,17,13,0,6
80,92,6,39,0,1,6.3,7.2,0,0
80,93,8,80.5,1,2,13,22.9,0,0
80,94,6,22,0.9,4.1,2.1,3.9,0,0
80,96,1,2,0.1,0.1,0.1,0.6,0,0
80,97,5,51,1.7,3.3,4.1,14.8,0,0
80,98,7,136,1,8.9,11.7,39,0,0
80,99,1,1,0,0.1,0.2,0.1,0,0
80,102,1,2,0.1,0.1,0.3,0.6,0,0
80,104,1,2,0,0.1,0.3,0.4,0,0
80,110,3,27,0,1.5,2.7,6.6,0,0
80,111,2,11,0,0.6,1.1,2.7,0,0
80,115,7,113.5,2,8.9,13.1,28.7,0,0
80,117,2,12,0.3,0.3,0.3,3.4,0,0
80,118,2,6,0,0.2,0.4,2,0,0
80,123,1,6,0,0.2,0.4,2.2,0,0
80,124,3,18,0.3,1.3,1.1,5.1,0,0
80,125,10,308.5,1.1,21.9,75,15.2,0,0
81,0,9,75,3.9,9,8,5.1,0,0
81,1,14,164.5,4.1,18,15.9,32.2,0,0
81,2,7,555.5,3.7,82.7,88.3,20,0,0
81,3,3,12,0.1,1.3,1.8,1.1,0,0
81,4,10,448,36.1,64.9,42.2,15.9,0,6
81,5,5,113.5,3.8,1.9,13.4,21,0,0
81,7,1,11,1.3,3.4,0,0,0,0
81,8,3,326,0,8,81.9,0,0,0
81,9,4,305,0,19.1,75.9,0,0,0
81,10,5,7381.5,1858.1,312.9,328.1,0,3,1678
81,11,2,11305,500,2890,528,139,2,2066
81,12,9,814,222,3,4,79.1,0,232
81,13,2,1368,65,11,507,5,1,64
81,14,2,14601.5,2581,1705,1912,268,3,3594
81,15,0,15557.5,1980,892,3807,1235,10,2734
81,16,0,17701,1605,2228,4039,1223,2,592
81,17,0,19648,1204,1382,5257,1962,6,1882
81,18,2,17735,895,2349,3371,2398,14,1293
81,19,0,20738,785,3355,4158,1843,11,2669
81,20,6,4155.5,106,1674,288,120,0,452
81,21,2,1769.5,43,136,502,197,3,97
81,22,3,3501,407,389.1,320.9,330,17,112
81,23,3,1369,134.9,218.1,232,61,0,12
81,24,5,2236,257,304,276,155,1,78
81,25,5,2227.5,271,269.1,331.9,57,0,431
81,26,16,659,67.2,154.7,26,34.2,0.9,0
81,27,8,1291.5,18,146.9,241,92,0,37
81,28,5,819.5,31.2,75,113.1,68.8,1,0
81,29,2,9,0.6,0.9,1.3,0.8,0,0
81,30,3,221,9,42.1,27.9,2,0,0
81,31,4,1853.5,40,188.9,386,106.1,0,0
81,32,13,85,1.9,8.3,12.1,11.7,0,0
81,33,6,107.5,3.1,16,9,12.9,0,0
81,34,1,3,0,0.2,0.3,0.6,0,0
81,35,7,123,1.1,11.7,10.9,19.2,0,0
81,37,1,1,0,0.1,0.2,0.1,0,0
81,38,2,14,0.2,1.5,2,1.3,0,0
81,40,4,31.5,0,7,2.1,1.9,0,0
81,41,6,68,0,12.2,4,10,0,0
81,42,1,3,0,0.3,0.2,0.5,0,0
81,43,10,132,0.9,11.9,10.9,23.1,0,0
81,44,7,434.5,10,21.1,105,35,0.9,48
81,45,9,396.5,3,55.8,58.1,29,1,0
81,46,7,173,2,10.9,36.2,15.9,0,0
81,47,7,618.5,3,37,122.9,69.2,5,0
81,48,4,28,0,1.1,1.3,7.9,0.4,0
81,49,4,21,0,0.8,1.1,6,0.2,0
81,50,1,2,0,0.1,0.1,0.6,0,0
81,52,5,43,0,5,7,6,0,0
81,53,2,18,0,1.1,2.3,3,0,0
81,54,6,58,0,1,10.1,13.8,0,0
81,55,8,41,0,2.7,3.2,10.2,0,0
81,57,1,3,0,0.3,0.1,0.8,0,0
81,58,1,4,0,0.3,0.5,0.5,0,0.1
81,61,2,93,0,7,10,22,0,0
81,62,5,130,2,2,10,38.1,0,0
81,63,4,25,0,2,1,8,0,0
81,64,14,487.5,8.8,82.1,68,43,1,19
81,65,13,168.5,4,12.7,33.3,16.2,0,0
81,66,18,169,4.2,9.1,11,41.9,0,0
81,67,11,124,0.8,12.5,13.4,27.3,0,0
81,68,7,65,0.9,9,1.1,15,0,0
81,69,2,6,0.2,0,0,2.4,0,0
81,71,2,7,0.3,0,0,2.8,0,0
81,72,6,108,4.1,1,5,35,0,0
81,76,0,23,7,0,0,4,0,0
81,77,5,2726.5,622.1,192,203.1,122.9,0,527
81,78,3,2424,735,182,193,92,1,652
81,79,5,3000,300.9,601.1,576,265,0,283
81,80,4,1792,223,240.9,244.1,118,2,79
81,81,6,454.5,75.1,44.9,47,21,0,2
81,82,6,139,1.6,37.2,13.4,4.4,0,0.8
81,83,6,18,0.7,3.8,1.6,1.3,0,0.2
81,85,3,14,0,3.4,0.7,1,0,0
81,86,8,139.5,4.9,15.2,26,6,0,0
81,87,6,123.5,3.1,9,21,13.9,0,0
81,88,9,181.5,2.9,9,22.9,41.2,0,0
81,89,3,154,2,5,43.9,10.2,0,20
81,91,1,6,0,0,1.1,0.8,0.1,0
81,92,1,4,0,0.1,0.7,0.7,0,0
81,93,8,331.5,3,20.9,80.1,11.9,0,15
81,94,3,31,0,1,5.9,5.1,0,0
81,96,2,9,0.3,0.6,0.7,2.6,0,0
81,100,8,87,1,2,4.2,34.8,0,0
81,101,5,141,0,15.9,6.1,39.9,0,12
81,103,1,3,0.1,0.2,0.4,1,0,0
81,104,4,40,0,1.7,5.1,8.4,0,0
81,105,2,5,0,0.2,0.7,1,0,0
81,106,6,19,0,1.4,0.5,7.4,0,0
81,107,8,53,0,3.7,1.6,20.5,0,0
81,109,1,2,0,0.1,0.2,0.5,0,0
81,110,4,62,0,2,8,12,0,0
81,112,1,2,0,0.2,0.2,0.6,0,0
81,115,2,3,0,0.3,0.3,0.9,0,0
81,116,4,22.5,2,2.1,0,7.9,0,0
81,117,4,27,0.6,0.7,0.8,7.6,0,0
81,118,2,16,0,0.4,1.1,5.3,0,0
81,122,1,2,0,0.1,0.1,0.7,0,0
81,123,3,70.5,0,2.7,8.2,18.9,0,0
81,124,5,34,0.5,2.7,1.9,9.7,0,0
81,125,1,1,0,0.1,0,0.3,0,0
81,126,1,2,0,0.2,0.2,0.5,0,0
77,0,12,814.5,27,108.7,121.1,39.1,0,16.9
77,1,3,1681,38,207.9,305,109,3,143
77,2,12,167.5,6,23,27.9,3.2,0,0
77,3,7,1892.5,69.9,329.2,327.9,83.1,1,96
77,4,6,604.5,23.6,56.3,61.1,83.4,0,0
77,5,3,13,0.5,0.8,0.9,2.5,0,0
77,7,11,534,1,73.1,83.9,37.9,0,76
77,8,5,2542,195,272,429,232,6,98
77,9,8,1617.5,43,285.1,200,64,3,79
77,10,5,1986.5,158,367.1,122,72,0,179
77,11,5,4126,634.1,263,698.9,144,3,555
77,12,3,2859,419.9,101,254,527.1,6,163
77,13,7,1917.5,150,148,53,512.9,5,254.1
77,14,3,976,173,114,45,143,2,99
77,15,4,1176,189,152,187,5,0,79
77,16,2,6570.5,203,243,1842,843,14,882
77,17,2,4404.5,236,607,559,788,0,179
77,18,6,3665.5,545.9,389,117,733,0,561
77,19,2,5727,767,675,506,905,4,387
77,20,3,5387,1049,794,385,373.1,82,804
77,21,5,4857.5,273,310,1387.1,293.9,6,802
77,22,10,1033,82,278,68,35,0,25
77,23,10,1083.5,77,162,117.1,73.9,0,69
77,24,5,1198,57,84.1,124.1,210,1,20
77,25,7,769.5,45,93.9,64.9,79.1,0,0
77,26,10,45,1.6,2.3,2.9,14.3,0,0
77,27,4,14,0.4,0.8,1,4.4,0,0
77,28,5,160.5,3,12.9,19.2,28,0,9
77,29,14,366.5,15.3,47.1,36.9,39.8,0,0
77,30,1,3,0.1,0.8,0.2,0.1,0,0
77,31,5,1021,20.9,68.1,117.1,199.1,1,13
77,32,7,1365,91.9,154.1,244.1,64,3,82
77,33,12,269,47.9,6,31.9,32,0,63
77,34,4,19,1,0.6,1.3,4.2,0,0
77,36,1,3,0.2,0.1,0.4,0.4,0,0
77,37,11,375,13,24.2,75.9,14,0.9,46
77,38,14,804.5,83,122.9,57.1,64,0,16
77,39,9,688.5,27.9,51.9,114.2,48.1,0,0
77,40,4,32,1,2,8,1,0,0
77,41,4,512.5,4,43,126,17,0,31
77,42,12,527.5,1.8,71,81,39.1,0,0
77,43,5,25,0,2.5,3.1,3.8,0,0
77,44,5,14,0,1.6,1.6,4.6,0,0
77,45,4,11,0,1.3,1.4,3.5,0,0
77,47,13,139,0.7,4.8,16.4,28.5,0,0
77,48,6,66,0,2,5,13.1,0.8,0
77,50,2,11,0,1.2,1.3,2.1,0,0
77,51,2,17,0,1.8,2,3.3,0,0
77,52,9,182.5,2.1,3.7,25,44.1,0,0
77,53,6,51,0,5.1,0.8,13,1.1,0
77,54,13,102.5,6.1,15.9,4.9,12.2,0,0
77,55,13,167,0.9,19.1,28,14,0,0
77,56,4,236,3.9,14,35,46.1,1,0
77,57,7,559.5,3,64,88,56.9,0,0
77,58,8,287.5,10,17.1,39,32.9,1,0
77,59,4,15,0.2,1.5,2.8,0.9,0,0
77,60,6,51,0,4.9,3.5,12,0,0
77,61,11,100,1,4,7,25,0,0
77,62,9,53,0,3.9,1.9,13.1,2.2,0
77,65,3,55,0,1,1,19,0,0
77,66,7,157,2,4,5.1,74.8,0,0
77,67,10,769,16.9,44,97.1,139,0,6
77,68,5,900,15.9,19,170,141,0,31
77,69,11,342,12.4,9.7,74.9,18.9,1.1,0
77,70,10,139,6.1,6.1,10.9,29.8,0,0
77,71,5,268,5,49.1,29.9,24,0,0
77,72,13,252,10,28.9,33,26.2,0,0
77,73,7,135.5,1.1,22,19,13.8,0,0
77,74,10,136.5,10,28,6.9,17.1,1,0
77,75,13,251.5,8.1,24.2,19.1,56.8,1.9,0
77,76,6,168,1,17.1,25.8,31.1,0,2
77,77,2,8,0.3,1,1.4,0.3,0,0
77,78,7,32,1.5,2.9,1.8,6.3,0,0
77,79,6,25,1.3,2.2,1.4,4.8,0,0
77,80,12,195,33.9,12,17.2,20,0,33
77,81,9,71,0.9,6.1,7.1,12.8,0,0
77,82,4,23.5,0,0,4.8,6.8,0,0
77,83,1,1,0,0,0.2,0.3,0,0
77,84,7,36,0,6.6,4.6,4.1,0,0
77,90,3,26.5,0,3,6.7,1.5,0,0
77,91,7,77,1.1,3,12,13,0,0
77,92,6,79,2.1,7.9,4.9,25.1,0,0
77,93,3,22.5,0.5,2.5,2.6,4,0,0
77,94,2,5,0.1,0.5,0.6,0.9,0,0
77,95,2,9,0.2,1,1,1.7,0,0
77,98,5,40,0,2.9,8,7.1,0,2
77,99,1,2,0.1,0.1,0.1,0.7,0,0
77,100,2,13,0,0.6,1,4.2,0,0
77,101,4,34,1,0,2,10.9,0,0
77,103,4,40.5,0.9,1.9,3.1,17.1,0,2
77,104,1,9,0,0.4,0,3.3,0,0
77,107,7,43,0,0,1.7,19.8,0,0
77,108,1,4,0,0.2,0.3,1.4,0,0
77,109,5,47.5,0,2.2,2.8,20.4,0,0
77,110,5,37,0,1.1,3,8.9,0,0
77,111,4,81,0.9,2,4.1,32,0,0
77,113,2,5,0,1.3,0,1.1,0,0
77,114,2,6,0,1.6,0,1.3,0,0
77,117,13,104.5,0.6,18.4,5.9,16.9,0,0
77,118,1,2,0,0.4,0.1,0.3,0,0
77,120,1,3,0,0.1,0.3,0.8,0,0.1
77,122,1,3,0,0.1,0.3,0.8,0,0.1
77,123,2,3,0,0.1,0.3,0.8,0,0
77,124,3,10,0.6,1.1,0.9,2,0,0
77,125,2,7,0.4,0.8,0.6,1.4,0,0
78,0,7,243.5,14.9,21,38,20.2,0,0
78,1,4,1347.5,15,227,257,20,1,76
78,2,0,34,2,11,3,0,0,0
78,3,8,119.5,4.1,10.9,12.1,23,0,0
78,4,7,1512,42,142.9,341.1,78,1,31
78,5,8,907,22.9,108,130,76.9,1,6
78,7,2,15,1.7,0.8,1.9,0.8,0.2,0
78,8,2,14,0.4,0,0,5.7,0,0
78,9,0,63,1,5,13,12,0,0
78,11,3,2598,81,856,12,59.1,0,392
78,12,2,64,3,0,2,20,0,0
78,14,4,1987,73,157,128.1,538.9,0,572
78,15,3,15128,1745,2094.9,3015,402.1,0,2215
78,16,0,7094,384,362,2156,830,2,535
78,17,2,11574,183,253,270,5051,9,309
78,18,4,10614.5,133.9,229,183.1,5240,4,525
78,19,0,18057.5,299,459,825,8212,7,1699
78,20,0,15407,1704,855,2240,2748,0,618
78,21,2,5564,929,844,596,225,16,170
78,22,2,4011,452,949.9,212.1,219,1,243
78,23,10,1732.5,244.8,124.3,196.2,95.7,3,132
78,24,5,1207,55.1,135,108,196,1,40
78,25,18,255,14.9,31.1,26,27.9,0,0
78,26,9,573,19,54,69,71,0,5
78,27,5,944,71.1,110,71.1,116.8,1,22
78,28,4,70,3,11.8,10.2,1.7,0,0
78,29,2,7,0,2.1,0.7,0.4,0,0
78,30,8,741.5,16,43.7,96.2,131,0,20
78,31,9,161.5,1.9,0,54.1,7.1,0,0
78,33,6,37,4.2,3.1,2.5,3,0,0
78,34,9,862.5,12,204.6,93.2,20.9,1.1,43
78,35,9,151.5,8,32.1,10,6.9,0,0
78,36,12,297,12.8,41.1,39,30.1,1,0
78,37,9,1092,41.9,117.9,181.1,56,0,26
78,38,10,752.5,23.9,88.2,93.9,59,1,0
78,39,13,261.5,6.8,26.1,35.9,22.1,0,6
78,40,4,107.5,1.9,8.8,20.9,5,0,0
78,41,8,373.5,7.2,51,45.9,30.9,0,0
78,42,3,1013,9,99,181,81,0,21
78,43,2,157.5,8,15,29,6,0,14
78,44,3,22,0.8,3.6,2.5,1.8,0,0
78,47,1,8,0,0.3,1,1.6,0,0
78,48,10,711,4,45,164.1,58.9,1,49
78,49,3,14,0,1.1,1.7,2.2,0,0
78,50,9,42.5,1,2.1,1.1,11.8,0,0
78,51,1,2,0.1,0.1,0.1,0.6,0,0
78,52,2,6,0,0.1,0.5,1.6,0,0
78,53,7,45,0,0.9,3.6,12.3,0,0
78,54,2,8,0.1,0.6,0.4,2,0,0
78,55,11,531,2,50.3,109.9,41.7,1,31
78,56,4,15,0,0.8,2.4,4.7,0,0
78,57,3,9,0,0.4,1.4,3,0,0
78,58,8,364.5,0.9,14.1,92.1,28.9,0,0
78,59,4,26.5,0,0.5,6.4,2.7,0,0
78,60,6,26,0,2.3,0,7.1,0,0
78,61,5,48,0.8,1.1,0,19.1,0,0
78,62,1,10,0.7,1,0.4,3.1,0,0
78,63,1,2,0.1,0.2,0.1,0.6,0,0
78,64,1,19,0.6,0.6,1.9,4.3,0.6,0
78,65,3,12,0.3,0.3,1.2,2.7,0.5,0
78,67,3,61.5,0,1.8,6,16.3,0,0
78,68,4,130.5,6.9,1,13.1,26,0,0
78,69,4,51.5,1.1,1.9,15.1,0.9,0,0
78,70,7,237.5,4.7,29.2,39.2,12.9,0,0
78,71,12,451.5,33.8,61.1,66,40.1,1,9
78,72,3,1497.5,91.1,186,206.9,185,0,106
78,73,9,431.5,10,76.9,59.6,29.7,0,0
78,74,8,343,9,33.9,63,35,1,0
78,75,7,177,3.9,30,30.1,15.1,0,0
78,76,4,24,4.9,6,0,4.1,0,0
78,77,3,64,2,0,4,22.1,0,0
78,78,18,146.5,10,9.6,11.6,25,0,0
78,79,14,190,17.9,2.9,40,13,0,0
78,80,14,118,7.1,17.9,6,20.2,0,0
78,81,8,164.5,8.2,19.8,25.1,3.8,0,0
78,82,10,404.5,3.9,47.9,57.2,48.1,0,14
78,83,7,55.5,0,9.1,3.8,10.1,0,0
78,84,6,30.5,0.5,6.4,2.7,5.8,0,0
78,86,1,6.5,0,0.3,1.4,1,0,0
78,87,4,34,0,1.8,7.4,5,0,0
78,88,2,5,0,0.5,1.1,0.9,0,0
78,91,2,4,0.2,0.2,0.6,0.6,0,0
78,92,14,429.5,3.9,74,61,52,0,40
78,93,8,344,10.7,15,26.8,107.7,1,0
78,94,1,18,0,1.4,2,4.1,0,1.4
78,95,3,22.5,0,1.7,2.6,5.1,0,1.8
78,96,4,56,0,9.8,10,4.8,0,6
78,97,1,1,0,0.2,0.1,0.2,0,0
78,99,3,5,0,0.4,1.1,0.9,0,0
78,103,5,23,0.5,1.4,0.5,12.9,0,0
78,104,1,1,0,0,0,0.4,0,0
78,107,4,13,0,0.5,0,4.8,0,0
78,108,1,4,0,0,0.3,1.3,0,0
78,109,3,36,0,0,2.7,11.7,0,0
78,114,1,2,0,0.3,0.3,0.3,0,0
78,116,9,203,2.9,11,28.2,43.9,0,2
78,117,11,173,0,13.5,19,38.2,1.1,0
78,118,9,177.5,1,14.9,24,25,1,0
78,119,2,16,0,2.4,1.7,2.6,0,0
78,120,1,15,0,0.7,1.4,4,0,0.4
78,121,1,13.5,0,0.6,1.3,3.6,0,0.3
78,123,2,3,0,0.2,0.6,0.3,0,0
78,124,7,19,0,0.7,1.2,5.3,0,0
78,127,3,35,0,4.1,5,5.9,0,0
95,0,3,21,0.2,3.1,2.1,2.5,0.1,0
95,1,12,87,1.1,12.8,8.7,10.2,0.6,0
95,2,7,1616.5,34.9,164.1,262.9,275,19,131
95,3,6,423,36,108.2,16,5.9,0,25
95,5,3,27,1.2,0,6.3,2.9,0,1.2
95,6,1,2,0,0.6,0,0,0.1,0
95,7,4,488,46,108,13,14,0,0
95,8,5,723.5,79,93.9,75.9,42.1,0,0
95,9,6,302.5,22,65,13.1,19.8,1,0
95,11,1,5,0.4,0.7,0.3,0.3,0,0
95,12,3,12,1.6,0.2,1.7,1.3,0,0
95,16,1,4.5,0.5,0.4,0.1,0.6,0,0
95,17,9,99,10,13.3,2.7,12.7,0.9,0
95,19,8,91,2,12.8,9.7,0,0,0
95,20,3,1896.5,44,486,114,31,0,0
95,21,2,1502.5,60,140,191,184,2,0
95,23,2,17,1,3,1,1.8,0,0
95,24,3,27,1.8,2.7,3.2,0.4,0,0
95,25,2,7,0.4,0.7,0.9,0.1,0,0
95,26,7,1390,67,108,241,109.1,5,62
95,27,4,339.5,5.1,55.9,56,2,1,0
95,29,4,171,2,34,20.1,3.9,0,0
95,30,3,21,0.4,0.6,1.9,4.4,0,0
95,31,4,25,3.1,0,6.1,2.9,0,0
95,32,6,16.5,0.3,1.6,0.6,4.8,0,0
95,33,5,11,0.2,1.1,0.4,3.1,0,0
95,34,6,330.5,0.8,23.5,72.8,16.7,0,0
95,35,1,4,0,0.4,0.8,0.5,0,0
95,36,2,6,0.2,0,0.4,1.4,0,0
95,38,1,2,0.1,0,0.3,0.2,0,0
95,40,1,4,0,0.1,0.4,0.8,0.2,0
95,41,1,1,0,0,0.1,0.2,0.1,0
95,42,1,2,0.3,0.3,0.1,0.3,0,0
95,43,4,696.5,71.1,29.1,156,79.9,0,73
95,44,6,1583.5,40.8,161.1,345.5,173.8,1,91.8
95,45,3,12,0.2,2,1.4,0.9,0,0.2
95,46,1,4,0,0,0.2,1.5,0,0
95,49,2,6,0.2,0.4,0.6,1.6,0,0
95,50,3,16,0.4,0.6,3.2,1.7,0,0
95,51,4,202.5,4.2,5.3,39.2,19.5,0,0
95,52,5,17,0.8,1.9,0.3,4.9,0,0
95,53,1,4,0.2,0.5,0.1,1.1,0,0
95,54,6,14,0,0,0.8,6.2,0,0
95,55,5,10,0,0,0.7,4.3,0,0
95,57,2,5,0,0.5,0,1.2,0,0
95,59,4,11,0,0.6,0.9,4.4,0,0
95,60,6,15,0.4,0.8,1.2,4.5,0,0
95,61,8,399.5,23.1,36.9,90,16.1,0,22
95,62,7,333,7,45.2,56.9,35.8,0,11
95,63,5,21,0,1.6,0.7,7.3,0,0
95,64,6,19,0.3,1.6,1,4.4,0,0
95,65,4,17,0.3,1.2,1,4,0,0
95,66,6,32,0.8,1.1,3.1,6,0,0
95,67,8,73,2.7,13.2,2.9,13.1,0,0
95,68,8,41,2.9,2.9,1.2,8.1,0,0
95,69,8,21,1.2,2.8,0,6.8,0,0
95,70,4,13,0,0.4,0,3.9,0,0
95,71,4,20,0,0.7,0,6,0,0
95,72,3,7,0.3,0.4,1.1,1,0,0
95,73,7,38,1.5,2.1,5.7,5.5,0,0
95,74,7,32,0,3.1,5,6.8,0,5
95,75,2,12,0.7,0.9,0.3,2.2,0,0
95,76,1,3,0.1,0.2,0.3,0.6,0,0
95,77,2,6,0.1,0.5,0.6,1.2,0,0
95,78,11,103,2.1,3.1,20.9,10.9,1.1,0
95,79,5,17,0,2.3,1,3.3,0,0
95,80,7,31,1.1,3.8,3.1,6.1,0,0
95,81,12,253.5,4,12.9,56,29.2,0,15
95,82,3,18,0.3,1.1,1.3,4.3,0,0
95,83,3,4,0,0.3,0.4,0.9,0,0
95,84,6,16,0.2,1,1.4,4.7,0,0
95,85,6,17,0.4,1,1.3,5.1,0,0
95,86,6,197.5,1,4,42.1,15.9,0,0
95,87,4,12,0.5,1,1.2,2.4,0,0
95,88,4,16,0.8,1.5,3.6,3.6,0,0
95,89,9,100,2.9,3.1,24,7.9,0,0
95,90,4,34,0.9,1,6.1,5,0,0
95,91,4,24,0.5,0.7,0,10,0,0
95,92,10,35,0,5.1,1.2,7.7,1.9,0
95,93,6,33,0,5.1,2.9,3.9,0,0
95,94,2,6,0.2,0.4,0.2,1.5,0,0
95,95,1,6,0.2,0.4,0.2,1.5,0,0
95,96,2,3,0,0.3,0.2,0.6,0,0
95,97,6,59,0.7,5,2.4,12.9,0,0
95,98,7,212.5,7.1,17.2,41.8,23.9,0,18
95,99,11,280,4.1,11.1,23.8,91,0,0
95,100,3,44,1,7.1,3,5,0,0
95,101,7,28,3,2,0,7,0,0
95,104,1,4,0,0.5,0.5,1,0,0
95,105,2,2,0,0.2,0.2,0.6,0,0
95,107,7,110.5,1.9,10.9,17.2,19,0,0
95,108,13,196.5,1.9,13.2,23,54,0,0
95,109,4,12,0.3,0.5,1.9,1.2,0,0
95,110,6,53,0,3.5,1.8,18.8,0,0
95,111,7,109,0,2.9,16.1,23,0,0
95,112,7,30,0.8,3.1,3.3,8.2,0,0
95,113,9,45,3.1,3.7,4.2,7,0,0
95,114,18,162.5,6,8.9,9.1,53.1,0,0
95,115,13,143,2.8,12.5,23.7,21.6,0,0
95,116,4,23,0,2.6,0,8,0,0
95,117,1,3,0,0.4,0,1,0,0
95,119,5,34,1,1.9,1.1,9,0,0
95,122,8,283.5,10.2,25,37.8,40.8,3,0
95,123,11,439,18.3,30.2,65.8,60.8,0,0
95,124,9,599.5,16.1,50,124,87.9,0,53
95,125,2,8,0.7,1.3,1.2,0,0,0
95,126,7,85,0,9.1,11.6,9.9,0,0
97,0,6,83,10,9.2,9.9,5.8,0,0
97,1,8,82,3,5.9,1.1,19,0,0
97,2,7,56.5,1.1,11.9,1.2,5.9,0,0
97,3,5,29.5,3,0,2.1,6,0,0
97,5,4,67.5,6,5.1,11,2.9,0,0
97,6,6,1224.5,33,130.1,209.9,92,8,8
97,7,5,42,2.2,7,8,1.9,0,0
97,9,1,5,0.1,0.6,0.4,0.5,0,0
97,15,9,348.5,7.9,16.1,30,83.1,1,0
97,16,3,633,4,18,120,69,2,2
97,17,5,1051,37.9,132.1,151,36,1,5
97,18,8,47.5,2.8,3.7,7.1,5.6,0,0
97,21,1,10,0,0.1,2.5,0.1,0.2,0
97,24,6,850.5,27.1,101.2,128.9,61.9,0,0
97,25,7,59,1.9,4,12,3,0,0
97,26,6,317.5,20,28.1,51,10,0,19
97,27,4,2732.5,350,287,327,166,1,216
97,28,2,214,1,39.9,28.3,1.7,0,0
97,29,2,6,0,1,0.6,0.4,0,0
97,30,5,15,0,0,2.1,2.6,0,0
97,31,4,38,0,1,5.9,5,0,0
97,32,10,70,1.8,7.9,5.8,12.7,0,0
97,35,2,47,1,3,9,2,1,0
97,36,1,3,0.1,0.1,0.6,0.4,0,0
97,37,5,34,1.6,1.6,6.1,3.7,0,0
97,39,1,5,0,0,1.2,0.8,0,0
97,42,6,28,3.1,4.1,2.4,1.9,0.6,0
97,43,7,282,4,31.9,56.1,15.9,0,0
97,44,3,21,0,3.3,1.4,2.8,0,0
97,45,2,4,0,0.6,0.2,0.6,0,0
97,46,4,13,0.2,0,1.3,3.9,0,0
97,47,1,2,0,0,0.2,0.6,0,0
97,48,1,8,0.2,0.5,1.1,1.1,0,0
97,49,3,5,0,0.3,0.8,0.7,0,0
97,50,3,8,0,0.3,0.5,2.4,0,0
97,51,5,17,0,0.6,1.1,5.1,0,0
97,52,3,8,0,0.7,0.4,2,0,0
97,53,4,17,0,1.2,0.9,4.4,0,0
97,54,1,3,0,0.2,0.3,1.1,0,0
97,55,5,13,0,1.1,1.1,4.7,0,0
97,56,5,32,1.5,2.2,3,3.5,0,0
97,57,2,6,0.3,0.4,0.6,0.6,0,0
97,58,4,13,0.4,1.3,0,4.5,0,0
97,59,3,11,0.2,1.3,0,3.8,0,0
97,60,6,16,0.5,0.9,0.1,4.9,0,0
97,61,7,21,0.7,0.9,0.5,6.3,0,0
97,62,12,43,0.6,0,1.3,15.9,0,0
97,63,9,175,0,7,44.1,11.1,0,0
97,64,8,371.5,2,11.9,85.9,24.1,0,3
97,65,10,33,0,2.2,1.2,9.9,0,0
97,66,11,37.5,0,3.8,3,11.2,0,0
97,67,6,26,0,4.1,1.1,6.9,0,0
97,68,1,3,0.1,0.2,0,1,0,0
97,69,4,16,0.6,0.9,0.2,5.2,0,0
97,70,3,22,0.5,1.9,1.4,4.3,0,0
97,71,6,113,0.8,5.1,15.9,15.2,0,0
97,72,8,42,1,3.1,1,10.9,0,0
97,73,7,44,0,2.1,0.5,12.7,0,1.5
97,74,3,10,0,0.9,1.4,1.1,0,0.6
97,75,3,10,0,0.9,1.4,1.1,0,0.5
97,76,8,34,0,2.4,1.5,10.2,0,0
97,77,9,44,0,5.2,0,8.9,0,0
97,78,10,33,2.1,3.3,2.1,7.8,0,0
97,79,3,12,0.6,1.2,0.6,3,0,0
97,80,9,57,0,3.1,8.1,9,0,0
97,81,4,21,0.5,1.7,0.6,3.5,0,0
97,83,3,8,0.1,0.3,0.7,2.1,0,0
97,86,9,53,0,3,2.1,12.9,0,0
97,87,6,24,0.8,0.9,3.1,8.3,0,0
97,88,8,63,1,5.2,9.8,14.1,0,0
97,89,6,29,0.7,5.5,2.5,6.2,0,0
97,90,4,10,0,1.5,0.2,2,0,0
97,91,7,142,2.8,4.1,17.1,28.1,1,0
97,92,8,38.5,0,3.1,0.8,15.1,0,0
97,93,11,48.5,3.1,6,3.1,9.9,0,0
97,94,1,12,0,0.8,0.3,4.6,0,0
97,95,2,7,0,0.5,0.2,2.7,0,0
97,98,2,14,0,1.5,0.5,2.9,0.2,0
97,100,2,7,0,1.9,0.4,0.7,0,0
97,101,2,6,0,1.6,0.4,0.6,0,0
97,102,6,59.5,0,6.9,3,13.1,0,0
97,104,7,113,1,13.2,10.9,19,0,0
97,105,6,637.5,37.1,86.1,39,168.9,0,0
97,106,13,253.5,8.2,11.1,17.9,103.9,0,0
97,107,7,79,1.2,6,7.9,17.9,0,0
97,108,8,69,0,2.8,16.2,4.1,0,0
97,109,8,80,0,7.1,12,14,0,0
97,110,2,7,0,0.2,1.5,0.8,0,0
97,111,9,62.5,0,2,13.6,7,0,0
97,112,7,153.5,3.1,18,27,21,0,1.1
97,113,13,372.5,5.1,20,49,96,0,3.1
97,114,3,9,0,2.5,0.2,1.2,0,0
97,115,3,7,0,1.9,0.2,1,0,0
97,116,3,8,0.2,0.6,0.6,1.8,0,0
97,117,4,20,0.7,1.4,1.6,4.2,0,0
97,118,14,72,1.2,6.2,7.9,12.9,0,0
97,119,2,22,0.8,7.1,0,3.5,0,0
97,120,10,149.5,1.1,9.8,25.2,17,0,0
97,121,7,813.5,43,145.2,138.9,11,0,5
97,122,4,299.5,16.9,33,34.9,67.1,0,14
97,123,1,2,0,0.2,0.4,0.2,0,0
97,124,10,72.5,0,5.1,21,1.9,0,0
97,125,12,83,0.9,8.1,12.9,12,0,0
97,126,6,48,0,2.1,11,5.9,0,0
97,127,4,68,1,9,8,6,0,0
100,0,1,5,0,0.2,0.8,0.7,0.1,0
100,1,8,315,4.9,19.7,50.2,40.2,3.1,9
100,2,6,45,3,0.9,1.9,5.1,3.2,0
100,5,3,38,0,5,4,6,1,0
100,8,7,356,2,25.8,79.2,28,1,0
100,9,3,204,3,7,41.9,37,2,0
100,10,2,21,0,1.6,4.4,0.6,0,0
100,11,5,500.5,3.9,22.9,81.1,93,0,22
100,12,3,37.5,0,5,2,10,0,0
100,13,3,243,4,59,18,6,0,0
100,15,4,679,26,58.9,131.1,50,1,15
100,16,6,600,28,46.2,114.8,48,1,0
100,18,4,102,0,9.9,23,1,0,0
100,19,5,982.5,2.9,205.1,115,30,1.1,0
100,20,4,1064,58,122.1,188,27,1,51
100,24,4,207,0,15,48.1,7.9,1,0
100,25,2,355,7,47,52,23,1,8
100,26,6,204,7,31.9,23.2,6,0,0
100,27,1,30,0,7.8,2.6,0,0,0
100,28,3,216,7,22,28.1,26.9,0,0
100,29,2,207,0,16,34,31,0,0
100,31,7,253,3,12.1,60.9,12,0,0
100,35,2,20,0,1.3,0.7,5.8,0,0
100,37,1,4,0.1,0.2,0.5,1,0,0
100,38,3,35,0,2,5.9,4,0,2.6
100,39,5,93,0,12,16.9,9.1,0,5
100,40,1,3,0.1,0.3,0.4,0.4,0,0
100,41,3,7,0.2,0.7,0.8,1.1,0,0
100,42,1,5,0,0,0.3,1.7,0,0
100,43,1,2,0,0,0.1,0.7,0,0
100,44,3,8,0.1,0.5,1.2,1.1,0,0
100,45,6,175.5,2.5,13.8,31.6,14.3,0,3.7
100,46,5,222,4.6,18.6,43.6,23.3,0,8
100,47,3,11,0.2,0.8,1.4,1.7,0,0
100,48,1,1,0,0.1,0.1,0.2,0,0
100,49,1,2,0.1,0.1,0.2,0.4,0,0
100,50,6,58.5,2.1,8.8,0.8,5.8,0,0
100,51,2,11,0.4,1.6,0.2,1.1,0,0
100,52,1,3,0,0,0.2,0.8,0,0
100,53,3,11,0,0.2,0.7,2.7,0,0
100,54,1,2,0,0.1,0.1,0.5,0,0
100,55,2,10,0,0.2,0.6,2.6,0,0
100,56,12,306.5,1.8,20.9,62.2,20.1,0,0
100,57,2,11,0,1.2,0.3,2.8,0,0
100,58,4,5,0.4,0.1,0.5,1.5,0,0
100,59,6,12,0.8,0.3,1.2,3.7,0,0
100,60,7,142.5,2,17,27,11.1,0,15
100,61,5,269,4,17.1,65,34,0,28
100,62,2,13,0,0.6,0.2,3.3,0,0
100,63,3,23,0,1,0.5,5.9,0,0
100,64,4,21,0,0.9,1.6,4.2,0,0
100,65,5,30,0,1.1,2.4,6,0,0
100,66,8,59,0.7,4.8,6.9,9.2,0,0
100,67,8,86,2,1,14.9,13.1,0,0
100,68,5,27,0,3,3.9,5.1,0,0
100,69,9,25,2.9,0,1.1,5.2,0,0
100,70,16,107.5,0.7,8.5,9.3,20.4,0.9,0
100,71,7,34,0.6,2.1,4.3,9.7,0,0
100,72,9,274.5,1,20,57.9,14,0,9
100,73,10,235,0.9,11.9,46.1,30.1,6.1,18
100,74,12,60.5,0.9,2.1,1.1,21,0,0
100,76,4,34,0.7,1.8,3.3,5.1,0,0
100,77,9,372.5,7.9,14.2,79,48.9,0,8
100,78,14,131,6.1,13.9,19,17.8,0,0
100,79,4,12,0.2,1.2,0.6,3,0,0
100,80,9,41,4.9,1.1,3.2,6.9,0,0
100,81,11,110,0.9,8.4,22.8,12.1,0,0
100,82,4,11,0,0.4,0,4.9,0,0
100,83,4,57,0,5,8,8,0,0
100,84,4,18,0,1.5,0,5.7,0,0
100,85,1,1,0,0.1,0,0.3,0,0
100,86,6,33.5,0,4.1,4.9,7,0,0
100,87,6,17,0,0.6,3.4,4.5,0,0
100,88,5,8,0,0,0.8,2.9,0,0
100,89,8,31,0,0.7,3.1,10.4,0,0
100,90,1,5,0.1,0.2,0.6,1.2,0,0
100,91,3,22,0.6,0.7,2.6,5.2,0,0
100,92,7,31,0,3,1.2,9.9,0,0
100,94,8,24,1.1,4,0,6.9,0,0
100,95,5,8.5,0.4,0.3,0.6,2.4,0,0
100,97,5,19,0,1,0.5,6.7,0,0
100,98,3,5,0,1.5,0.2,0.5,0,0
100,99,9,51,0,2.1,12,11.8,0,0
100,100,2,16,0,0.8,2.8,2.8,0,0
100,101,5,29,0,1.3,5.3,5,0,0
100,102,2,4,0,0.2,0.2,1.8,0,0
100,103,10,77,0,8.9,2.9,21.2,0,0
100,104,8,181.5,0,9.1,53,16.9,0,10
100,105,9,73.5,1,3.8,14,12.2,0,0
100,106,20,189.5,3.1,28.9,22.4,25.8,0,0
100,107,3,21,0,1.7,3.1,3.9,0,0.3
100,109,7,37,0,2.9,2,11.5,0,0
100,110,3,12,0,0,0.9,4.1,0,0
100,112,5,28,1,0,2.1,8.9,0,0
100,113,2,7,0,0.8,0.4,1.7,0,0
100,114,4,27,0,0,3.1,8.9,0,0
100,115,2,9,0,0,1,3,0,0
100,116,1,2,0,0,0.3,0.4,0,0
100,117,3,12,0.2,0.3,1.6,2.4,0,0
100,118,3,18,0,1.4,2.6,4,0,0
100,119,6,39,0,3.9,4,7.1,0,0
100,120,8,52,0,3.9,6.9,10.1,0,0
100,121,4,18,0,1.9,0.4,5,0,0
100,122,8,84,0,4,11.9,16.1,0,0
100,124,11,67.5,0.9,6,14,8.1,0,0
100,125,6,62,1,5.9,10.6,3.8,0,0
100,126,8,97,1.1,13,15,10.9,0,0
100,127,14,88,4.9,5,3.4,23.7,0,0
98,0,9,83,5,14,6.1,8.1,0,0
98,1,5,36,1.5,2.8,3.6,4.8,0,0
98,2,9,369.5,15.1,16.7,61.1,49,0,0
98,3,6,385,79,13,52,26,3,54
98,4,1,11,0.5,0,0.8,2.9,0,0
98,6,9,65,4.6,3.5,11.1,7.3,1,0
98,17,1,2,0.1,0,0.3,0.5,0.1,0
98,19,1,3,0.2,0.2,0.4,0.4,0,0
98,20,8,125.5,2,6.9,14.1,27,0,0
98,21,9,270,10.1,30.1,40,17,0.9,0
98,22,10,228.5,5.6,23.3,25.3,32.9,0,0
98,23,2,9,0.3,0.8,0.6,1.3,0,0
98,25,2,16,0.3,0.9,1.7,3.1,0,0
98,26,6,124,3.8,34.2,5.1,6,0,0
98,27,4,2038.5,24,229.1,402,151.9,0,179
98,28,2,4,0,0.6,0.8,0.4,0,0
98,31,3,20,1.5,0.5,1.6,3.3,0.5,0
98,32,4,27,0.4,1.6,2.1,4,0,0
98,35,4,73.5,0.9,1.9,9.2,15.1,0,0
98,36,2,9,0.2,0.3,1.8,1,0,0
98,37,5,33,0.8,3.9,1.2,6.1,0,0
98,38,2,6,0.2,0.6,0.4,0.9,0.2,0
98,39,2,12,0.2,1.4,0.8,1.9,0.3,0
98,40,3,23,0.9,0.5,1.1,6.2,0,0
98,41,1,6,0.2,0.1,0.3,1.6,0,0
98,42,2,4,0.1,0.3,0.3,0.8,0,0
98,43,1,6,0.2,0.3,0.5,1.2,0,0
98,45,1,3,0,0.5,0.2,0.6,0,0
98,46,2,3,0,0,0.3,0.9,0,0
98,47,2,2,0,0,0.2,0.6,0,0
98,48,1,6,0,0.1,0.2,2.2,0,0
98,49,4,10,0,0.1,0.3,3.6,0,0
98,50,8,106.5,0.7,1.6,24.1,6.7,0,0
98,51,5,11,0,0.4,2.2,2.2,0,0
98,52,4,127.5,1,17,19.9,10.1,0,0
98,53,4,9,0,0,0.6,4.5,0,0
98,54,1,9,0,0.6,0.5,2.3,0,0
98,55,1,5,0,0.3,0.3,1.3,0,0
98,56,2,8,0,0.3,1,2.4,0,0
98,57,2,9.5,0,0.3,1.3,2.8,0,0
98,58,5,13,0.5,0.8,1.2,2.7,0,0
98,59,6,18,0.6,1.1,1.8,3.7,0,0
98,60,6,17,0.6,1.5,0,4.5,0,0
98,61,1,2,0.1,0.2,0,0.5,0,0
98,62,2,15,0,2,1,3,0,0
98,63,9,49,0,7,1.8,12.2,0,0
98,64,8,29,0.9,1.1,1.2,7.9,0,0
98,65,5,20,0,1,1.7,4.3,0,0
98,66,10,36,0.3,1.2,0.4,10.5,0,0
98,67,11,172,1.8,16,27.3,24.1,0,0
98,68,7,60,4.2,5.1,6,9.5,0,0
98,69,10,320,12,21.1,43.9,80,0,10
98,70,9,690.5,41.1,104,108.9,45.1,0,102
98,71,5,165.5,2,17,35,9,0,0
98,72,12,117.5,2,11,6.9,24.1,0,0
98,73,3,12,0.4,1.2,0,3.6,0,0
98,74,8,26,0.9,1.8,1,6.7,0,0
98,75,5,24,0.9,1.9,0.9,5.9,0,0
98,76,1,4,0.2,0,0.2,1.1,0,0
98,77,5,27,1.1,0,1.2,8,0,0
98,78,4,34,0,1.8,3.7,5,0.7,0
98,79,3,21,0,1.1,2.4,3.1,0.3,0
98,80,3,25,1.1,2.4,2.5,3.1,0,0
98,81,5,16,0.9,1.6,1.6,1.8,0,0
98,82,1,2,0,0.1,0,0.9,0,0
98,83,3,9,0,0.3,0,4.2,0,0
98,84,12,76,0,2,10,14,0,0
98,85,9,40.5,0.9,1.1,2,12.1,0,0
98,86,2,8,0,0.3,1,2.9,0,0
98,87,2,4,0,0.2,0.6,1.4,0,0
98,88,4,20,0,3.4,0,6.6,0,0
98,89,8,33,0,2.1,4.1,9.9,0,0
98,91,11,47,0.9,2,1.2,14.8,0,0
98,92,3,20.5,0,1,0.5,5.1,0,0
98,93,5,22,0.9,1,3,7,0,0
98,95,4,8,0,0.5,0.3,3.1,0,0
98,96,5,84,0,3.9,10.1,17.1,0,0
98,97,5,15,0.3,1,1.6,3.5,0,0.4
98,98,4,22,0.4,1.1,0.6,6.9,0.6,0
98,99,3,9,0.1,0.5,0.2,2.8,0.3,0
98,100,1,3,0,0.4,0.2,0.9,0.2,0
98,101,4,23,1.1,3.9,4.1,2,0,1.1
98,102,8,274.5,7.1,13.9,10.9,95,0,0
98,104,1,1.5,0.1,0.1,0.2,0.3,0,0
98,105,3,28.5,2.2,1.5,4.5,5.3,0,0
98,106,7,88.5,1,1.6,17.6,18.8,0,4
98,108,7,82,0,5.7,10.5,21.9,0,0
98,109,3,16,0,1,2.2,3.9,0,0
98,110,4,20,0,0.3,4.1,4,0,0
98,111,8,51,0,0.7,10.6,10.1,0,0
98,112,9,80.5,0,3,14.9,11,0,0
98,113,13,174,1.8,13.9,29.2,16.2,0,0
98,114,3,23,0.5,1,1.6,6.7,0,0
98,115,6,13.5,0.4,0.6,0.8,4,0,0
98,116,15,147,0,8.1,20.9,26.1,1.1,0
98,117,4,8,0.2,0,1.6,2,0,0
98,118,7,35,0,3,6,5,0,0
98,119,6,24,0,5.5,0,6.2,0,0
98,120,7,57,0.9,4.8,6.7,8.7,0,0
98,121,8,159,3,13.9,30.3,17.9,0,0
98,122,5,99,2,10.1,20,1.9,0,0
98,123,3,11,0.2,0.5,1,2.6,0,0
98,124,1,3,0.1,0.3,0.5,0.3,0,0
98,125,4,29,0.9,2.9,5.4,2.6,0,0
98,126,13,194,5.1,26,36,7.9,0,0
98,127,17,167,1,14.4,33.8,14,0,0
94,0,6,137.5,2,13.1,25.9,12,0,0
94,1,2,11,0.2,1.6,1.1,1.3,0,0
94,2,3,241,0,11,66,1,0,15
94,3,7,299,6.9,43.1,60,2,0.9,0
94,4,1,5,0.2,0,1.2,0.5,0,0.2
94,6,1,7,0,1.9,0.1,0.1,0.2,0
94,7,3,214,17,59.6,1.8,0.7,1,0
94,8,4,1662.5,102,221,245,73,3,3
94,9,6,1882.5,25,269.9,395,85.1,13,52
94,10,5,547,50.9,109.1,28.1,7,0,0
94,11,11,128,8.7,14.3,7.8,14.6,0,0
94,12,4,23,2.9,0.6,3,2.7,0,0
94,13,4,10,1.3,0.2,1.4,1.1,0,0
94,16,1,1,0.1,0.1,0.1,0.1,0,0
94,17,3,4,0.4,0.4,0.3,0.4,0,0
94,18,1,1,0,0.2,0.1,0,0,0
94,19,1,1,0,0.2,0.1,0,0,0
94,20,7,1096,37,126,187.9,24.1,1,0
94,21,2,51,0,6,12,2,0,0
94,23,10,432.5,11.9,67.2,32.2,45.1,0,0
94,24,1,4,0.3,0.4,0.5,0,0,0
94,26,4,1567.5,72.9,169,190.1,147,1,42
94,29,3,39,0,1.1,6.9,6,0,0
94,30,2,6,0.1,0.2,0.6,1.2,0,0
94,31,1,5,0.1,0.1,0.5,1,0,0
94,32,1,7,0.1,0.7,0.2,2,0,0
94,33,4,7,0.1,0.7,0.2,2,0,0
94,34,2,4,0,0.4,0.8,0.5,0,0
94,35,3,9,0,0.9,1.7,1.1,0,0
94,36,2,6,0.3,0,0.3,1.5,0,0
94,37,2,4,0.2,0,0.2,1,0,0
94,38,2,3,0.1,0,0.5,0.3,0,0
94,39,2,29,1.7,0,5,2.6,0,0
94,40,1,3,0,0.1,0.3,0.6,0.1,0
94,41,1,7,0,0.2,0.7,1.4,0.3,0
94,42,2,6,0.9,1,0.3,0.9,0,0
94,43,4,19,2.9,3.3,0.7,2.8,0,0
94,44,4,17,0.1,2.9,2,1.3,0,0.1
94,46,5,20,0,0,0.9,7.5,0,0
94,47,2,2,0,0,0,0.8,0,0
94,48,2,5,0.1,0.4,0.5,1.4,0,0
94,49,1,2,0,0.1,0.2,0.6,0,0
94,50,1,2,0,0.1,0.4,0.2,0,0
94,51,1,6,0.2,0.2,1.2,0.6,0,0
94,52,2,8,0.4,1,0.2,2.2,0,0
94,54,3,8,0,0,0.4,3.6,0,0
94,55,1,6,0,0,0.3,2.7,0,0
94,56,3,13,0,1.3,0,3,0,0
94,57,5,21,0,2.1,0,5,0,0
94,58,4,11,0,0.7,0.9,4.3,0,0
94,59,2,6,0,0.4,0.4,2.4,0,0
94,60,3,11,0.4,0.5,0.8,3.3,0,0
94,61,9,214,3.7,8.9,23.4,63.9,0,1
94,62,7,159,8,9,21.1,42.9,1,17
94,63,8,31,0,2.1,1.2,10.9,0,0
94,64,4,14.5,0.3,1.1,0.8,3.3,0,0
94,65,1,4,0.1,0.3,0.2,0.9,0,0
94,66,10,52,0,5.1,0.9,17.9,0,0
94,67,11,338,1.9,31,102,11,1,45
94,68,10,827.5,68.9,96,104,135,0,85
94,69,11,915.5,20,30.1,249.9,39.9,3,61
94,70,7,95.5,0.9,12,12,10,0,0
94,71,13,59,0.8,11.8,1.1,8.1,0,0
94,72,3,9,0.4,0.5,1.4,1.3,0,0
94,73,5,60,0,2.1,9.1,7.8,0,0
94,74,4,26,1.3,2.2,0.7,4.8,0,0
94,75,6,75,0,6,7.9,12,0,0
94,76,2,6,0.1,0.5,0.6,1.2,0,0
94,77,7,23,0.5,1.8,2.3,4.6,0,0
94,78,5,30.5,0,4.1,3,6.9,0,0
94,79,4,14,0,1.8,0.8,2.8,0,0
94,80,2,26,0,3.9,4.1,3,0,0
94,81,12,111,1.3,4,29,7.8,0,0
94,82,6,30,0.5,1.8,2.2,7.2,0,0
94,83,5,14.5,0.3,0.9,1.1,3.5,0,0
94,84,4,12,0.2,0.7,1,3.6,0,0
94,85,4,17,0.3,1.1,1.4,5,0,0
94,86,4,20,0.9,1.6,2,4.1,0,0
94,87,3,17,0.8,1.4,1.7,3.5,0,0
94,88,2,6,0.2,0.6,1.4,1.4,0,0
94,90,6,27,0,6.1,3,2.8,0,0
94,91,5,17,0.3,0.5,0,7.1,0,0
94,92,10,213.5,3,11,43.2,33.8,0,7
94,93,7,43,1.1,5,6,6.9,0,0
94,94,4,16.5,0.6,1.1,0.6,4.1,0,0
94,95,4,28,0,1.9,8,1.1,0,0
94,96,20,288.5,3.9,14.1,24.2,70,0,2
94,97,4,11,0,1,0.5,2.4,0,0
94,104,1,3,0,0.4,0.3,0.8,0,0
94,106,5,34,0,4.6,3.9,8.8,0,0
94,107,14,276.5,4.8,23.8,45.2,44.9,0,0
94,108,6,97,0.8,7.5,15.1,10.7,0,0
94,110,1,2,0,0.1,0.1,0.7,0,0
94,111,10,70.5,0,1.9,7.1,20,0,0
94,112,2,7,0.2,0.7,0.8,1.9,0,0
94,114,2,5,0.1,0.5,0.8,0.7,0,0
94,115,1,3,0.1,0.3,0.5,0.4,0,0
94,116,7,32,0,0,0.9,12,0,0
94,117,4,31,2,0,1.1,12.8,0,0
94,118,5,13,0.2,0.4,1.3,3.5,0,0
94,119,1,7,0.2,0.2,0.7,1.9,0,0
94,123,7,49,7.2,4.9,5,7,0,0
94,124,8,648,28.8,85.1,78,88.1,0,0
94,125,12,213,18.2,28.9,33.8,2.9,0,0
94,126,5,111,3,11.1,27,0.9,0,0
94,127,3,9,0,0.9,1.3,1.1,0,0
93,0,4,1083.5,9,145,191.1,34.9,3,41
93,1,8,181,2,3,46.2,10.1,0.8,0
93,2,7,114.5,6.2,9.9,17.9,11,0,0
93,3,8,76,1,7,9.1,15.1,1.9,0
93,4,7,748,9,84,146,14,0,44
93,8,4,617,22,88.9,85.1,0,0,0
93,9,2,2650.5,38,444,476,114,0,84
93,10,6,1454.5,78,156.9,277.1,34,1,0
93,11,1,3,0.1,0,0.6,0.1,0,0
93,13,3,916,5,114,169,29.9,0,7
93,14,3,1011.5,29,119.9,223.1,46,0,8
93,15,7,739,10.1,48.9,166,33,0,28
93,16,2,142.5,0.8,52.3,1.4,0.7,0,0
93,17,10,852,28.9,319.2,27,0,0.9,37
93,18,7,401,1,129,11,0,0,0
93,19,4,2648,0,923,52,0,0,257
93,20,3,417,0,115.1,25,4.9,1,0
93,23,6,470.5,6,56,48.9,47,1,3
93,24,4,174.5,5.9,11,41.1,1,0,9
93,25,4,132,13,12,17,1,0,0
93,26,7,437,15.1,46.5,56.4,35.2,0,0
93,29,1,2,0,0.1,0.2,0.4,0,0
93,30,4,18,0,1.1,3.3,2.1,0,0
93,31,3,15,0,1,2.7,1.8,0,0
93,32,3,12,0,0.2,2.1,1.6,0,0
93,33,2,10,0,0.2,1.7,1.3,0,0
93,34,1,73,0,0.9,15.3,4.6,0,0
93,35,4,73,0,5,18.9,4,0,0
93,36,1,2,0.1,0,0.1,0.5,0,0
93,37,2,14,0.7,0,0.7,3.4,0,0
93,39,5,10,0,1.1,0.6,2.9,0,0
93,40,3,13,0,0.3,1.3,2.6,0.5,0
93,44,2,3,0,0,0.2,1,0,0
93,45,2,5,0,0,0.3,1.7,0,0
93,46,3,30.5,0.9,1,1.1,9,0,0
93,47,1,1,0,0,0.2,0.3,0,0.1
93,48,3,5,0,0.3,0.5,1.5,0,0
93,49,4,9,0.1,0.6,0.9,2.6,0,0
93,50,1,4,0,0.2,0.8,0.3,0,0
93,51,1,3,0,0.1,0.6,0.3,0,0
93,52,2,2,0.2,0.2,0,0.6,0,0
93,53,1,4,0.2,0.5,0.1,1.1,0,0
93,54,2,10,0,0.8,1.2,1.8,0,0
93,55,2,21,0,1.5,2.5,4,0,0
93,56,5,16,0.9,0,1.1,3.4,0,0
93,57,8,47,0.9,5,4.1,12.1,0,0
93,58,2,9,0,1.8,0.6,1.5,0,0
93,59,1,6,0,1.2,0.4,1,0,0
93,60,1,2,0,0.1,0.1,0.5,0,0
93,61,5,20,0,0.9,1.1,5.2,0,0
93,62,8,23,1.8,0.9,0,9.2,0,0
93,63,5,13,0,0.7,0.4,4.1,0,0
93,64,2,3,0,0.2,0.4,0.6,0,0
93,65,5,20,0.2,0.9,2.7,3.8,0,0
93,66,9,81,1.1,10,6.1,16.8,0,0
93,67,13,136.5,8.1,29.9,5.1,17.8,1.2,1
93,68,14,214,19,40.9,19.1,16.8,0,5
93,69,10,69,3,4,1,22,0,0
93,70,15,115.5,0.6,16.5,13.1,19.9,0.8,0
93,71,13,323,6.9,18.1,63.1,38.8,1,10.1
93,72,2,11,0.4,1.8,0.8,1.8,0,0
93,73,2,49.5,0.7,5.2,4.3,11.1,0,0
93,74,11,451.5,5.1,75.1,65.9,32.9,1,51
93,75,15,105.5,1,10.9,12.3,21.7,0,0
93,76,5,19,0,0.5,2.3,6,0,0
93,77,2,4,0,0.2,0.5,1.2,0,0
93,78,9,103.5,3.1,8.8,13.1,18.1,0,0
93,79,11,53,1,1.9,2.2,14.9,0,0
93,80,8,34,1.1,2,2.8,9,0,0
93,81,1,2,0.1,0.2,0,0.4,0,0
93,82,9,33,0.9,2.2,5.1,5.8,0,0
93,83,5,14,0.9,1.4,1.2,1.9,0,0
93,84,5,17,0.1,1.1,2,2.7,0,0
93,85,8,63,0.7,4,7.4,10.1,0,0
93,86,5,20,0.8,3.2,1.6,4.8,0,0
93,87,1,5,0.2,0.8,0.4,1.2,0,0
93,88,3,19,0.3,2.7,2.4,1.4,0,0
93,89,1,5,0.1,0.7,0.6,0.4,0,0
93,90,5,76.5,0,4,15.9,11,0,0
93,91,12,106.5,0.8,14.3,18.8,10,0,0
93,92,11,138.5,1,14,35.9,3.9,0,7.9
93,93,12,156.5,0,6.9,28.1,18,0,0
93,94,8,199.5,3.8,11,35,30.2,0,3
93,95,7,114,1,12.5,10.2,19.3,0,0
93,96,4,59,0,4,7,11,0,0
93,101,6,173,5,19.5,7.7,53.7,0,0
93,103,1,2,0,0.1,0,0.7,0,0
93,104,6,311,8,39,40.1,57.9,0,0
93,105,1,12.5,0.5,4.3,1.6,0,0,0
93,107,5,34,2,4.9,4,3.1,0,0
93,111,2,4,0,0.3,0.1,1.5,0,0
93,115,4,37,0,3,1,11,0,0
93,116,9,246.5,4.2,16.9,28,57.1,0,0
93,117,12,151,0.9,10.9,27.3,35.9,0,4.5
93,118,1,13,0.4,0.4,1.2,3.5,0,0
93,121,5,59,2,5.9,4,16,0,0
93,123,5,37,0.9,2,3.9,14.1,0,0
93,124,4,54,1.6,9.3,7.6,0.9,0,0
93,125,8,80,3,12.7,18.4,0,0,0
93,126,6,338,7.1,27.1,45,49.9,0,0
93,127,7,90,1.8,2.2,17,13,0,0
76,0,6,645.5,20,101,102.1,10.9,0.8,25
76,1,10,1148,40.1,227.2,130.7,53,0,41
76,2,13,229.5,14.1,21.1,31.1,18,0,0
76,3,4,1024.5,48,79,206.1,29.9,0,40
76,5,4,777.5,33,51.9,58,184.1,0,8
76,6,10,2253.5,312,166.9,369.1,90.1,0,383
76,7,7,438.5,97.8,6.3,27.2,7.9,0,10
76,8,5,1174,17,224.9,177,47,0,103
76,9,8,495,8.9,92.2,77,9,0,0
76,10,9,2773.5,279.8,493.1,419,37.1,3,189
76,11,6,2680.5,54,621.1,347.9,43.9,1,432
76,12,5,4631,624,1004.9,144,342,4,15
76,13,2,9546.5,774,624,1651,1708,13,545
76,14,4,4181.5,711,657,270,346,1,80
76,15,3,4242,721.9,368,350,556,3,489
76,16,5,3493,537.9,756.1,183,100.9,0,64
76,17,0,9410.5,2293,1159,839,167,3,362
76,18,2,6968.5,1085,1289,717,145,1,1158
76,19,3,8440,343,433,2358.1,1014.9,2,1265
76,20,3,9357,562,113,2386,1756,5,1170
76,21,3,7550.5,1585,474.9,1009.1,165,1,1310
76,22,4,1501,69.1,138.9,233,208.1,2,49
76,23,2,1265,32,132,126,172,2,9
76,24,4,1666.5,54.1,114,381,149,1,99
76,25,2,1024.5,50,75,96,158,0,6
76,26,7,244.5,11.1,30.9,29,16,0.9,0
76,28,5,86,2.1,7.9,5.1,13.9,0,0
76,29,4,432.5,15.8,41.1,55,47.1,2,13
76,30,2,14,0.3,3.9,1.2,0.3,0,0
76,31,3,29.5,0.7,8.2,2.4,0.7,0,0
76,32,2,109,0,45,0,0,0,0
76,33,6,38.5,9,0.8,1,5,0,0
76,34,5,60.5,15.7,0.5,2.8,3,0,0
76,35,11,271.5,2.8,13.9,61.1,23.2,0,0
76,36,1,4,0.3,0.2,0.5,0.5,0,0
76,37,5,144,16.6,3.7,21.1,7.1,0,6
76,38,4,2251.5,281,265,327.9,142,10,339
76,39,14,562.5,13.9,62.1,87.8,28,0,0
76,40,14,672,6.8,78,123.1,48,3,27
76,41,11,203,0.9,12.1,35,25,1.1,0
76,42,2,15,0,1.5,1.8,2.3,0,0
76,43,9,35,1.9,0,6.2,5.9,0,0
76,44,7,1257,16,166.8,271.1,47,0,43
76,45,2,49,1,2,9,1,0,0
76,47,2,4,0,0.2,0.5,0.8,0,0
76,48,5,37.5,0,3,1.9,9,0,0
76,49,8,86.5,0,5.9,6.3,24,0,0
76,50,12,134,1.3,9.1,13.8,26.8,0,0
76,51,7,116,0,8,21.6,16.7,0,0
76,52,9,72.5,0,6,17,8.9,0,2
76,53,6,253,11.1,50,45,4.9,0,0
76,54,5,1122.5,46,184.1,186,2,0,18
76,55,17,416.5,12.3,38,77.2,27.8,0,0
76,56,11,662.5,13,76.1,120.1,33.8,0,0
76,57,2,60,0,4,13,2,0,0
76,58,6,295.5,10.1,28.9,46.9,31.1,0,0
76,59,4,230,1.8,8.6,52.3,15.9,0,0
76,60,3,16,0,1.6,1,3.8,0,0
76,61,1,5,0,0.5,0.3,1.2,0,0
76,62,6,596.5,1,43,122.1,46,0,0
76,63,3,98.5,2.1,4,8.9,23,0,0
76,66,1,3,0,0.2,0.7,0.5,0,0
76,67,1,51,0,3.8,12.3,7.5,0,0
76,68,5,902,19.1,95.9,189.9,45.1,0,78
76,69,15,371.5,14.9,16,77.2,28.8,0,0
76,70,7,58,0,5,2.9,13,0,0
76,71,9,35,1,7.9,2,3.1,0,0
76,72,22,235,3.7,13.2,32.9,49.8,0,0
76,73,12,232.5,6.1,16.9,25.1,51,0,0
76,74,12,128,2.2,6,7.2,42.6,0,0
76,75,6,68.5,0,12,15.9,0,0,0
76,76,6,89,2.6,10.8,15.2,4.4,0,0
76,77,1,3,0.1,0.4,0.5,0.1,0,0
76,78,13,303,4.1,37,48,34.9,1,0
76,79,14,238,9.8,27.2,23.1,41.8,0,0
76,80,10,385.5,15.9,21.2,59,55.8,1,0
76,81,6,680,13.1,61.1,132.9,80.9,1,51.9
76,82,14,254.5,5.1,14.8,48.9,44.3,0,0
76,83,15,354.5,5.1,50.1,32.7,59.9,0,0
76,84,3,16,0,2.9,2.1,1.8,0,0
76,85,1,2,0,0.4,0.3,0.2,0,0
76,86,2,3,0.1,0.3,0.5,0.3,0,0
76,87,9,169,2,12.5,27.4,27.8,0,0
76,88,2,14,0.1,1.7,2.2,1.5,0,0
76,89,11,578.5,12.9,41.4,57.7,123.5,1,5
76,90,5,210.5,4,6,21.1,65.9,0,4
76,91,3,9,0,1,2.3,0.5,0,0
76,92,7,24.5,0,0.9,0,11.2,0,0
76,94,2,5,0.1,0.5,0.6,0.9,0,0
76,95,1,3,0.1,0.3,0.3,0.6,0,0
76,97,4,59,0.9,1.9,5.1,21,0,0
76,98,2,12,0.4,0.4,0.8,4.6,0,0
76,99,3,15,0.5,0.5,1,5.7,0,0
76,100,3,27,0,1.4,2.1,8.7,0,0
76,102,1,8,0,0.3,1.1,1.4,0,0
76,103,8,53,1,1.9,4.9,16.4,0,0
76,104,3,39,0.9,1,1,17,0,0
76,107,2,5,0,0,0.2,2.3,0,0
76,108,4,50,0,2,0.9,24,0,0
76,109,2,12,0,0.6,0.9,4.2,0,0
76,110,4,29.5,0,1,2,9,0,0
76,113,2,12,0,3.1,0,2.6,0,0
76,117,1,2,0,0.4,0.1,0.3,0,0
76,118,1,5,0,0.9,0.3,0.8,0,0
76,119,3,6,0,1.2,0.3,0.9,0,0
76,123,2,4,0,0.1,0.4,1.1,0,0.1
76,124,8,202.5,4,13,62,4.9,0,29.9
76,125,4,18,1,2,1.6,3.6,0,0
76,126,3,9,0,0.6,0.3,3.1,0,0
76,127,7,56,0,4.3,1.7,18.9,0,0
96,0,4,28.5,0,0,9,2.9,0,0
96,1,9,117.5,1,21,13,13,0,0
96,2,8,1568,111.9,193.9,307.1,43.1,9,64
96,3,5,267.5,2,39,47,0,0,0
96,6,4,117,0,11,27,0,2,12.1
96,7,3,137,0,53,5,0,0,0
96,8,6,133.5,9,12.6,11.1,19.5,0,0
96,9,1,5,0.1,0.6,0.4,0.5,0,0
96,11,1,2,0.1,0.2,0.2,0.2,0,0
96,13,1,4,0.3,0.5,0.4,0.3,0,0
96,15,2,70,7,3,9,7,1,0
96,16,6,775,29.9,73.1,139,58,0,26
96,17,6,1155.5,28.1,141,166.1,64,0,30
96,18,1,4,0.2,0.3,0.6,0.5,0,0
96,19,1,3,0.2,0.2,0.4,0.4,0,0
96,20,2,8.5,0,0.2,2.1,0,0.2,0
96,21,2,1606,34,236.7,283.4,57.6,3.8,45
96,22,2,124,1,27,13,1,0,0
96,23,8,98,6.2,9.8,13,0.9,0,0
96,24,4,429,16.9,54,54.9,29.1,0,0
96,25,4,48,0,9.1,6.9,1,0,0
96,26,5,1471.5,19,345.9,246.1,16.9,0,310
96,27,3,2477.5,212.9,179,316,436.1,3,79
96,28,8,838,6,197.1,84,23.9,0,31.9
96,29,6,296.5,4.8,24,56.1,14.1,0,0
96,30,5,19,0,0,2.8,3.2,0,0
96,31,7,144.5,4,11,33.2,6.9,0,3
96,32,6,193,1,41,15.1,8.8,0,0
96,33,1,2,0,0.2,0.2,0.4,0,0
96,34,2,46.5,0,3,12,1,0,0
96,36,1,5,0.2,0.2,0.9,0.6,0,0
96,37,1,2,0.1,0.1,0.4,0.2,0,0
96,38,6,180,0,4,42.7,16.8,0,0
96,39,2,9,0,0,2.2,1.4,0,0
96,40,3,22,0.7,1.1,1.7,4.6,0,0
96,41,1,5,0.2,0.2,0.4,1.1,0,0
96,42,3,18,2,2.7,1.5,1.2,0.4,0
96,43,7,898,80,182,121,7,0,65
96,44,7,1101,13.9,242.1,197,12,0,167
96,45,4,49,0,11.1,3.2,3.8,0,0
96,46,2,6,0.1,0,0.6,1.8,0,0
96,47,2,9,0.2,0,0.9,2.7,0,0
96,48,5,30.5,0.7,2,4.3,4.2,0,0
96,49,12,43,0,8.2,0,11.6,0,0
96,50,1,2,0,0.1,0.1,0.6,0,0
96,51,6,48.5,0,5.1,8.1,7.9,0,0
96,52,2,16,0,1.1,0.8,4.2,0,0
96,53,2,9,0,0.6,0.5,2.3,0,0
96,54,2,8.5,0,0.7,0.7,3.1,0,0
96,55,11,171,3,10.5,31.3,16.1,0,1
96,56,3,6,0.2,0.4,0.6,0.7,0,0
96,57,5,216.5,0,13,60,11,1,16
96,58,4,7,0.2,0.7,0,2.5,0,0
96,59,5,13,0.3,1.4,0,4.6,0,0
96,60,1,5,0.2,0.2,0.1,1.5,0,0
96,61,8,22.5,0.8,1.1,0.3,6.8,0,0
96,62,7,28,0,2.3,1.3,6.1,0,0
96,63,5,21,0,1.7,0.7,4.8,0,0
96,64,5,66,0.9,2.1,16,3,1,0
96,65,7,23,0,1.7,0.8,6.9,0,0
96,66,8,39.5,0.8,1.3,0,11.9,0,0
96,67,6,28,1.8,1.1,2.2,8.9,0,0
96,68,7,37,1.4,1.9,0.6,12.1,0,0
96,69,14,69,1,15.1,1,17.1,0,0
96,70,6,24,0.4,2,1.5,4.8,0,0
96,71,8,32,1,2,6.1,6.9,0,0
96,72,7,19,0,0.8,0.2,5.5,0,0.6
96,73,5,35,1.1,0,7,7.9,0,0
96,74,6,117.5,1,12.3,22.1,8.8,0,8
96,75,5,110,0,9,17.1,18.9,0,6
96,76,7,19,0,1.4,0.6,5.7,0,0
96,77,11,45.5,0,7.2,1.9,13.1,0,0
96,78,2,5,0.3,0.5,0.3,1.2,0,0
96,79,11,140,1.9,6.2,28.1,16.8,0,3.8
96,80,9,63,1,1.3,12.9,11.9,0,0
96,81,3,16,0.3,1.4,0.5,2.6,0,0
96,82,11,54.5,0.5,2.4,4.2,14.7,0,0
96,83,2,8,0.1,0.4,0.6,2.1,0,0
96,84,8,27,0,0,2.1,10.8,0,0
96,86,5,83,0,2.9,17.1,11,1,0
96,87,3,7,0.2,0.3,0.8,2.5,0,0
96,88,5,8,0,1.6,0.8,1.6,0,0
96,89,14,135,5.1,8,23.9,19,0,3.9
96,90,3,19.5,0,2.7,0.6,3.9,0,0
96,91,7,155.5,2.9,3.1,34.1,18,0,12
96,92,15,115.5,1.8,5.8,18.4,18,0,0
96,93,17,58,0,9.1,0.6,19.3,1,0
96,94,3,8,0,0.6,0.2,3.1,0,0
96,96,1,2,0,0.1,0.1,0.6,0.1,0
96,99,6,43.5,0,4.5,1.5,9,0.8,0
96,100,4,40,0,10.7,2.1,4.5,0,0
96,104,5,54,0,2.9,5,15.1,0,0
96,105,10,86,17.9,12.1,2.8,12,0,0
96,106,7,200,1.9,16.1,47,14.1,0,19
96,107,8,74,1.1,10,7.9,15,0,0
96,108,7,81,1.1,3.9,11.1,16,0,0
96,109,4,28,0,0,2,11,0,0
96,110,10,84.5,0,0.9,12,19.2,0,0
96,111,16,141,0,12,17.9,28.2,0,0
96,112,15,199,4.2,20.8,29.7,38,0,0
96,113,12,56,0.8,8.3,11.1,7.8,0,0
96,114,2,13,0,3.6,0.4,1.8,0,0
96,115,6,34.5,0,3.1,8.9,1.1,0,1.9
96,116,15,116,3,9,7.1,28.9,0,0
96,117,7,47,3.9,9.2,2.1,4.9,0,0
96,118,2,9,0.3,2.8,0,1.5,0,0
96,119,5,57,0,2,7,11.1,0,0
96,120,13,233,3,21,21.8,43.2,0,0
96,121,10,150,2.2,4.9,34.1,22.8,0,2.2
96,122,9,124,0.9,15,25,6,1.1,0
96,123,1,35,1,2.8,6.6,2.8,0,0
96,126,8,94,1.1,8.1,14.9,10.9,0,0
96,127,5,142,1,17.1,26.9,9,0,0
64,0,12,130,4.1,10.1,7.1,34.7,0,0
64,1,2,6,0,0.3,1,1.1,0,0
64,2,9,332,0,121.8,10.1,7,0,0
64,3,11,283.5,2.9,25.2,54,31,0,7
64,4,8,633.5,33.8,72.1,110,13,1,26
64,5,9,34.5,0.6,3,5.1,3.9,1.2,0
64,6,9,39.5,0.9,10.9,1.1,4,0,0
64,7,4,43.5,0,2,8.1,2.9,0,0
64,8,5,28,2,2.5,2,3.6,0,0
64,9,11,54,0.9,7,3.1,8.2,0,0
64,10,9,507,11,49,80,70,6,0
64,11,5,31,1,1,4.9,4,0,0
64,12,5,47,0,1,7.1,7,0,0
64,13,7,46,0.9,5.1,4,8.1,0,0
64,14,6,61,0.9,3,6.1,13.9,0,0
64,15,13,160.5,3,10.9,20,19,1,0
64,16,13,483.5,2.2,31.9,86,80.9,0,23
64,17,11,491.5,15.9,43.1,74.1,50.1,2,11
64,18,10,70.5,1.9,4.9,5.2,14.1,0,0
64,19,7,31,0,1.9,3.1,6.9,0,0
64,20,4,32,0.9,4.4,6.8,0,0,0
64,21,1,5,0.1,0.7,1.1,0,0,0
64,23,3,25,1.5,3.7,2.9,0.6,0,0
64,24,12,133.5,3.2,18,19.9,3.9,0,0
64,25,10,251,3,23,34.9,20,0,0
64,26,8,63,1,1.8,9.9,6.2,0,0
64,27,9,347,8.1,58.1,39,21.9,0,0
64,28,12,51,2,6.1,0,11.1,0,0
64,29,5,25,1,2.9,3.1,5,0,0
64,30,8,78,6.1,6,1,17,0,0
64,31,8,249,8,30,47.8,8,0,0
64,32,8,209.5,8,6,57,21,0,15
64,33,5,119.5,1.9,5,19.1,19.1,0,0
64,34,9,50,1,5,3.1,11.9,0,0
64,35,2,7,0.2,0.4,0.5,1.7,0,0
64,36,4,74,0,24,1,1.9,1.1,0
64,37,10,91,3.9,17.2,2.2,9.9,0,0
64,38,11,99,3,5,6,22,0,0
64,39,10,141,0.9,9,10.1,34,0,0
64,40,14,202,2.9,11.9,23,31.2,3.9,0
64,41,15,167.5,2.8,6.3,14.3,36.7,0,0
64,42,12,347,1,29.9,18,89.2,1,0
64,43,7,64,0,3,12,8.9,0,0
64,44,17,464,2.8,19,74.2,99,0,37
64,45,13,190.5,0,11.3,32.7,29.2,0,0
64,46,12,86.5,0.8,1,5.9,25.1,0,0
64,47,7,48,0,0,2.8,18.2,0,0
64,48,6,61,0.7,2.3,5,14.6,0,0
64,49,4,15,0.5,0.8,0,5.2,0,0
64,50,8,27,1.1,3.9,2.3,5.8,0,0
64,51,7,32.5,0,0.9,1,11.1,0,0
64,52,10,258,4,31.2,34,22.8,1,0
64,53,11,121.5,0,7,21.2,16.8,0,0
64,54,6,38,0,1.9,3.1,10,0,0
64,55,5,25,1,2,5,4,0,0
64,57,5,52,0.9,2.8,10.4,7.6,0,0
64,58,7,32,1,3.9,1.2,8.9,0,0
64,59,16,381.5,6.4,20.1,55.8,78.8,1,15
64,60,6,30,0,2,2.2,7.8,0,0
64,61,12,182,2.9,5.1,35.1,17.9,0,0
64,62,15,74,1.7,2.2,11.1,19.1,0,0
64,63,19,155,0,8,21.8,39,0,0
64,64,8,34,0.5,3,5.9,4.7,0,0
64,67,4,27,0,0.5,5.7,3.8,0,0
64,69,4,20,0,1.4,2.6,4.9,0,0
64,70,2,6,0,0.5,0.6,1.9,0,0
64,71,8,33,0,2.8,3,10.5,0,0
64,72,2,6,0,0.2,0,2.2,0,0
64,73,1,7.5,0,0.3,0,2.7,0,0
64,74,3,17,0,1.5,1,3.7,0,0
64,76,4,12,0,0.3,1.4,3.1,0,0
64,77,9,72,0,2.3,9.4,18.1,0,2
64,79,3,12,0.3,0.6,0.7,3.9,0,0
64,80,5,205,2,3.9,12.1,89.1,0,3
64,81,2,5,0.1,0.2,0.2,1.7,0,0
64,83,3,8,0,0,1.1,1.7,0,0
64,84,3,9,0,0.1,1.1,2.1,0,0
64,85,1,3,0,0,0.4,0.7,0,0
64,86,8,117.5,4.3,3,3.9,45.9,0,0
64,87,5,54,1,3,3,13,0,0
64,90,2,5,0,0.1,0.3,1.4,0,0
64,92,4,22,0,0,3,7,0,0
64,94,1,4,0,0.2,0.3,1.3,0,0
64,95,4,18,0,0.7,1.6,6,0,0
64,96,2,14,0,0.6,1.4,2.6,0,0
64,97,4,40,0.9,1.1,0,14,0,0
64,98,3,25,1,1,1,8,0,0
64,99,3,30,1.1,1.9,1.1,13.9,0,0
64,100,2,3,0.1,0,0.3,0.9,0,0
64,101,1,5,0.1,0,0.6,1.5,0,0
64,103,5,15,0,2.7,0.7,6.2,0,0
64,104,2,6,0,0,0.6,2.6,0,0
64,105,5,23,0,0,2.3,9.9,0,0
64,106,5,22,0.7,0.8,1,9.8,0,0
64,107,7,56.5,0,2.1,0,23.9,0,0
64,109,1,2,0,0,0.1,1,0,0
64,110,5,51,1,0,0.9,25,0,0
64,112,1,2,0,0.1,0.2,0.7,0,0
64,113,1,5,0,0.2,0.5,1.9,0,0
64,114,3,161,1,5,3,70.1,2,5
64,115,4,22,0,0,2.2,8.8,0,0
64,116,2,3,0,0.1,0.3,1.2,0,0
64,117,2,8,0,0.5,0.7,3.1,0,0
64,118,1,5,0.1,0.4,0.7,0.3,0,0
64,119,4,20,1.1,1.2,4,4.8,0,0
64,121,3,11,0,0.9,0.2,4.1,0.4,0
64,122,6,33,0,1.9,5.6,6.7,0,0
64,123,2,14,0,0.8,2.3,2.9,0,0
64,124,1,1,0.1,0,0,0.4,0,0
64,126,10,61,0,1,11.8,8.9,0,0
75,0,4,1668,78,194.9,336.1,19,3,66
75,1,7,874,28,74,129.9,120,1,26
75,2,3,519.5,5.9,78,65,30.1,1,0
75,3,3,12,0.7,1.2,1.5,0.5,0,0
75,4,11,451.5,8,68.1,45,49,0.7,0
75,5,2,1992.5,30,247,331,96,0,19
75,6,6,1404,37.9,132.1,178,190,1,10
75,7,8,675,28,53.8,130.2,25.1,1,14
75,8,6,48,0,2,11,3,1,0
75,9,9,322.5,10.9,91,18.9,8,0,0
75,10,3,2899.5,251,473,190,171,6,81
75,11,2,4782,322,672,807,522,10,200
75,12,3,2453.5,96.9,344.1,324,209,9,81
75,13,3,4606,873,582,336,363,4,83
75,14,5,2511,308.9,370.1,225.1,181.9,1,123
75,15,5,1679,129.1,251,174.9,59,3,0
75,16,3,3373.5,235,474,560.1,116.9,11,113
75,17,2,6350.5,1319,558,812,190,10,583
75,18,2,8222.5,1833,1424,657,126,0,700
75,19,4,5156,1000,1045.1,249,131.9,2,245
75,20,7,4154.5,1262,222.9,172.9,140.2,0,628
75,21,6,4308.5,976.1,237,508,59.8,0,1219
75,22,2,5496,1225,468,483,186,0,946
75,23,13,609,16.1,151.9,41.1,29,0,24
75,24,19,221.5,8.8,17,22.9,32.3,0,0
75,25,18,357.5,20,31.4,34.1,41.8,0,0
75,26,18,326.5,21.6,33.1,27.2,39.8,0,0
75,27,4,56,5.1,4.1,3,4.9,0,0
75,30,3,38.5,1.1,2,8,5,0,0
75,31,8,876.5,12.1,106.9,125,99.9,0,8
75,32,8,88.5,5,3.9,10,14.1,0,0
75,33,9,39,1.8,3.9,2.1,6,1.1,0
75,34,5,247,25,43,12.9,8,0,0
75,35,4,1723.5,22,187.9,364.1,124.9,3,117
75,36,2,18,0.4,2.4,0.7,3.4,0,0
75,37,9,133,8.8,10.1,5.2,27.9,0,0
75,38,8,1618,37.1,46.9,228,493,0,118
75,39,14,671.5,9.1,134,57.2,38.8,0,83
75,40,12,312,2.1,31,49.8,34,0,0
75,41,11,152,2.9,16.9,18.9,13.2,0,0
75,42,5,909.5,0,192.8,118,5.1,0,0
75,43,9,1251.5,59.8,140,228,37.2,1,86
75,44,4,1146,18,204.9,197.1,24.9,0,83
75,45,2,90,0,0,22,3,1,22
75,46,3,77,1,14,8.9,7,1,0
75,47,9,1030.5,3.8,58.1,207,126,2,61
75,48,5,105.5,0,3.9,14.1,20.9,0,0
75,49,10,245,4.8,26.8,33.1,31.1,2.1,0
75,50,12,592.5,4.9,57.9,73.1,88,1,0
75,51,4,27,5.9,4,0,2.1,0,0
75,53,2,264.5,12,15,52,38,0,10
75,54,4,1756.5,24,173,270,339.9,2,46
75,55,9,835,37,82.8,155.4,21.7,0.8,22
75,56,4,170,8.9,6.9,29.1,38,1,0
75,57,4,859.5,6.9,11,225,201,7,114
75,58,4,66,2.1,8.9,12.1,4.9,0,0
75,59,6,152,0,14,31.9,5.9,0,0
75,60,2,3,0.1,0.2,0.3,0.6,0,0
75,61,8,43,1,1.9,4.6,9.4,0,0
75,62,1,3,0,0.1,0.4,0.9,0,0
75,63,2,9,0,0.4,1,3,0,0
75,64,2,145.5,2,10,18,27,0,0
75,65,10,602.5,26,67.9,36.9,121.1,0,2
75,66,7,136,5,8.1,21,16,0,0
75,67,4,56,0,4.1,3.1,12.9,0,0
75,68,12,131,3.1,15,21.9,14.9,0,0
75,69,13,415,20.9,55,57.9,34,0,0
75,70,12,98,9.7,10,3.3,15.1,0,0
75,71,6,45,3.1,3.9,5.9,7.1,0,0
75,72,14,125,2,2.3,4.9,47,0,3.8
75,73,9,71,0,7.1,9.1,18,0,1
75,75,6,25,1.1,5,1.9,3.1,0,0
75,76,4,187.5,4,5,6.1,68.9,1,0
75,77,8,111,0,8,7,33,0,0
75,78,4,69,0.5,6.9,9,15.7,0,1.4
75,79,10,115,7.1,7.2,7,29.9,0,0
75,81,6,26,0.5,1.8,1.9,5.2,0,0
75,82,3,22,2.5,0.9,2.7,4.7,0,0
75,83,14,167.5,5,31,14.2,23.9,0,0
75,84,1,8,0,0.3,0.9,1.7,0,0
75,85,8,161.5,0,5.9,23.1,29.3,0,0
75,86,6,85,0,8.6,10.4,16.9,0,0
75,87,6,178,2,6.1,11.9,59.9,0,3
75,88,3,16.5,0,0.6,3.2,3,0,0
75,89,2,8,0,0.2,1.6,1.5,0,0
75,90,9,29,0,4.3,1.6,6.6,0,0
75,91,5,17,0,2.5,1,3.9,0,0
75,94,1,2,0,0.1,0.2,0.4,0,0
75,95,7,91,1.6,4.1,4.1,27.3,0,0
75,96,4,16,0,2.4,1.6,3.4,0,0
75,97,1,2,0,0.3,0.2,0.4,0,0
75,98,2,47.5,1,1,4,14,0,0
75,99,3,23,0.6,0.7,2,6,0,0
75,100,7,51,1,1,2.2,20.9,0,0
75,101,10,46,0.8,2.6,4.1,11.6,0,0
75,102,5,50,0,2.3,3.5,17.1,0,0
75,103,2,18,0,0.8,1.3,6.2,0,0
75,106,3,20,0.9,2,0,8.5,0,0
75,107,6,52.5,0,0.8,1.1,22.1,0,0
75,110,1,4,0,0.3,0.4,0.8,0,0
75,111,3,37,0,2.7,3.7,7.1,0,0
75,113,4,37,0,2.9,3,12,0,0
75,114,4,44,0.9,1.1,3,20,0,0
75,116,5,67,0,0,7.1,16.9,0,0
75,118,1,3,0.1,0.3,0.4,0.6,0,0.1
75,120,2,6,0,0.5,0.6,1.3,0,0
75,121,3,20,0,1.5,2.2,4.4,0,0
75,122,6,198,1,9.9,29.1,47,0,0
75,123,6,157,6,12.9,13,36.1,0,0
75,124,4,1325.5,57,133.2,132.9,305.8,1,76
75,125,13,176.5,13.3,28.8,10.7,20.3,0,0
75,126,3,12.5,0,2.6,0.9,1.8,0,0
75,127,1,8,0,1.7,0.5,1.2,0,0
63,0,10,50.5,0,3.7,5.1,12,0,0
63,1,6,64,0,4,8.9,11.1,0,0
63,2,4,19,0,1.4,2.9,2.9,0,0
63,3,11,153,1.1,17,31.9,9.9,0,0
63,4,11,158,4.1,27.9,20,8,0,0
63,5,10,339.5,3,20.8,66,23.3,1,0
63,6,6,97,4,9.9,7.2,11.9,0,0
63,7,4,35,0,5.1,1,7.9,0,0
63,8,7,52,0,0,10,9,0,0
63,9,16,201.5,6.3,16.7,20.8,37.2,0,0
63,10,11,1293.5,24.8,59.2,270.9,185.2,2,51
63,11,7,350.5,4.9,28.9,86.1,7.1,0,10
63,12,7,60,0,3.1,7.1,8.9,0,0
63,13,4,28,0.5,2.9,2.9,4.5,0,0
63,14,7,37,0,10.1,1.9,7,0,0
63,15,11,112,0,7.9,12.9,19.2,0,0
63,16,3,19,1,2.3,1.9,4.6,0,0
63,17,13,112,0,13.3,13,16.6,0,0
63,18,5,23,0.4,2.1,2.5,3.3,0,0
63,19,1,2,0,0.2,0.2,0.3,0,0
63,21,3,17,0,2.2,3,0.1,0,0
63,22,4,32,1,3.9,4,3,0,0
63,23,15,488,16.2,47.9,57.9,69.2,0,0
63,24,10,99,2.1,13,14,5.9,0,0
63,25,5,57,0.8,11.1,1.1,8,0,0
63,26,7,465,6,20,101.9,34,1,10
63,27,11,297,15.9,53.9,42.1,9.1,0,4
63,28,16,316,18,23,56.7,25.2,0,0
63,29,17,399,3.7,35.2,74,42.1,0,5
63,30,9,73.5,2.2,0.9,11,14.9,0,0
63,31,9,86,1,10.9,8.9,6.1,0,0
63,32,8,227,0,41.1,23.9,24.1,1,0
63,33,11,859.5,12.9,39.1,159.3,150.6,1,19.1
63,34,8,707,7,51.2,152,9.9,0,11
63,35,11,129.5,2.1,11,9.9,22,0,0
63,36,12,74,1.1,3.8,5.4,22.9,0,0
63,37,15,392,5.2,43,44.9,57.8,2,11
63,38,15,160.5,5.1,22.8,16.1,16,0.8,0
63,39,13,401.5,5.2,13.7,48.3,96.6,1,0
63,40,10,53,0,2,0.8,17.3,0,0
63,41,15,155.5,0,14.9,19.1,32,0,0
63,42,13,142.5,0.8,6,15.1,37,0,0
63,43,9,121,1.9,4.1,7.1,34.9,0,0
63,44,16,203.5,4,23.2,25.7,26,0,0
63,45,11,59.5,0.8,6,3.2,16,0,0
63,46,9,70.5,0.6,5.9,8.2,13.5,0,0
63,47,10,312.5,1,13.9,46.9,52.3,0,0
63,48,9,77,0,10,10.2,6,0,0
63,49,12,59,0,5.2,2.8,21.1,0,0
63,50,4,42,0,6,1.1,9.9,0,0
63,51,12,91,0,5.2,13.8,17.2,0,0
63,52,9,294,1,29.9,52.2,19.9,0,0
63,53,9,362.5,1,6.2,72.9,71,0,27
63,54,3,8,0.1,0.7,0.4,1.9,0,0
63,55,1,1,0,0.1,0.1,0.2,0,0
63,56,1,2,0,0.1,0.2,0.6,0,0
63,57,7,44,0.7,2.3,4.4,13.4,0,0
63,58,8,62,1,2,1,27.1,0,0
63,59,4,45,1,1,3.9,13.1,0,0
63,60,1,10,0,0.6,0.9,2.2,0,0
63,61,16,75.5,2.3,4.3,8.5,23.5,0,0
63,62,16,442,5.1,39,91.9,76.9,0,0
63,63,11,302,6.1,20.1,25.9,100.8,0,0
63,64,8,33.5,1.5,0,5.1,8.3,0,0
63,65,4,14.5,0.7,0,2.2,3.6,0,0
63,68,1,11,0,0.9,0.9,3.7,0,0
63,69,1,1,0,0.1,0.1,0.3,0,0
63,70,3,11,0.1,0.4,1.9,2.1,0,0
63,71,7,125,4.7,5.1,14.6,34.4,0,0
63,72,4,24,0,1,3.9,6.1,0,0
63,73,5,15,0,1.1,1.5,4.7,0,0
63,74,5,21,0,0,1.1,10.9,0,0
63,75,3,6,0,0,0.3,3,0,0
63,76,2,6,0,0,0.9,1.5,0,0
63,77,4,26,0,0,3.5,6.7,0,0
63,78,5,26,0,0,0,13,0,0
63,79,4,9,0,0.3,0.5,4.3,0,0
63,80,3,7,0.3,0.4,0.6,1.7,0,0
63,81,2,11,0.5,0.6,0.8,2.8,0,0
63,82,9,42,0,0,0.9,18.2,0,0
63,83,6,58,0,0,6.8,13.1,0,0
63,84,3,5,0.1,0,0.4,1.5,0,0
63,85,5,36.5,0.6,0,2.7,11.3,0,0
63,86,8,49,0,0.5,5.8,11,0,1.4
63,87,8,94,2,2.9,9.1,19.9,0,0
63,89,3,23,0,0.8,0,9.5,0,0
63,91,1,3,0,0.2,0.1,1,0,0
63,94,2,7,0,0,0.6,1.9,0,0
63,95,10,37.5,0,5.2,7.2,4.7,0,0
63,96,11,51,2,1.1,2,26.9,0,0
63,97,1,3,0.1,0.1,0.2,1.1,0,0
63,98,3,12,0.6,0,0.7,7.5,0,0
63,99,11,54,0.7,0,2,21.2,0,0
63,100,1,1,0,0,0,0.4,0,0
63,101,2,20,0,0.7,0.8,7.1,0,0
63,102,6,48,0.7,0.7,1.7,21.6,0,0
63,105,4,11,0,0,1.4,3.4,0,0
63,106,1,1,0,0,0.1,0.3,0,0
63,108,3,16,0,0,0.3,6.4,0,0
63,109,1,2,0,0,0,0.8,0,0
63,110,4,24.5,0,0.9,4,7.1,0,0
63,112,1,4,0.1,0,0.4,1.1,0,0
63,113,8,65,2,4.1,8.9,16.1,0,0
63,114,5,112,1,2,26.9,25.1,0,3
63,115,3,5,0,0.2,0,2.3,0,0
63,116,1,4,0,0.3,0.4,1.2,0,0
63,117,3,7,0,0.5,0.7,2.1,0,0
63,120,4,9,0.4,0.5,0,3.6,0,0
63,121,2,8,0.3,0.4,0,3.3,0,0
63,122,2,30,0.2,0.4,3.4,7.4,0,0
63,123,9,66,0.5,0.6,7.6,16.3,0,0
63,124,3,8,0.2,0.2,0.7,2.2,0,0
63,125,5,25,0,0,0.9,10,0,0
63,126,1,6,0,0.2,0.5,1.3,0,0
41,0,16,236,1,26.9,28,36.1,0,0
41,1,9,91.5,0.8,14.1,12.2,6.9,0,0
41,2,14,194,6.1,22.9,28,17.9,0,0
41,3,6,144,1.9,20,28,12.1,0,5
41,4,3,8,0,0.8,0.3,2.1,0,0
41,5,6,22,0.3,2.2,0.6,5.7,0,0
41,6,8,26,1.8,4,2.1,5.1,0,0
41,7,5,21,1.3,0.9,0.6,5.7,0,0
41,8,6,27,0,0,0,11,0,0
41,9,8,47.5,0,3.9,3.1,10,0,0
41,10,5,22,0,0.8,0.4,6.4,0,0
41,11,7,91.5,1.1,3.9,13,10,0,0
41,12,12,67.5,0,3,10.1,9,0,0
41,13,6,86,1.9,8.9,5.9,17.2,1,3
41,14,4,9.5,0.4,0.1,0.4,3.8,0,0
41,15,3,6,0.3,0,0.3,2.4,0,0
41,16,11,432,6,24.1,87.8,76.8,2,14
41,17,6,22,0.8,0,1.4,6.8,0,0
41,18,12,49,0,2.1,1.1,14.7,0,0
41,19,5,18,0,0,0,7,0,0
41,20,6,116,1,12,21.1,9.8,0,4
41,21,7,41.5,0,0.9,0,12,0,0
41,22,4,21.5,0.5,1,0,6.4,0,0
41,23,9,47,2,6,1.1,11,0,0
41,24,15,663,38,98.3,74.9,96.8,0,8
41,25,14,138.5,0.8,11.1,10.1,30.9,0,0
41,26,12,41,2.1,0.9,1,16.2,0,0
41,27,2,3,0,0.3,0.1,1.1,0,0
41,28,2,6,0,0.5,0.1,2.4,0,0
41,29,5,12,0,1,0.2,4.8,0,0
41,30,9,48,0,4.1,7,4.9,0,0
41,31,9,41,0,5.3,6.8,6,0,0
41,32,4,12,0.6,0.1,0,4.9,0,0
41,33,7,21,1,0.3,0,8.6,0,0
41,34,1,1,0,0,0.1,0.2,0,0
41,35,2,11,0,0,0.8,2.7,0,0
41,36,2,5,0.3,0.1,0.5,1.1,0,0
41,37,3,7,0.3,0.2,0.7,1.6,0,0
41,38,3,9,0,0.3,0.9,3.3,0,0
41,39,6,14,0,0.6,1.4,5,0,0
41,40,1,1,0,0,0.1,0.3,0,0
41,41,3,12,0.3,0,0.4,3.8,0,0
41,42,4,15,0,0.6,0.9,3.9,0,0
41,43,14,304,10.9,44.1,45.2,31.9,0,0
41,44,4,1927,45,67,299.1,567.9,3,186
41,45,7,744,39.1,49.8,115,124,1,38
41,46,10,68.5,0,7.8,13.1,5.1,0,0
41,47,14,318.5,1,11.2,67.1,63.8,0,30.8
41,48,12,230,0,29.7,40.3,21.9,0,0
41,49,4,17,0,0.9,1.6,4.3,0,0
41,50,8,146.5,0,26,20,6.1,0,0
41,51,17,300,1,26,39,64,0,7
41,52,8,95.5,8,3.8,2,22.4,0,0
41,53,4,23,0,2,1,5.8,0,0
41,54,11,42,0,0.9,2.1,13.8,0,0
41,55,6,144,0,5.1,29,38.9,0,8
41,56,7,82,4.1,1.9,19,22,0,15
41,57,10,80,0.6,6.3,9,21,0,0
41,58,10,914.5,50.9,74.8,51.1,328.1,0,69
41,59,13,441,11.9,67.2,48.1,79.9,0,30
41,60,9,63,0,17,3,6.9,0,0
41,61,15,250.5,7,45.3,26.9,23,0,0
41,62,8,57,0,1.8,7.1,14,0,0
41,63,7,28,0,1.8,1,7.1,0,0
41,64,11,56,0,4,7.1,15.9,0,0
41,65,7,57,0,1,7.1,12.1,0,0
41,66,4,58,0,3,8,13.1,0,0
41,67,10,51.5,0,0.9,3.1,17,0,0
41,68,12,91,0,2,10,22.2,0,0
41,69,14,74.5,0,4.7,9.2,11.3,0,0
41,70,9,59,0.8,5.8,5.2,12.6,0,0
41,71,13,84,2.9,4.2,5.9,20.2,0,0
41,72,7,21,0.9,1,0.3,6.4,0,0
41,73,7,43,0,4,4,6.9,0,0
41,74,11,51,1.2,2.8,3,15.1,0,0
41,75,14,62.5,1,3.8,4.1,18.2,0,0
41,76,14,105,3.1,8.7,9.2,33.2,0,0
41,77,8,31,1.8,2,2,7.2,0,0
41,78,15,62,2.1,4.6,0,18.1,1,0
41,79,11,229,49,18.1,8,53.8,0,0
41,80,9,133.5,22,9,6,24.9,0,0
41,81,2,6,0.2,0.3,0.2,2.2,0,0
41,82,7,29,0.5,3.9,4,3.4,0,0
41,83,7,35,0,1.2,7.8,7,0,0
41,84,4,14,0,1.4,1.4,4.1,0,0
41,85,14,113,5.1,10.7,12,20.2,0,0
41,86,5,36,0,2,3.9,6.1,0,0
41,87,6,25,0,0.5,0.7,8.8,0,0
41,88,2,12,0.2,0.5,0.2,3.9,0,0
41,89,5,26,0,0.9,0,12.1,0,0
41,90,1,2,0,0.1,0.1,0.7,0,0
41,92,2,4,0,0.2,0.6,0.8,0,0
41,93,1,5,0,0.3,0.7,1,0,0
41,94,4,45,1,0,13.9,2.1,0,0
41,95,11,364.5,75.7,11.2,23,70,0,71.9
41,96,12,697.5,18.2,27.9,103.9,246,1,63.9
41,97,12,95.5,3.1,23,8.1,12.8,0,3
41,98,3,4,0,0.1,0.4,1.6,0,0
41,99,1,3,0,0.1,0.3,1.2,0,0
41,100,1,10,0,0.6,0.4,2.3,0,0
41,101,5,29,0,1.8,1,6.6,0,0
41,102,13,110.5,0.8,3.2,15.4,21.3,0,0
41,103,2,4,0,0.1,0.6,0.8,0,0
41,104,6,16,0.7,0,1.3,5.4,0,0
41,105,1,5,0.2,0,0.4,1.7,0,0
41,106,6,17,0.2,1.1,1.4,5.1,0,0
41,111,5,35,0.8,2,1.2,9,0,0
41,113,3,7,0,0.2,0.4,2.6,0,0
41,114,4,16,0.6,0,1.6,5,0,0
41,115,2,3,0.1,0,0.3,0.9,0,0
41,116,5,34,7,0,2,4.9,0,1.1
41,117,3,24,8.8,0,0,3.2,0,2.4
41,119,1,4,1.5,0,0,0.5,0,0.4
41,120,3,11,0,0.7,0.4,3.2,0,0
41,121,7,31,0,2.2,0,11.9,0,0
41,122,3,15,0.2,1.3,0,4.3,0,0
41,123,8,22,0.3,1.9,0,6.5,0,0
41,126,3,6,0,0.4,0,2.4,0,0
41,127,6,17,0,0.9,0,7,0,0
59,0,2,24,1.7,0.5,1.8,5.4,0,0
59,1,11,122,2.1,15.1,20.9,10.7,0,0
59,2,11,56,0,5.7,4.4,13.1,0,0
59,3,4,12,0,1.2,0.8,2.9,0,0
59,4,3,13,0.4,2.7,0,2.1,0,0
59,5,8,230,7.1,16,24,48.9,0,0
59,7,5,26.5,0.8,1.7,0.9,5.3,1.8,0
59,8,6,36,2.1,5,0,6.9,0,0
59,9,7,43,1,2,3.9,9,0,0
59,10,5,27,0.3,1.5,2.2,6.4,0,0
59,11,4,11,0,0.7,1.1,2.6,0,0
59,12,4,12,0,0.4,0.8,3,0,0
59,13,10,515,6.9,15,76.2,126.8,2.1,9
59,14,9,104,1.3,26.9,4.9,10,0,0
59,15,5,32,1,1,5.1,7,0,0
59,16,1,1,0,0,0.1,0.3,0,0
59,17,2,31,1,1,2.9,8.7,0,0
59,18,6,47,0,4.9,4,10,1.2,0
59,19,10,68.5,0,7,3.8,18,0,0
59,20,4,8,0,1.5,0,1.7,0,0
59,21,6,24,0,4.5,0,5.1,0,0
59,22,10,88,1,9.9,5.9,21.1,0,0
59,23,10,51,0.8,4.4,1.1,11.9,0,0
59,24,9,58,1.4,6,4.7,9.2,0,0
59,25,9,280,4.9,14,49.2,60.9,0,6
59,26,8,928.5,19,89,170.1,90.9,2,41
59,27,5,21,0,1.6,1.8,4.1,0,0
59,28,5,22,0.7,1,3.5,5.4,0,0
59,29,9,285,1,14.1,36.9,56.1,0,0
59,30,11,525,2,51.3,92.1,38.9,1.8,13
59,31,10,84,1.9,5,11.2,11.9,0,0
59,32,14,97,0,5,9.1,24.7,0,0
59,33,10,80.5,1,4,4.3,19.8,0,0
59,34,2,4,0,0,0.2,1.6,0,0
59,35,10,139.5,1.9,7.2,20,23,0,0
59,36,5,52.5,0.9,0.9,12.1,6,1.1,0
59,37,13,377,5.1,44.1,78.9,9.9,0,0
59,38,7,124,2,12,19,20,0,0
59,39,14,135,0.9,9.8,10.1,30.1,0,0
59,40,12,371.5,6.1,28,57,47.9,1,12
59,41,6,55,0,0.9,6.1,11.9,0,0
59,42,9,203,2,5.1,28,44.8,1,0
59,43,4,43,0,2.8,2,10.5,0,0
59,45,5,30.5,0.7,1,4.2,4.2,0,0
59,47,1,2,0,0.1,0.3,0.3,0,0
59,48,4,17,0,0.8,1.7,5.5,0,0
59,49,10,96,0.6,5,18.9,10.2,1.3,0
59,50,1,2,0,0.2,0.1,0.4,0,0
59,51,3,8,0,0.6,0.5,1.8,0,0
59,52,3,15,0,0.7,1,5.8,0,0
59,53,3,25,0,1.2,1.5,9.8,0,0
59,54,3,10,0,0.7,0.4,3.3,0,0
59,55,2,7,0,0.5,0.3,2.3,0,0
59,57,3,14,0,0.8,0.8,4.2,0,0
59,58,4,14,0,0,0.5,5.7,0,0
59,59,4,7,0,0,0.3,2.8,0,0
59,60,2,4,0,0,0.2,1,0,0
59,62,3,5,0,0.5,0.5,2,0,0
59,63,7,73,0.9,1,11,14,0,0
59,64,9,75,0,0.7,11.8,15,1.4,3.2
59,65,9,51,0,2.3,8.1,7.1,0,0
59,66,12,139,1,8,32,14,0,0
59,67,4,22,0,0.2,1.6,6,0,0
59,68,4,18,0,0.6,1.4,5.6,0,0
59,69,9,29,0,1.1,2.3,9,0,0
59,70,2,10,1,1.3,0.4,1.6,0,0
59,71,2,9.5,0.9,1.2,0.4,1.5,0,0
59,74,5,27,0.7,0,4.9,6.5,0,0
59,75,6,39,0.9,1,5,9.1,0,0
59,76,1,1,0,0,0,0.4,0,0
59,77,4,20,0,0.7,0.8,7.5,0,0
59,78,7,84.5,2,1,6.1,35,0,1
59,79,6,35,0.9,2,3.1,7,0,0
59,81,1,2,0.1,0,0.1,0.7,0,0
59,82,10,97.5,0,3.1,9,41,0,6
59,83,8,64,1.1,1.9,8.1,10,0,1.1
59,84,2,8,0,0,0.2,3,0,0
59,85,2,7,0,0,0.2,2.6,0,0
59,86,2,10,0.2,0.4,0.6,3.2,0,0
59,88,2,8,0.2,0.3,0,2.8,0,0
59,90,2,2,0,0.2,0.2,0.6,0,0
59,91,2,11,0.2,0.5,0.7,3.7,0,0
59,92,1,4,0,0.3,0.1,1.2,0,0
59,93,4,5,0,0.5,0,1.5,0,0
59,94,2,6,0,0,0.2,2.8,0,0
59,95,2,4.5,0,0,0.2,2.1,0,0
59,96,9,26,0,0.8,3,7,1.2,0
59,97,8,24,0.4,0.6,0.7,8.5,0,0
59,98,2,7,0,0.2,0,2.9,0,0
59,99,6,34,0,0.8,0,14,0,0
59,100,7,27,0,0.6,1,10.8,0,0
59,101,3,5,0,0,0.3,2,0,0
59,102,1,2,0,0,0.1,0.6,0,0
59,103,5,10,0,0.1,0.5,3.1,0,0
59,104,7,19,0,0,1.9,9.5,0,0
59,105,1,3,0,0,0.3,1.5,0,0
59,106,6,43,0,2,1.2,18.3,0,0
59,107,3,21,0,1,0.6,8.9,0,0
59,108,2,7,0.1,0.2,0.4,2.1,0,0
59,109,1,2,0,0.1,0.1,0.6,0,0
59,110,1,1,0,0,0,0.4,0,0
59,111,1,24,0,1,0,9.6,0,0
59,113,2,9,0,0.4,0,2.6,0,0
59,114,4,35,0,1.4,2.8,8.6,0.7,0
59,115,7,63.5,2,9,8.1,7.9,0,0
59,116,5,14,0,0.8,0.5,4.3,0,0
59,117,3,11,0,0.7,0.3,3.4,0,0
59,118,2,8,0,0.3,0.8,3,0,0
59,119,5,15,0,0.5,1.5,5.7,0,0
59,120,1,2,0,0,0.3,0.4,0,0
59,122,1,1,0,0,0.2,0.2,0,0
59,124,1,2,0,0.2,0.3,0.3,0,0
59,125,9,56.5,0,4.8,6.2,14,0,0
59,126,4,42.5,0,1.1,8.9,2,0,0
59,127,12,406,12.8,57,38.1,66.1,0,5
61,0,9,148,3.6,16,32.7,5.7,0.6,0
61,1,3,16,0.2,3,2.4,1.6,0.2,0
61,2,4,108,1,3.1,4,35,0,0
61,3,7,29,0.9,4.5,2.9,2.8,0,0
61,4,7,99,6.9,4,10.2,20.9,0,0
61,5,9,72,0.9,6.1,5.1,13.9,0,0
61,6,6,30,0,0,5,5.7,0,0
61,7,9,30,0,3,0.6,7.4,0,0
61,8,15,300.5,7.1,28.2,62.8,6.1,0,0
61,9,8,44,1.1,4,3.1,8.8,0,0
61,10,8,31,0,2,2.2,10,0,0
61,11,9,71,3.1,4,12.2,11.8,0,0
61,12,4,18,1.8,0.3,3.5,3.1,0,0
61,13,5,60.5,1,8,8,9,1,0
61,14,8,47,0,0.9,2,11.1,1,0
61,15,2,8,0,0.4,1,1,0,0
61,16,4,40,0,3,3.1,8,0,0
61,19,2,6,0.1,0.6,0.6,0.9,0,0
61,20,9,262.5,3.9,12,42.9,43.1,0,15
61,21,8,211.5,1,14.1,41.9,22,0,0
61,22,9,593,6.8,117.1,81.1,45.9,1,100
61,23,13,731.5,14.1,42.8,75.1,196.1,1,39
61,24,16,354.5,5.1,58.2,37.9,35.7,0,0
61,25,10,925.5,49,75,90.7,203.2,12,57
61,26,9,348,2.1,20.8,86.1,13,0,0
61,27,10,956.5,14,236,91,46.2,0,5
61,28,15,468,6.8,16,116.2,31,0,27
61,29,17,263,2,26.2,27.7,43,0,0
61,30,12,184.5,2.8,3.9,9.2,54.9,0,0
61,31,7,44,0,0,4.1,9.9,0,0
61,32,6,169,1,3.2,16.9,44,0,0
61,33,10,70,0,1.2,14,7.9,0,0
61,34,9,160,0,16.9,20,24.1,0,0
61,35,9,39,0,2.2,3.9,9,0,0
61,36,16,86.5,3.9,9.7,5,17.2,0,0
61,37,10,289,6,12.9,68.9,12,3,0
61,38,6,52,2.1,6.9,5,5,0,0
61,39,9,67,0,6,4,19.1,0,0
61,40,10,216.5,6.2,29,38.1,8.7,0,0
61,41,4,61.5,0,12.1,9,2,0,0
61,42,3,7,0,0.9,0.5,2.3,0,0
61,43,5,43.5,0,4.9,5.1,8,0,0
61,44,8,83.5,0,8.8,8.2,8,0,0
61,45,7,36,0.9,2.1,4.1,8.8,0,0
61,46,6,47,0,2.8,0.9,13.4,1.1,0
61,47,2,2,0,0.2,0,0.6,0,0
61,48,4,21,0,0.5,2.8,5.5,0,0
61,49,2,5,0,0.1,0.6,1.4,0,0
61,51,8,153.5,0,6.2,23.2,32.9,0,0
61,52,7,61,0.7,1.2,9,12.1,0,0
61,53,10,195,0,9.1,6,64.9,0,0
61,57,8,30,0,1.7,0.9,14.1,0,0
61,58,7,201.5,5.2,4.9,28,55.8,0,9
61,59,8,71.5,3.1,4,8.8,7.9,0,0
61,61,5,18,0,1.7,0.4,6.4,0,0
61,62,1,2,0,0.2,0,0.7,0,0
61,63,4,6,0,0.6,0,2.2,0,0
61,64,12,166,4.1,7,35.9,29.1,0,3
61,65,5,13,0.1,2.1,2.1,1.7,0,0
61,66,2,12,0,0,0.9,3.9,0,0
61,69,3,12,0,0,0.2,4,0,0
61,71,1,4,0,0,0.1,1.3,0,0
61,72,3,8,0,0.1,0.8,2.9,0,0
61,73,3,14,0,0.2,1.4,5,0,0
61,75,2,10,0,0.2,1,3.5,0,0
61,76,4,21,0,1.5,6.1,3.7,0,1.5
61,77,2,6,0,0.4,1.7,1.1,0,0.5
61,78,3,11,0.2,0.4,0.9,3.2,0,0
61,79,3,5,0.1,0.1,0.4,1.5,0,0
61,80,6,32,0.7,0.8,1.1,12.1,0,0
61,81,9,47,2,3.2,4,10.9,0,0
61,82,12,76,2.7,2,3,26.3,0,0
61,83,4,15.5,0.5,0.6,2.3,3.3,0,0
61,84,2,8,0,0.3,0,2.9,0,0
61,85,6,48,1.2,0,6.8,15,0,0
61,86,3,13,0.3,0,0.8,4.9,0,0
61,87,2,7,0.1,0,0.4,2.7,0,0
61,88,6,20,0,1.1,1.2,10.8,0,0
61,89,2,6,0,0.1,0.3,2.1,0,0
61,90,2,9,0,0.3,0.6,3.6,0,0
61,91,1,2,0,0.1,0.1,0.8,0,0
61,92,3,10,0.3,0.7,0.3,2.7,0,0
61,93,7,33,0.7,2.3,1,9.2,0,0
61,94,16,105,1,8.7,7.3,34.2,0,0
61,95,7,29,0,0,0.9,9.5,0,0
61,96,1,1,0,0,0.1,0.4,0,0
61,97,1,6,0.1,0.2,0.2,2.4,0,0
61,100,1,1,0,0.1,0.1,0.3,0,0
61,101,12,53,3.8,2,5,18,0,0
61,102,2,7,0.1,0.1,0.2,3.2,0,0
61,106,12,67,0.8,0.9,5.8,26,0,0
61,108,7,49.5,0,0,5,14.9,0,0
61,109,5,13,1.2,0,0.3,5,0,0
61,110,6,19,0.8,0,1.6,5.9,0,0
61,111,1,1,0,0,0.1,0.3,0,0
61,113,1,6,0.2,0,0.6,1.6,0,0
61,115,3,10,0,2.2,0.2,1.8,0,0
61,117,2,13,0,1.2,0.3,4.3,0,0
61,118,4,26.5,0,2.5,0.7,8.7,0,0
61,119,1,2,0,0.2,0,0.7,0,0
61,120,5,15.5,0,0,1.7,5,0,0
61,121,2,3,0,0,0.3,1,0,0
61,122,5,22,0.5,1.2,1.8,6.7,0,0
61,123,5,17,0.3,1,1.4,5.2,0,0
61,124,1,4,0,0.1,0.3,0.9,0,0
61,125,2,7,0,0.2,0.6,1.5,0,0
61,126,5,43,0,2.1,6.1,5.8,0,0
60,0,13,229,4.2,34.8,19.9,28,0,11
60,1,5,413,7,26.9,46,84.1,2,21
60,2,8,96,4.1,12.7,13.2,5,0,0
60,3,4,66.5,2.1,8.3,4.4,9.1,0,0
60,4,2,25,0.7,5.9,0.8,2.2,0,0
60,5,7,42.5,1,10,1.5,3.8,0,0
60,6,1,7,0,0,1.2,1.3,0,0
60,7,4,25,0,3,2,8,0,0
60,8,6,29,0,3,2,7,0,0
60,9,14,62,0,4.2,2,17,0,0
60,10,3,17,0,1.2,0.7,5.7,0,0
60,11,4,10,0,0.7,0.4,3.3,0,0
60,12,1,4,0.4,0.1,0.7,0.7,0,0
60,13,6,30,3,0.3,5.8,5.3,0,0
60,14,8,57,0,4.1,6.1,13.9,0,0
60,15,5,45,0,1.7,5.9,5.9,0,0
60,18,1,6,0.1,0.5,0.7,0.9,0,0
60,19,2,14,0.3,1.3,1.5,2,0,0
60,20,12,87,2.5,9.9,13.7,11.2,0,0
60,21,4,20,0.6,2.2,3.2,2.6,0,0
60,22,7,43,0,1.9,2.2,13,0,0
60,23,7,74,3,17.1,0.9,10.1,0,0
60,24,10,94.5,7.9,3.3,29,14.8,0,0
60,25,6,862,14.9,135,90,138,0,76
60,26,10,73,2.6,10.8,5.3,7.3,0,0
60,27,2,8,0.3,1.2,0.5,0.8,0,0
60,28,8,44,1.2,2.7,3,12.2,0,0
60,29,11,361.5,0,27,35,83.3,1.9,0
60,30,7,126,0,7,25,29.1,0,20
60,31,8,38,0,1.6,2.3,12.9,0,0
60,32,10,42,1.6,1.9,0.7,12.8,0.8,0
60,33,2,10,0.4,0.4,0.2,3,0.2,0
60,34,8,170.5,0.9,3,31.1,25.1,1,0
60,35,11,192.5,1.2,14,26.8,26.1,0,0
60,36,11,362.5,6.9,23.1,55,50.9,1.2,0
60,37,6,1369.5,35.1,88.9,290,223,7,45
60,38,16,293.5,4.6,29.2,41.2,50.9,0,0
60,39,13,84,1,22.1,11,4.9,0,0
60,40,9,342,2,13.8,44.2,79,0,0
60,41,10,109,1,6.2,10,29.9,0,0
60,42,4,18,0,2.1,1.3,5.9,0,0
60,43,2,2,0,0.2,0.2,0.6,0,0
60,48,1,4,0,0.1,0.5,1.1,0,0
60,49,2,8,0,0.2,1,2.2,0,0
60,51,5,17,0,0.7,3.1,2.9,0,0
60,52,5,35,0,1.1,8,4.9,0,0
60,53,5,40,0.8,3.1,2.6,9,0,0
60,54,1,7,0.1,0.6,0.4,1.6,0,0
60,56,1,4,0,0.2,0.1,1.9,0,0
60,57,1,2,0,0.1,0.1,0.9,0,0
60,58,9,32,0.8,3.2,3.2,9.8,0,0
60,59,7,34,0,1.1,2,10.8,0,0
60,61,1,3,0,0.3,0.1,1,0,0
60,62,1,4,0,0.4,0.1,1.4,0,0
60,63,1,1.5,0,0.1,0.1,0.5,0,0
60,64,11,228.5,0.8,19.1,34.3,44.9,0,0
60,65,11,109,0.9,12,22.7,8.4,0,0
60,66,7,41,0,3.2,7.1,6.7,0,0
60,67,8,22,0,0,1.8,7,0,0
60,68,2,8,0,0,0.1,2.7,0,0
60,69,4,8,0,0,0,2.6,0,0
60,71,3,17,0,0,0.4,5.5,0,0
60,72,1,2,0,0,0.2,0.7,0,0
60,74,3,9,0,0.2,0.9,3.2,0,0
60,75,3,5.5,0,0,0.6,2,0,0
60,76,1,1,0,0,0.3,0.2,0,0.1
60,77,4,23,0,0,4.1,6.9,0,0
60,78,7,33,0.6,1.5,2.7,9.5,0,0
60,79,5,41,0,0.9,2.1,12,0,0
60,81,1,5,0.1,0.1,0.2,1.9,0,0
60,82,8,36,0.8,1.3,3.9,14.1,0,0
60,83,8,40,1.3,1.4,5.7,8.9,0,0
60,84,5,11,0,0.5,0,3.9,0,0
60,85,2,14,0,0.5,0,5,0,0
60,86,3,11,0.2,0,0.7,4.1,0,0
60,87,4,17.5,0.3,0,1.1,6.5,0,0
60,88,10,88.5,0,2.9,2.3,38,0,0
60,89,5,25,0,0.7,1,8.8,0,0
60,90,3,7,0,0.2,0.5,2.8,0,0
60,91,8,59,0,2.3,3.8,23.2,0,0
60,93,7,35,0,1,2,13,0,0
60,94,8,33,0.6,1.1,1.3,16.9,0,0
60,95,2,5,0,0,0.2,1.6,0,0
60,96,5,15,0.3,0.5,0.5,6,0,0
60,98,1,2,0,0.1,0.1,0.8,0,0
60,99,4,11,0.1,0.4,0.5,4.4,0,0
60,100,4,10,0,0.8,1.1,3.3,0,0.3
60,101,8,43,0,3.2,4.9,14.3,0,1.5
60,102,1,3,0.1,0.1,0.1,1.3,0,0
60,104,3,15,0,0,2,4.7,0,0
60,106,2,4,0,0,0.4,1.6,0,0
60,107,1,1,0,0,0.1,0.4,0,0
60,108,5,16,1.5,0,0.4,6.1,0,0
60,109,2,5,0.5,0,0.1,1.9,0,0
60,110,2,3,0.1,0,0.3,0.9,0,0
60,111,2,5,0.2,0,0.4,1.6,0,0
60,112,4,11,0.3,0,1.1,3,0,0
60,113,2,8,0.3,0,0.8,2.1,0,0
60,114,6,42,0,2.9,6,9,0,0
60,115,7,40,0,8.7,0.7,7.3,0,0
60,117,1,1,0,0.1,0,0.3,0,0
60,120,4,15,0,0,1.7,5,0,0
60,121,1,3,0,0,0.3,1,0,0
60,126,7,27,0,3.8,4.3,2.9,0,0
60,127,7,55.5,0,1,7.1,12.9,0,0
62,0,8,273.5,1,60.2,35,4.7,2,7
62,1,4,70,1,7.1,5.1,14.9,0,0
62,2,5,26,0,1.7,4.1,4,0,0
62,3,8,157.5,2.9,20.9,14,24.1,0,0
62,4,6,187,1,23.9,29.1,20.1,0,9
62,5,11,508.5,7.9,34.1,106.1,41.9,0,20
62,6,4,15,0.7,2.1,0.8,1.9,0,0
62,7,6,28,1.3,4,1.5,3.7,0,0
62,8,11,499,16,29.8,87,95.1,1,20
62,9,4,34,0,0.9,4.1,7.9,0,0
62,10,9,129,13,19.1,12,15.9,0,0
62,11,9,89.5,2,9.9,8.2,15,0,0
62,12,7,29,0.7,2.9,3.1,4.6,0,0
62,13,10,77,0,7.1,10,7.9,0,0
62,14,11,187.5,0,16.9,29,16,0,0
62,15,11,85.5,1,8.1,11.9,13.2,0,0
62,16,5,22,1.1,2.6,2.2,5.3,0,0
62,17,9,66,0.8,11,6.1,12.9,0,0
62,18,1,2,0,0.2,0.2,0.3,0,0
62,19,1,2,0,0.2,0.2,0.3,0,0
62,20,1,2,0,0.3,0.3,0,0,0
62,21,6,467.5,2,49.6,74.7,30.8,0,0
62,22,12,568,1.2,27.2,151.1,33.7,0,34
62,23,12,553,6,68.1,66.9,50.1,1,0
62,24,13,799,12.8,61.9,179,53.2,1.9,44
62,25,11,58.5,0,12,4.3,11.7,0,0
62,26,6,125.5,4,11.9,21,15,0,7.1
62,27,5,2472.5,156,224,314,501,16,176
62,28,4,2785.5,56,390.1,465,210,3,396
62,29,11,461,1.9,29.9,84.2,54.9,0,9
62,30,18,294,6,16,34.8,53.1,1,0
62,31,7,27,1,3.9,0,6,0,0
62,32,8,65,1.9,5.9,5.1,10,1.1,0
62,33,13,296.5,2,15.1,60,29.2,0.9,3.8
62,34,5,88,2.9,16,10.1,2,0,0
62,35,6,73,0.9,4,16.1,4,0,0
62,36,17,165,1,11.1,11.1,42.1,0,0
62,37,17,225,1.7,14.8,16.3,66.2,0,0
62,38,14,139,2.1,14.2,11.9,24.1,0,0
62,39,7,60,0,6.9,6,10,2,0
62,40,6,22.5,0,1,2.1,8,0,0
62,41,10,186.5,1,7.9,11.9,43.2,0,0
62,42,6,111,0,8.1,17,14,0.9,0
62,43,11,127.5,1,9.1,9.9,33,0,0
62,44,8,120.5,0,4.1,14.9,25,0,0
62,45,3,43,0,4,8,3,0,0
62,46,6,264.5,2,13.1,49.9,34,0,15
62,47,3,14,0.2,1.2,1.6,2.6,0,0
62,51,5,97.5,0.8,2.2,14,19.9,0,0
62,52,10,404,3,12.2,53,82.8,12,0
62,53,10,224,4,21.9,18,50.1,0,0
62,54,1,6,0.1,0.5,0.4,1.3,0,0
62,57,2,13,0.2,0.7,1.3,3.9,0,0
62,58,9,56,0,1.9,4.1,14,0,0
62,59,10,47,0,2,4,12.8,0,0
62,61,5,44,0,2.4,4.1,9.7,0,0
62,62,7,46.5,0,6,3.1,12,0,0
62,63,11,632.5,11.9,15.8,100.2,200.1,0,13
62,64,11,182,19,4,18.8,42.2,0,17
62,65,2,4,0.1,0,0.7,0.9,0,0
62,67,2,4,0,0,0.3,1.3,0,0
62,68,1,3,0,0.2,0.3,1,0,0
62,69,1,9,0,0.7,0.8,3,0,0
62,70,2,8,0,0.4,1.4,1.4,0,0
62,71,1,1,0,0,0.2,0.2,0,0
62,72,1,2,0,0.2,0.2,0.6,0,0
62,73,4,12,0,0.9,1.2,3.6,0,0
62,74,3,8,0,0,0.3,4,0,0
62,75,1,6,0,0,0.3,3,0,0
62,76,1,5,0,0,0.7,1.3,0,0
62,77,3,14,0,0,1.9,3.6,0,0
62,78,2,4,0,0.2,0.2,1.8,0,0
62,79,3,16,0,0.5,0.7,7.6,0,0
62,80,7,45,2,0.9,4.1,13.9,0,0
62,81,6,28,1.2,1.7,2,7.2,0,0
62,82,2,30,0,1,3,7,0,0
62,83,6,14,1.2,1.9,0,8,0,0
62,84,5,40,1,0,2,11,0,0
62,85,4,13,0.2,0,1,4,0,0
62,86,1,13,0,0.2,1.5,2.9,0,0.3
62,87,2,15,0,0.2,1.8,3.3,0,0.4
62,88,2,6,0,0.2,0,2.5,0,0
62,90,11,66,0.9,3.8,1.9,21.1,0,0
62,91,8,46,0,5.9,3.9,18.1,0,0
62,93,1,3,0,0,0.3,0.8,0,0
62,94,4,11.5,0,0,1,3.1,0,0
62,95,3,15,0,0,1.2,4.2,0,0
62,96,3,10,0.3,0.4,0.6,3.7,0,0
62,97,10,27,0.9,1.2,1.5,9.9,0,0
62,98,2,4,0.1,0,0.3,2.5,0,0
62,99,2,3,0.1,0,0.2,1.9,0,0
62,100,1,7,0,0.2,0.3,2.5,0,0
62,101,8,44,0,1.1,4.2,13.9,0,0
62,106,2,5,0,0,0.7,1.5,0,0
62,107,2,6,0,0,0.8,1.9,0,0
62,108,4,21,0,0,0.5,8.4,0,0
62,109,2,6,0,0,0.1,2.4,0,0
62,110,4,19,0,0,1.6,5.6,0,0
62,111,5,15.5,0,0,1.3,4.6,0,0
62,112,1,2,0.1,0,0.2,0.5,0,0
62,113,1,2,0.1,0,0.2,0.5,0,0
62,114,2,18,0,0.7,0,8.3,0,0
62,115,2,5,0,0.2,0,2.3,0,0
62,116,2,12,0.1,0.9,1.2,3.6,0,0
62,117,12,73,0.6,5.6,7,21.9,0,0
62,120,1,2,0.1,0.1,0,0.8,0,0
62,121,2,5,0.2,0.2,0,2.1,0,0
62,122,1,2,0,0,0.3,0.5,0,0
62,124,4,11,0.4,0.5,0.8,2.9,0,0
62,125,2,7,0.3,0.3,0.5,1.8,0,0
62,126,2,9,0,0.2,0.8,2,0,0
62,127,3,10,0,0.4,0.8,2.2,0,0
58,0,6,30,2.2,0.6,2.3,6.6,0,0
58,1,8,143.5,0,10,4,42.1,1,1
58,2,11,215.5,3.2,20.9,12.3,45.8,0,0
58,3,3,9,0,0.9,0.6,2.2,0,0
58,4,5,16,0.5,3.3,0,2.6,0,0
58,5,3,8,0.2,1.7,0,1.3,0,0
58,6,8,31,0,0.9,1.1,9.9,0,0
58,7,2,4,0.1,0.3,0.1,0.8,0.3,0
58,8,2,9,0,0.6,0.4,1.8,0.3,0
58,9,9,32,0,2.2,1.4,6.3,1,0
58,10,7,26,0.1,1.5,2.1,6.3,0,0
58,11,6,24,0,1.4,2,5.8,0,0
58,12,5,27,0,0.9,1.9,6.7,0,0
58,13,4,17.5,0,0.6,1.3,4.3,0,0
58,14,3,19,0.3,3.4,0.4,2.1,0.6,0
58,15,5,26,0.4,4.7,0.5,2.9,0.8,0
58,17,9,314.5,4,4,28,110,0,9
58,18,5,178,1,17,18,37.1,0,0
58,19,5,61.5,0,5,6,16,0,0
58,20,10,47,0,7.1,4.1,15,0,0
58,21,10,159.5,5,8.9,16.2,33,1,0
58,22,15,209.5,7.1,14.1,16,34.8,0,0
58,23,3,5,0,0.5,0.1,1.3,0,0
58,24,4,18,0.4,1.9,1.5,2.8,0,0
58,25,12,91,2.2,9.2,10.8,16.7,0,0
58,26,12,96,0.8,9.1,11,16.3,0,0
58,27,6,48,0,3.9,4.2,9.3,0,0
58,28,5,21.5,0.5,1,3.5,5.5,0,0
58,29,6,40,0,1.1,2,12.9,0,0
58,30,12,69,0,4,9.9,18.1,0,0
58,31,15,72,2.9,5.3,4.2,22.7,0,0
58,32,9,211,4,26,37,8.9,0,0
58,33,12,362,1.7,15,50.2,91,0,20
58,34,10,35.5,0,0,2.6,13.5,0,0
58,35,1,2,0,0,0.1,0.8,0,0
58,36,2,3,0,0,0.2,0.9,0,0
58,37,5,32,0.9,0.9,0.9,9.2,0,0
58,38,12,106,3.2,7.8,7.1,16.9,0,0
58,39,5,29,1,6,0,4,0,0
58,40,6,36.5,1.4,4.9,4.3,4.6,0,0
58,41,3,24,0.9,3.2,2.7,3.1,0,0
58,43,1,2,0,0.1,0.1,0.5,0,0
58,44,2,4,0.1,0.1,0.6,0.5,0,0
58,49,4,11,0,0.5,1.1,3.5,0,0
58,50,6,11,0,0.9,0.8,2.4,0,0
58,53,1,6,0,0.3,0.4,2.3,0,0
58,57,5,20,0,1,1.2,5.9,0,0
58,59,2,6,0,0,0.3,2.4,0,0
58,60,2,13,0,0,0.7,3.5,0,0
58,61,2,9,0,0,0.5,2.4,0,0
58,62,1,10,0,0.7,1.1,4.1,0,0
58,63,5,12,0,1,1.4,4.8,0,0
58,64,2,15,0,0.7,2.3,2.2,0,0
58,65,1,12,0,0.6,1.9,1.7,0,0
58,66,5,23,0,0.2,1.7,6.3,0,0
58,67,4,28,0,0.4,1.9,7.7,0,0
58,68,6,19,0,0.8,1.4,6,0,0
58,69,1,1,0,0,0.1,0.3,0,0
58,70,11,341,4.9,23.1,45,77.1,0,19
58,71,8,212,14.8,11.5,30.2,39.2,0,7
58,72,4,12,0,0.5,1.2,5.5,0,0
58,73,5,16,0,0.6,1.7,7.4,0,0
58,74,3,9,0.1,0,1.7,2.2,0,0
58,75,1,2,0,0,0.4,0.5,0,0
58,76,2,8,0,0.3,0.3,3,0,0
58,77,3,24,0,1,2,8,0,0
58,78,6,25,0.6,0,1.2,7.2,0,0
58,79,3,17,0.4,0,0.9,4.8,0,0
58,80,4,18,0.5,0,0.6,6.6,0,0
58,81,3,20,0.5,0,0.6,7.4,0,0
58,83,4,23,0,0,1,10,0,0
58,84,9,25,0,0,0.9,9.1,0,0
58,86,1,5,0.1,0.2,0.3,1.6,0,0
58,87,7,34,0.6,1.3,2.1,11.1,0,0
58,88,5,21,0.5,0.7,0,7.4,0,0
58,90,4,6,0,0.4,0.4,2,0,0
58,91,6,26,0.5,1.3,1.8,8.6,0,0
58,92,5,29,0,2.3,0.7,8.5,0,0
58,93,6,37,0,0,0,18,0,0
58,94,3,19.5,0,0,1,8.8,0,0
58,95,4,12,0,0,0.5,5.5,0,0
58,96,1,6,0.1,0.1,0.2,2.1,0,0
58,97,2,10,0.3,0.3,0.3,3.4,0,0
58,98,3,8,0,0.2,0,3.3,0,0
58,99,2,4,0,0.2,0,1.6,0,0
58,100,3,5,0,0,0.3,2,0,0
58,102,1,3,0,0.1,0.1,0.9,0,0
58,103,1,2,0,0,0.1,0.6,0,0
58,104,2,4,0,0,0.4,2,0,0
58,105,1,4,0,0,0.4,2,0,0
58,106,2,4,0,0.2,0.2,1.6,0,0
58,108,2,11,0.2,0.3,0.7,3.3,0,0
58,109,1,1,0,0,0.1,0.3,0,0
58,110,5,35,0,0.9,3.1,10,0,0
58,111,4,19,0,0.9,1.1,10,0,0
58,112,1,4,0,0.2,0,1.2,0,0
58,113,2,7,0,0.3,0,2.1,0,0
58,114,5,10,0,0.4,0.9,2.6,0.1,0
58,115,1,4,0,0.2,0.3,1,0.1,0
58,116,7,146.5,1,8,6.1,61.9,0,2
58,117,2,7,0,0.4,0.2,2.2,0,0
58,118,1,5,0,0.2,0.5,1.9,0,0
58,119,1,1,0,0,0.1,0.4,0,0
58,120,3,8,0,0,1.1,1.7,0,0
58,121,3,12,0,0,1.6,2.7,0,0
58,122,2,4,0,0,0.6,0.8,0,0
58,123,4,18,0,0,2.5,3.9,0,0
58,124,2,4,0,0.4,0.6,0.6,0,0
58,125,10,50,0,5.3,7.4,7.1,0,0
58,126,5,49,0,15,3,2,0,0
58,127,6,197.5,0,49,19,8,0,0
73,0,5,1008,25,4,241,128,3,8
73,1,4,3139,708,220,277,164,1,457
73,2,8,1354,96.9,129,255,19.1,0,40
73,3,6,136.5,3.9,36,14,4.1,0,0
73,4,4,1709,35,99,324.1,236.9,0,45
73,5,6,422.5,10.9,28.9,89.1,19.1,0,9
73,6,17,485,18,69.9,72.1,22.1,0,0
73,7,3,2159.5,22,160,541,185,0,87
73,8,8,188.5,4,5.1,43,10.9,0,0
73,9,14,465,11,26.9,123,11.9,0,14
73,10,9,99.5,2,2.8,25.9,9.1,0,0
73,11,15,130,0,14.9,7.2,29.9,1,0.9
73,12,14,84.5,7.9,1.9,4.1,15,0,0
73,13,19,363.5,4.9,58.4,38,26.9,2.1,0
73,14,18,404,23.7,52.1,46,38.9,0,0
73,15,18,427,11.2,41,68.1,37.8,0,0
73,16,5,3477.5,190,315,752.1,272,3,412
73,17,6,2577,68,335,583.9,102.1,0,188
73,18,3,2737,206,107,692,160,1,56
73,19,0,2453,157,272,187,350,0,26
73,20,9,1255,81,281.1,58.2,48.9,0,0
73,21,11,397.5,13.9,64,60.2,34,1,35
73,22,10,378.5,10,91.1,27.2,9.8,1.1,0
73,23,6,847,9.1,100.9,180,31.9,0,7.1
73,24,7,970.5,4.9,196,118.1,19,0,59
73,25,2,2196.5,60,668,131,37,4,199
73,26,7,237.5,7,13,40.1,24.9,0,0
73,27,4,26,1,2.4,2,3,0,0
73,28,9,39,0,10.9,2.1,3,0,0
73,29,12,315,11,45,27,34,0,0
73,30,14,403.5,5.9,53.1,59.1,31,0,0
73,31,8,27,0,3.8,1.9,5.2,0,0
73,32,3,245,10.9,27,36,16.1,0,0
73,33,5,365,7.1,38,51.9,36,0,0
73,35,7,142.5,2.4,7.8,14,31.9,0,0
73,36,3,93,0,2,8,24,0,0
73,39,11,342,27.9,38.1,52.8,20.2,0.9,6
73,40,12,209.5,9.7,40.1,19,7.1,0,0
73,41,6,29.5,0.9,0,2.5,7.7,0,0
73,42,8,241,6,8,31.9,38.1,0,0
73,43,7,1859,327.7,90.2,71.9,161,1.2,484
73,44,4,836.5,25.9,202.9,30,9.2,0,215
73,45,7,61,6.1,1,4,15.9,0,0
73,46,3,9,0.2,0.3,1.2,1.9,0,0
73,49,2,6,0,1.7,0.2,0.3,0.1,0
73,50,5,34,2,0,0.9,8.1,0,0
73,51,9,90,2.9,9.3,7.9,15.9,0,0
73,52,8,651,20.9,99.1,90.9,40,0,0
73,53,10,146.5,7.1,10,7,30.8,0,0
73,54,5,54.5,0.9,2,6,13.1,0,0
73,55,1,6,0,0.2,0.4,1.6,0,0
73,56,6,435,2.6,115.4,88.3,5.3,0,155
73,57,5,1746.5,230.9,186,321.1,123.8,6.1,273
73,58,6,695,11,12,266.9,35,20,52
73,59,9,252,3,11.9,59,20,0,0
73,60,13,48,2,4.8,2.3,10.8,0,0
73,61,8,54,1,7,3.9,9.2,0,0
73,62,12,526.5,5.2,22.1,102.1,72.8,0.8,12
73,63,15,151.5,0,8.4,13.8,36.8,0,0
73,64,5,132.5,2,7.1,35.9,15.1,0,16
73,65,1,4,0,0,1,0.3,0,0
73,66,10,128,1.1,4.9,5.1,42.8,0,0
73,67,3,26,0.2,0.2,0.7,8.3,0,0
73,68,11,120,0,3.9,4.9,40.1,0,0
73,69,13,396.5,5,21.2,62.9,70.8,1,10
73,70,13,86,1.7,5.9,2.7,24.9,0,0
73,71,12,292.5,7,19,49.9,55,0,13
73,72,10,53,2.1,2.9,0.9,19,0,0
73,73,9,23,0,2.3,0.8,6.9,0,0
73,74,5,16,0.1,1.3,1.9,3.6,0,0
73,75,8,53.5,0.7,3.8,6.2,12.4,0,0
73,76,3,100.5,0,5.1,3,27.9,0,0
73,77,4,24,1.1,2.9,2.9,2.7,0,0
73,78,2,7,0.2,0.4,0.6,2.2,0,0
73,79,9,159.5,1.8,15,16.2,47.8,0,0
73,80,6,54.5,0,5,0.7,18.9,0,0
73,82,14,164.5,1.9,10.9,24,30.3,0,0
73,83,4,141.5,1,30.9,15.1,20.1,0,3
73,84,9,122,1.9,6,23.1,15.1,0,0
73,85,9,187,3.9,14,17.1,57,0,0
73,86,8,81,1,9.9,11.2,15,0,8
73,87,2,47.5,0,1,15,0,0,0
73,88,6,86,0,6,12.9,7,0,0
73,95,2,10,0,0,1,2.8,0,0
73,96,1,3,0.1,0.1,0.2,0.8,0,0
73,102,4,8,0.2,0.1,0.5,2.4,0,0
73,103,1,4,0.1,0.1,0.2,1.2,0,0
73,104,8,51,0,1.8,2.2,21.9,0,0
73,105,5,83,3.9,6.9,8,30.1,0,0
73,106,8,311.5,10,36.1,44.1,79.9,0,5.9
73,107,1,14,0,1.4,0.3,5.7,0,0
73,108,5,25.5,0,0,3,12.6,0,0
73,112,7,50,0,2.6,2.8,19.2,0,0
73,113,2,5,0,0.3,0.3,1.9,0,0
73,116,1,4,0,0.2,0.4,0.9,0.1,0
73,117,1,3,0,0.2,0.3,0.6,0.1,0
73,118,7,141,1,5.2,9,55.9,0,0
73,119,4,48.5,0,1.2,5.1,13.3,0.6,0
73,120,11,70.5,0,3,5,25.1,0,0
73,121,7,126.5,0,6.1,13,37.9,0,0
73,122,10,112,1,7,11,22.1,0,0
73,123,3,82,2,1.2,6.6,25.7,0,0
73,124,3,94,1,3.8,9.6,29.3,0,0
73,126,5,35,0,0.7,0,13.2,0,0
73,127,2,3,0,0,0,1.2,0,0
74,0,8,829.5,117.9,57.1,91,24,0,58
74,1,4,2259,287.9,55.1,305.9,288,1,320
74,2,0,1256.5,103,157,131,79,0,105
74,3,3,237,12.2,10.8,46.6,3.4,0,0
74,4,6,1579.5,52,187,278.1,132,3,31
74,5,11,815,33.8,117.1,113.9,55.1,1,16
74,6,8,1267,48,161.2,174,78,3,28
74,7,10,503.5,13.2,33.8,129,10.1,0,0
74,8,16,467.5,20.1,47.2,80,14.9,0,2
74,9,2,2627,9,832,163,32,2,248
74,10,7,1214.5,40.9,213,141.2,40,0,101
74,11,11,981,62.2,89.7,175,55.1,0,3
74,12,11,656,24.9,99,100,34,0,9
74,13,8,1617.5,29,484,79.1,41,1,8
74,14,7,1924,186.9,311,141.1,96,2,238
74,15,3,3653.5,1088,337,76,30,2,459
74,16,5,3423,489.9,601.1,367.1,121.9,4,42
74,17,2,5338,375,1000,889,106,0,198
74,18,0,9793.5,1091,1222,2240,245,0,912
74,19,4,3022.5,160,231.1,597.9,483,0,92
74,20,5,4175.5,427.8,963.1,443.1,269,0,165
74,21,7,1948,194.9,255,258,85.1,9,140
74,22,9,922,11,184.1,81.9,29,0,41
74,23,10,120,12,4.9,4.1,19.1,3,0
74,24,10,391.5,27.9,30.1,58,33.1,0,34
74,25,15,466,60.1,31.8,40.2,22.8,0,0
74,26,11,919,15.9,120.2,187,52.9,1.1,72
74,27,8,1181.5,18.8,86.2,268.1,129,0,103
74,28,7,89,6.9,11.2,7.3,4.7,0,0
74,30,12,460.5,5.1,69.1,48.9,49,0,0
74,31,6,1005.5,18.9,100.1,166,144.9,1,41
74,32,6,13,1.1,1.3,1.5,2.8,0,0
74,33,2,14,1,1.5,1.6,3.2,0,0
74,34,8,44.5,0,3.1,4.7,8.1,0,0
74,35,9,406,4,20.9,74.9,37.1,0,0
74,36,6,90,1.6,6.5,9.3,10.6,0,0
74,38,4,479,8,45,87.9,29,0,60
74,39,7,1063.5,3.9,153,175.1,26,0,43
74,40,11,122,3.2,23.2,10.9,8.8,0,0
74,41,10,60,8,3.1,4,8.9,0,0
74,42,7,873.5,78.1,155.2,116,21.8,0,120
74,43,4,2432.5,217,203.9,593.1,113,0,460
74,44,6,642,14.9,88.1,144,2.9,0,14
74,45,5,805.5,46,123,89,98,1,50
74,46,14,295,8,23.9,27,44,0.8,0
74,47,13,341,12,71.5,28.8,31.7,0,0
74,48,4,48,0,13.4,1.8,2.6,0.9,0
74,49,12,172.5,6.2,52.1,7.3,4.5,0,0
74,50,10,360.5,14,41.9,57,32,0,0
74,51,4,52,0,0,7,15,0,0
74,52,5,38.5,0,3,3.9,11.1,0,0
74,53,8,58.5,2,1,5.9,17.9,0,0
74,54,1,6,0.2,0.3,1.3,0.3,0,0
74,56,8,429.5,21,4.7,106.1,12.2,3.1,0
74,57,3,3232,587,81,474,408,6,483
74,58,4,1866.5,35,161,450,12,0,173
74,59,6,611.5,21,60,111,33,0,0
74,60,6,41,2.9,1,2,11.1,0,0
74,61,10,92,0,14.8,9.1,12.9,0,0
74,62,3,13,0,0.5,1.5,4.2,0,0
74,63,6,32,0,10.9,1,3.1,0,0
74,64,3,26,0.8,1.1,1.1,9,0,0
74,65,7,302,5,7.2,31.8,73,0,0
74,66,10,524.5,6.9,40.2,20,157.9,0,24
74,67,8,52,1.8,2.2,2.9,15.1,0,0
74,68,5,46,0,1,1,10.9,0,0
74,69,10,75,3,3.9,1.8,25.2,0,0
74,70,13,131,0.8,6.1,13.2,35.9,0,0
74,71,5,20,0,2,1,8,0,0
74,72,17,189.5,9.1,9.1,14.9,48,0,0
74,73,13,102,1.9,14.8,1,23.2,1,0
74,74,12,184,0,15.9,22,41,0,0
74,75,11,217.5,0.8,9,28,59.1,0,13
74,76,4,28,1,3,2,5,0,0
74,78,8,167.5,0.9,11,9.1,63,0,0
74,79,2,17,0.4,2.3,1.8,3.3,0,0.7
74,80,1,5,0.1,0.3,0.4,1,0,0
74,81,3,13,0.3,0.9,1,2.6,0,0
74,82,5,128,6.4,13.2,6.5,32.2,0,0
74,83,9,498,12.9,87,42.1,105.9,0,56
74,84,7,474,9.1,91.9,77,27,0,10
74,87,2,21,0,2.2,2.5,4.2,0,0
74,88,10,96,2,5.1,9,21.1,0,0
74,89,1,2,0,0,0.4,0.4,0,0
74,94,2,19,0.2,1.4,1.6,3.4,0,0
74,95,1,4,0.1,0.3,0.3,0.7,0,0
74,96,5,30,0,4.5,3,6.2,0,0
74,97,4,71,1.1,2,9.1,18.9,0,0
74,98,3,40,2,1,6.1,8.9,0,0
74,100,2,9,0.1,0.5,0.8,2.3,0,0
74,103,1,2,0,0.1,0.1,0.7,0,0
74,105,5,34,0.8,2,1.1,8.1,0,0
74,106,1,1,0.1,0.1,0,0.4,0,0
74,108,4,38,0,0,1.1,16.9,0,0
74,109,6,67,0,5,3,23,0,0
74,112,4,51,0,0,5.9,16.1,0,0
74,113,4,38.5,0,3,4,9,0,0
74,114,3,33,0,0,9.3,3.2,0,0
74,115,2,9,0,0,2.5,0.9,0,0
74,116,3,72,1.1,0,4.9,32,0,0
74,117,9,135,0.9,11,32.1,14.8,1.1,3
74,118,8,170.5,4.9,9.8,11.1,50.1,0,0
74,119,7,109,2.1,9.5,10.5,32.4,0,2.7
74,120,1,1,0,0.1,0.1,0.2,0,0
74,121,4,21,0,2.1,0,8.9,0,0
74,122,2,50,1,4.8,9.6,1.9,0,0
74,123,1,2,0,0.2,0.4,0.1,0,0
74,124,7,143.5,5.9,60.1,2,11.1,0,36
74,125,1,4,0.3,0.6,0.2,0.8,0,0
74,126,8,201.5,2.1,4.7,15.1,63,0,0
74,127,7,50,0,7.4,3.8,12.1,0,0
52,0,7,68,3,6,5.1,10.9,0,0
52,1,9,59,0,5.9,8.3,7.8,0,0
52,2,2,21,0,1.2,1.3,5.5,0,0
52,3,7,92.5,0,6,20,5,0,0
52,4,8,33,0,1.5,2.9,8.3,0,0
52,5,4,11,0,0.4,1.1,2.8,0,0
52,6,8,42.5,0,1,4.1,11,0,0
52,7,8,26,1,2.9,0,10.1,0,0
52,8,11,255,0,13.9,52.9,26.2,0,3
52,9,6,97.5,0,4.9,20.1,7.9,0,0
52,10,5,23,0.4,1.4,1,4.6,0.5,0
52,11,3,8,0.1,0.4,0.4,1.6,0.3,0
52,12,5,13,0,0.4,0.7,3.9,0,0
52,13,2,9,0,0.2,0.5,2.7,0,0
52,14,10,281,0,30.2,45,43.8,0,31
52,15,5,27,0,1.7,1.3,6.6,0,0
52,16,3,7,0,0.5,0.2,2.1,0,0
52,17,1,2,0,0.1,0.1,0.6,0,0
52,18,8,27,0,2.1,3,6.8,0,0
52,19,5,23,0,2.2,0,6.6,0,0
52,20,13,393.5,2,31,65.1,63.9,0,11
52,21,2,9,0.6,0.7,0.3,1.8,0,0
52,22,6,11,0,1,0.5,3.3,0,0
52,23,7,21,0,2.8,0,8.1,0,0
52,24,6,37.5,0,8,1,6,0,0
52,25,7,30,0,5,1,7,0,0
52,26,2,17,0,0.4,2.3,5.5,0,0
52,27,5,14,0,0.5,2,4.4,0,0
52,28,4,18,0,1,1.8,3.9,0,0
52,29,5,19,0,1,1.9,4,0,0
52,30,4,27,0,1.6,2.5,5.6,0.9,0
52,31,11,218.5,6.7,15.1,23.2,47.1,0,0
52,32,12,221.5,0,13.1,23.1,52.8,0,0
52,33,10,293,5.9,31.1,50.9,25,0,12.9
52,34,15,218,3,16.2,35.1,25.7,0,0
52,35,4,13,0.4,0.7,2.1,1.5,0,0
52,36,9,114.5,1,10.7,15.6,12.5,0,0
52,37,1,9,0,0.7,1.1,1.1,0,0
52,38,10,49.5,0.7,2.9,6.4,6,0,0
52,39,2,10,0.3,0.6,0.2,2.7,0,0
52,43,1,4,0.1,0.4,0.2,1,0,0
52,44,1,1,0,0,0.1,0.3,0,0
52,45,1,3,0,0.1,0.3,0.8,0,0
52,46,3,8,0,0.3,0,2.9,0,0
52,47,9,47,0,2.9,4,16,0,0
52,48,1,9,0,0,0.6,3.6,0,0
52,49,1,3,0,0,0.2,1.2,0,0
52,50,8,109.5,1,1.8,16,23.1,0,0
52,51,9,122,4,12.1,12.9,24.1,0,1.1
52,52,8,64,0,7.1,8.1,7.8,0,2
52,55,3,7,0,0.1,0.6,2.1,0,0
52,56,10,139,3,8.1,23.8,24,0,0
52,57,11,75,0,7,9.8,11,0,0
52,58,4,16.5,0,1.2,1.7,6,0,0
52,59,2,11,0,0.8,1.2,4,0,0
52,60,5,32,0,0,3.1,7.8,0,0
52,61,6,17,0,0,1.7,6.1,0,0
52,62,7,46.5,5.4,1,2.7,13.5,0,0
52,63,8,297,22,27.3,35.9,48.9,0,4
52,64,16,161,0,34.9,19.1,17.8,0,9.2
52,65,3,17,0,0.8,1.7,5,0,0
52,67,2,5,0,0.5,0.3,1.8,0,0
52,68,8,46,1,4,3,12,0,0
52,69,10,34.5,0,0,1,16,0,0
52,70,4,10,0,0,1.4,3.8,0,0
52,72,1,3,0.2,0.1,0.2,0.7,0,0
52,73,16,110,3.9,3.1,17,27.8,0,1.1
52,74,9,33,0,1.6,6.1,9.7,0,0
52,76,4,16.5,0,1.3,0,7.2,0,0
52,77,5,36,0,1.1,6,12.9,0,3
52,78,2,4,0,0,0.8,1.4,0,0
52,80,3,11,0,0.2,0.5,3.1,0,0
52,84,7,28,0.7,0,2.6,9.8,0,0
52,85,6,39,0,1,3.9,9.1,0,0
52,86,2,8,0.1,0.4,0.2,3.3,0,0
52,87,7,16,0.3,0.8,0.5,6.4,0,0
52,88,6,14,0.2,0.7,0.5,4.2,0,0
52,89,5,19,0.3,0.9,0.5,5.9,0,0
52,90,1,2,0.1,0.1,0,0.5,0,0
52,91,3,15,0.4,0.6,0,4.2,0,0
52,92,2,3,0,0.2,0,1,0,0
52,93,10,41,4.1,2.9,1.1,8.1,0,0
52,94,2,8,0,0,0.4,3.2,0,0
52,95,2,8,0,0,0.3,3.2,0,0
52,96,1,4,0.1,0.2,0.4,0.9,0,0
52,97,6,14,0.2,0.8,1.4,3.3,0,0
52,98,5,15,0.2,0.6,0.8,5.7,0,0
52,99,2,3,0,0.1,0.2,1.2,0,0
52,100,13,53,0,4.3,1.9,14,0,0
52,101,4,9,0,1.5,1.2,2,0,0
52,102,2,5,0,0.3,0.5,1.4,0,0
52,103,1,6,0,0.3,0.7,1.7,0,0
52,104,4,12,0.3,0.6,0.3,3.9,0,0
52,105,3,9,0.2,0.4,0.2,3,0,0
52,106,1,2,0.1,0.2,0,0.9,0,0
52,107,5,14,0.6,1.4,0,6.6,0,0
52,108,1,2,0,0.1,0.2,0.6,0,0
52,109,5,65,2,5.7,8.9,16.6,0,0
52,110,12,125.5,2.9,2.9,10.9,39.1,0,3
52,111,3,11,0,0.6,0.7,3.1,0,0
52,112,1,2,0,0.4,0.1,0.4,0,0
52,113,6,33,0,6.4,2,5.7,0,0
52,114,4,16,0.2,1.7,0.6,4.6,0,0
52,115,7,31,0.6,3.3,1.2,8.7,0,0
52,116,11,115.5,0.9,14,16.2,14,0,3.9
52,117,7,19,0,2.2,1.9,4.5,0,0
52,118,4,23,1,6.9,2.1,1.9,0,0
52,119,11,129,4,18.9,11.9,22,1,0
52,120,12,264,7,16.8,57.8,17.3,1,0
52,121,7,182,20.1,34,11,8.9,0,0
52,122,1,7,0.1,0.8,0.6,1.4,0,0
52,123,8,668,10,251.1,40,14.9,0,117.1
52,124,9,462,33,6.9,25.9,166.2,1,46
52,125,7,739,16.9,160.1,68,78.9,0,13
52,126,10,458,7,96,45.1,48.9,1,0
52,127,3,13,1,0.3,1.1,2.5,0,0
53,0,5,83,1,0,15,19.9,0,2.9
53,1,8,86,1,4.1,16.9,9,0,0
53,2,12,279,6.1,19.9,38.2,65,0,5
53,3,4,13,0,0.6,0.8,3.6,0,0
53,4,5,31,0,1.9,2,7,0,0
53,5,10,43.5,0,2,1,17.9,0,0
53,6,6,29,1.1,0,1.8,11.2,0,0
53,7,6,29,0,2.2,2.9,6,0,0
53,8,4,14,0,0.9,0.2,4,0,0
53,9,8,40,0,2.9,0.7,11.3,0,0
53,10,4,15,0.3,0.8,0.7,3,0.4,0
53,11,4,17,0.2,1,0.8,3.5,0.4,0
53,12,8,30,0,6.9,0,6,0,0
53,13,4,28,0,0.5,1.7,8.4,0,0
53,14,5,30,0,1.9,1.6,7.3,0,0
53,15,1,4,0,0.2,0.2,1,0,0
53,16,6,31,0,3,2.1,10.8,0,0
53,17,5,24,0,1.6,0.7,7.2,0,0
53,18,6,31,0,1.1,0,9.9,0,0
53,19,9,29,0,2.9,0,8.3,0,0
53,20,12,110,0,4.9,19,17.1,0,5
53,21,5,20,1.4,1.4,0.6,4.2,0,0
53,22,4,9,0,0.8,0.4,2.7,0,0
53,23,6,22,0,1.7,0.9,6.7,0,0
53,24,7,26,0,0.6,2,7.5,0,0
53,25,6,26,0,0.4,2.1,7.5,0,0
53,26,2,6,0,0.2,0.8,1.9,0,0
53,27,9,45,0,2.9,3.3,11.8,0,0
53,28,3,23,0,1.1,2.3,5,0,0
53,29,7,30,0,2,2,7,0,0
53,30,12,47,0,0.7,2.1,12,0,0
53,31,2,6,0,0.4,0.6,1.3,0.1,0
53,32,13,1163,30.8,69.1,263.3,185.6,2,95
53,33,3,1278.5,33,190.9,205,55,7,30
53,34,9,238,5.9,14.1,48.9,26,1,6
53,35,9,146.5,2.7,13.3,19.9,16.4,0,8
53,36,11,253.5,1,21.9,38,22.1,0,0
53,37,5,20,0,1.6,2.4,2.4,0,0
53,38,3,33,1.2,1.9,0.5,8.8,0,0
53,39,3,10,0.3,0.5,0.3,2.7,0,0
53,44,3,25,0,1.1,2,6.8,0,0
53,45,1,2,0,0.1,0.2,0.5,0,0
53,46,3,4,0,0.1,0,1.5,0,0
53,47,4,20,0,0.6,0,7.5,0,0
53,48,8,47,0,0.9,9.9,11.2,0,0
53,49,5,20,0,0,1.3,8.2,0,0
53,50,10,108,1.7,6.8,14.3,31,0,1
53,51,5,622.5,31,33,64.1,162,2,37
53,52,2,6,0,0.2,0.8,1,0,0
53,53,5,30,0,0.8,4,5.1,0,0
53,54,2,7,0,0.2,0.5,2.1,0,0
53,55,8,63,0.7,0.8,4.8,18.9,0,0
53,56,13,145.5,1.9,31,9.9,28.2,0,8
53,57,8,61,0.9,2,4,15,0,0
53,58,7,33,0,1.1,2,8.9,0,0
53,60,2,7,0,0,0.7,2.5,0,0
53,61,3,20,0,0,1.8,7.3,0,0
53,62,2,5,0.6,0.1,0.3,1.4,0,0
53,63,5,62,3,4,8.9,8.1,0,0
53,64,6,42,0,2.2,4.3,12.1,0,0
53,65,4,54,1.1,0,3,16.9,0,0
53,67,2,9,0,1,0.6,3.1,0,0
53,68,6,21,0,0.7,1.3,7.2,0,0
53,69,4,11,0,0.3,0.8,3.6,0,0
53,70,2,8,0,0,1.2,3,0,0
53,71,2,3,0,0,0.4,1.1,0,0
53,72,2,7,0.4,0.1,0.6,1.7,0,0
53,73,9,27,1.6,0.6,2.2,6.4,0,0
53,75,2,5,0,0.3,0.9,1.5,0,0
53,76,6,22,0,1.7,0,9.8,0,0
53,77,8,38,0,1.8,0,15.2,0,0
53,78,8,23,0,2.8,2.2,7,0,0
53,79,2,16.5,0,0,3.3,5.6,0,0
53,80,4,31,0,0.5,1.7,8.5,0,0
53,81,5,13,0,0.2,0.5,3.7,0,0
53,82,5,14,0,0.2,0.9,5.7,0,0
53,84,5,8,0.1,0,0.8,2.9,0,0
53,85,3,9,0.2,0,0.9,3.1,0,0
53,86,7,20,0.3,1,0.6,8.1,0,0
53,87,1,2,0,0.1,0.1,0.8,0,0
53,88,5,18,0.3,0.8,0.5,5.5,0,0
53,89,10,30,0,0,4,9,0,0
53,90,3,15,0.5,0.5,0,4.2,0,0
53,91,8,122.5,2,7,15.1,27.9,1,4
53,92,5,20,0,1.2,0,6.8,0,0
53,93,2,7,0,0.4,0,2.4,0,0
53,94,6,19,0,0,0.8,7.5,0,0
53,95,2,8,0,0,0.4,3.2,0,0
53,97,6,21,0.5,1.1,2.1,4.8,0,0
53,98,10,25,0.4,0.8,1.3,9.6,0,0
53,99,1,5,0.1,0.2,0.2,1.9,0,0
53,100,11,166,8,25,38,23.1,0,23
53,101,7,37,0,6.3,4.8,8.2,0,0
53,102,1,1,0,0,0.1,0.3,0,0
53,103,4,7,0,0.3,0.7,2,0,0
53,104,5,14,0.2,0.7,0.5,4.7,0,0
53,105,2,7,0.2,0.3,0.2,2.3,0,0
53,106,1,4,0.2,0.4,0,1.9,0,0
53,107,1,1,0,0.1,0,0.5,0,0
53,110,5,12,0,0.6,0.7,3.5,0,0
53,111,5,10,0,0.4,0.7,2.9,0,0
53,112,1,2,0,0.4,0.1,0.4,0,0
53,113,3,10,0,2,0.6,1.7,0,0
53,114,1,2,0,0.2,0.1,0.6,0,0
53,115,1,5,0.1,0.5,0.2,1.4,0,0
53,116,4,16,0,2,1.6,3.8,0,0
53,117,2,4,0,0.4,0.4,1,0,0
53,118,1,10,1.3,1.6,0.3,1.3,0,0
53,119,8,21,2.9,3.4,0.8,2.4,0,0
53,120,5,47,0.7,8.6,3.1,7.4,0,0
53,121,4,29.5,0.5,5.4,1.9,4.6,0,0
53,122,3,11,0.1,1.3,1,2.2,0,0
53,123,10,146.5,2.8,14.6,21.5,19.5,0,0
53,124,7,23,1.3,2.4,1.2,3.3,0,0
53,125,7,79,2.6,19.5,2,7.8,0,3
53,126,5,15,1.2,0.3,1.2,3,0,0
53,127,3,9,0.7,0.2,0.7,1.8,0,0
50,0,9,139,0,4.2,23.8,17,0,0
50,1,4,17,0,0.7,1,3.9,0,0
50,2,9,30,0,1.3,2.9,6.1,0,0
50,3,9,31,1.1,2,2,9.1,0,0
50,4,12,66,0,4.9,9.1,12.2,0,0
50,5,10,99,0,2.1,16,22.9,1,0
50,6,13,86,0,11.2,9.8,8.8,0,0
50,7,10,54,2.1,8.1,5.9,7,0,0
50,8,2,30,0,0.9,1.1,9,0,0
50,9,8,24,0,5.1,0,7.9,0,0
50,10,8,17,0,1,0.7,5,0,0
50,11,11,387,3,16.1,88,46,2,23.9
50,12,2,5,0,0.4,0.4,1.2,0,0
50,13,13,64,0,5.8,4.1,15.2,0,0
50,14,8,1053,31.8,141.1,139,218.1,0,83.9
50,15,12,242,8.1,44.8,29.1,16.8,1,0
50,16,10,27,0,0.9,2.2,10,0,0
50,17,12,341,2.9,25.1,65,45,2,0
50,18,10,277.5,5,17.7,36.3,83.2,2,3
50,19,1,2,0,0.1,0.1,0.6,0,0
50,20,4,13,0,1.3,0.9,3.3,0,0
50,21,8,19,0,1,1.9,8.2,0,0
50,22,8,28,0,1,2,13,0,0
50,23,10,377,8,80.2,13,99.7,1,34
50,24,15,384,2.8,43.9,66.1,32.2,0,16
50,25,2,10,0,2,0.4,1.6,0,0
50,26,7,22,0,0.6,0.8,8.7,0,0
50,28,5,11,0,0.1,1,4,0,0
50,29,5,25,0,0.5,2,8.8,0,0
50,30,10,67,1,5.1,6.1,10.8,0,0
50,31,9,48,0,4,4.8,13.2,0,0
50,32,7,37,0,0.9,4.8,6.3,0,0
50,34,8,79,2,14.7,9.7,8.4,0,0
50,35,9,224.5,1.9,57.9,18,4.1,0,0
50,37,2,5,0,1.5,0.2,0.8,0,0
50,38,6,283,2,4,54,65,0,5
50,39,12,82,0.9,6.9,13.8,6.8,0,0
50,40,1,5,0,0.4,0.4,1.5,0,0
50,41,5,13,0,0.9,1.2,3.9,0,0
50,42,3,12,0.2,0.3,0.4,2.9,0,0
50,43,6,26,0.5,0.6,0.8,6.2,0,0
50,45,1,1,0.1,0.1,0,0.4,0,0
50,46,12,89.5,0,1.8,9,24.2,0,0
50,47,12,287,1.8,31.1,32.2,68.1,0,9
50,48,8,24.5,1.1,2.8,0,7.6,0,0
50,49,1,1,0.1,0.1,0,0.3,0,0
50,50,1,2,0,0.1,0.2,0.6,0,0
50,51,4,25,0,1.5,1.8,7.7,0,0
50,52,4,17,0.4,0.4,0.9,5.5,0,0
50,55,7,14,0.2,0.5,0.7,4.7,0,0
50,56,7,27,1,3,4.1,6.9,0,0
50,57,8,25,0,1.3,1.8,6.1,0,0
50,58,1,2,0,0,0.3,0.5,0,0
50,62,4,18,0.3,0,0.5,6.6,0,0
50,63,2,6,0.1,0,0.2,2.2,0,0
50,64,3,12,0,0,0,6,0,0
50,65,4,6,0,0,0,3,0,0
50,66,7,36,0.8,3.3,3.4,8.1,0,0
50,67,1,2,0,0.2,0.2,0.5,0,0
50,68,5,26,0,2.5,0.5,10.4,0,0
50,69,2,5,0,0.5,0,2,0,0
50,72,7,37,0,2.4,2,14.1,0,0
50,73,3,7.5,0,0.5,0.4,2.9,0,0
50,74,3,17,0,1,1.1,6.4,0,0
50,75,2,10,0,0.6,0.6,3.8,0,0
50,76,2,3,0.1,0.2,0.2,1.2,0,0
50,77,7,30,2.3,0,3,7.7,0,0
50,78,6,24,0.6,0.6,1.2,6.5,0,0
50,79,7,21,0,0.9,1.2,9.9,0,0
50,80,6,13,0,0.6,0.7,5.1,0,0
50,81,9,24,0,1.5,0,12.7,0,0
50,82,7,19,0,0,0,11.6,0,0
50,83,8,77,1,3.9,9.9,16,0,4.2
50,84,4,42.5,0.7,1.6,0,14,0,0
50,85,12,38,0.7,1.2,3.1,11.8,0,0
50,86,1,2,0.1,0,0,0.8,0,0
50,87,2,6,0.3,0,0,2.5,0,0
50,88,5,10,0.1,0.9,0.5,2.9,0,0
50,89,1,2,0,0.2,0.1,0.6,0,0
50,90,3,18,0.6,0.9,1.6,3.8,0,0
50,91,5,69,1,2.6,2.7,28.9,0,5
50,92,12,75,1,0,5.2,29.9,0,0
50,93,2,4,0,0,0.2,1.7,0,0
50,94,3,8,0,0,0.6,3.2,0,0
50,95,4,6,0,0,0.6,2.4,0,0
50,96,3,11,0.7,0.3,1.1,4.1,0,0
50,97,4,14,0.8,0.3,1.4,5.3,0,0
50,98,2,5,0.3,0.2,0.5,1.8,0,0
50,101,2,2,0,0,0.2,0.8,0,0
50,102,2,7,0,0.2,0.4,2.8,0,0
50,103,1,1,0,0,0.1,0.4,0,0
50,104,8,29,0,1.1,1.6,10,0,0
50,105,2,6,0,0.3,0.3,2.1,0,0
50,106,6,17,0.8,0.3,0.5,5.8,0,0
50,107,2,8,0.4,0.2,0.2,2.7,0,0
50,109,4,11,0.2,0,0.9,4,0,0
50,110,1,4,0,0.2,0.5,1.1,0,0
50,111,6,20,0,0.8,2.3,5.7,0,0
50,112,3,12,0,1,0.7,4.6,0,0
50,113,5,12,0,1.1,0.6,4.7,0,0
50,114,3,8,0,0.7,0.3,2.1,0,0
50,115,3,10,0,0.9,0.4,2.5,0,0
50,116,3,17,0.3,3.3,0.3,3.1,0,0
50,117,6,22,0.2,4.4,0.5,3.9,0,0
50,118,8,659.5,86.9,98.1,33.2,97.9,0,43
50,119,10,438.5,31.1,34.8,95.9,47.1,0,63
50,120,7,1140,133.9,92.2,88.2,211.8,17,4
50,121,0,2681.5,467,156,148,607,7,399
50,122,3,2521,349,489,156,413,8,641
50,123,3,475.5,9,11.9,20,214.1,0,111
50,124,4,209.5,2.1,77.1,7.5,5,1,0
50,125,2,14,0.9,1,1.4,2.9,0,0
50,126,1,1,0,0,0.1,0.3,0,0
50,127,3,14,0,0.4,0.5,4.4,0,0
51,0,2,13,0,0.5,0.8,3,0,0
51,1,4,21,0,0.9,1.2,4.9,0,0
51,2,3,13,0,0.6,1.3,2.6,0,0
51,3,3,192,8.1,12.9,34.9,16,2,0
51,4,12,125.5,0,8.8,15.1,37,0,6
51,5,6,30,0,1.3,3.8,8.9,0,0
51,6,6,14,0,1.5,1.1,3.9,0,0
51,7,10,38.5,0,4.5,2.8,10.4,0,0
51,8,6,80,0,6,14,9,0,5
51,9,8,39.5,0,0,4.8,7.1,0,0
51,10,12,45,0,2.8,2,12.6,0,0
51,11,8,80,1.1,1.9,12.1,11.9,0,0
51,12,4,13,0,1.2,0.7,3.2,0,0
51,13,11,70,0,4.1,4.1,23.9,0,0
51,14,6,183,4,20.9,14.1,38,1,0
51,15,7,97,0,8.8,13.2,19.9,0,0
51,16,6,22,0,0.9,1,6.9,0,0
51,17,5,20,0,0.8,1.1,6.1,0,0
51,18,5,17,0,1,0.4,5.4,0,0
51,19,7,19,0,1.1,0.7,5.8,0,0
51,20,7,21,0,2.1,1.6,5.1,0,0
51,21,5,18,0,1.8,1.3,4.5,0,0
51,22,8,16.5,0.5,0.6,1,6.1,0,0
51,23,7,24,0.6,1,1.4,9,0,0
51,24,11,41,0,2.5,3.5,8.8,0,0
51,25,6,40,0,8,1.6,6.4,0,0
51,26,4,41,0,4,1.1,6.9,0,0
51,27,3,9,0,0.2,0.3,3.6,0,0
51,28,7,39,0,3.9,4,5,0,0
51,29,6,15,0,0.2,1.3,5.4,0,0
51,30,10,90.5,1,9,15.9,14.2,0,0
51,31,7,653,6,33.9,102,128,0,29
51,32,6,65,1,2.1,8.9,13.9,0,0
51,33,5,41,2.1,6,0,7,0,0
51,34,10,147,3,17.1,21.1,16.9,0,0
51,35,1,3,0.1,0.3,0.4,0.4,0,0
51,36,6,13,0,3.8,0.3,2.3,0,0
51,37,5,17,0,4.8,0.4,3,0,0
51,38,18,227.5,3,10,44.1,20,0,0
51,39,2,4,0,0.4,0.6,0.3,0,0
51,41,2,6,0,0.4,0.5,1.8,0,0
51,42,6,71.5,0,2,10.9,12.1,0,0
51,43,9,81,0,4.1,14.8,11.2,0,0
51,45,1,2,0.2,0.2,0.1,0.7,0,0
51,46,13,75,0,4,4.1,24,0,0
51,47,7,95,2,9,18.1,9.1,0,0
51,48,8,40,1.9,3.2,3.2,10.9,0,0
51,49,7,34,0,1.1,1.9,10,0,0
51,50,3,5,0,0.2,0.5,1.5,0,0
51,51,7,31,0,1,1,10,0,0
51,52,2,4,0.1,0.1,0.2,1.3,0,0
51,55,2,7,0.1,0.2,0.4,2.3,0,0
51,56,5,16,0,0.8,1.1,4,0,0
51,58,3,19.5,0,0.3,3.1,4.7,0,0
51,59,6,29,0,0.4,4.6,7,0,0
51,62,8,36,0,0,1.7,13.1,0,0
51,63,10,57,1,0,7,10.1,0,0
51,64,3,6,0,0,0,3,0,0
51,65,8,49,0.8,3,1.9,16.1,0,0
51,66,2,6,0.1,0.5,0.6,1.4,0,0
51,67,14,86,4.1,7.2,11.3,18.6,0,0
51,68,12,226.5,4.9,27.1,32.9,47.9,0,10
51,69,5,12,0,1.2,0.1,4.8,0,0
51,70,8,20,0,0.6,1,9.3,0,0
51,71,5,11,0,0.2,0.5,5.2,0,0
51,72,4,13,0,0.8,0.7,5,0,0
51,73,7,98.5,2.8,0,11.9,35.2,0,0
51,74,7,17,0,0,0,11.9,0,0
51,75,5,19,0,1.1,1.2,7.2,0,0
51,76,1,2,0.1,0.1,0.1,0.8,0,0
51,77,5,23,0.8,1,1.5,9.7,0,0
51,78,7,29,0,0,5,9.9,0,0
51,79,3,14,0.3,0.3,0.8,3.8,0,0
51,80,3,9,0,0.4,0.4,3.5,0,0
51,81,1,1,0,0,0.1,0.4,0,0
51,82,2,3,0,0,0,1.8,0,0
51,83,2,4,0,0,0,2.4,0,0
51,84,6,12.5,0.1,0.6,0,4.2,0,0
51,87,7,26,1.4,0,0,10.7,0,0
51,88,1,10,0.2,0.8,0.5,2.8,0,0
51,90,3,8,0.2,0.5,0.7,1.7,0,0
51,91,1,2,0.1,0.1,0.2,0.4,0,0
51,92,2,6,0,0,0.3,2.6,0,0
51,93,2,7,0,0,0.3,3,0,0
51,94,8,29,0.6,1,1.1,10.2,0,0
51,95,5,11,0,0,1,4.4,0,0
51,96,1,1,0.1,0,0.1,0.4,0,0
51,97,1,1,0.1,0,0.1,0.4,0,0
51,100,2,10,0,0.2,0.5,4.1,0,0
51,101,3,8,0,0.3,0.4,3.2,0,0
51,102,5,11,0,0.3,0.7,4.4,0,0
51,104,3,7,0,0.3,0.4,2.4,0,0
51,105,1,1,0,0,0.1,0.3,0,0
51,106,3,8,0.5,0.1,0.2,2.7,0,0
51,107,4,11,0.6,0.2,0.3,3.6,0,0
51,108,3,8,0.2,0,0.6,2.9,0,0
51,109,4,18,0.4,0,1.5,6.3,0,0
51,110,1,1,0,0,0.1,0.3,0,0
51,112,5,16,0,1.3,1.1,6.2,0,0
51,113,2,7,0,0.5,0.5,2.7,0,0
51,114,6,50,0,4.3,2.3,12.5,0,0
51,115,6,62,0,10.9,4.1,6,0,0
51,116,6,58,1,8.9,6,5,0,0
51,117,3,12,0.2,2.3,0.2,2.2,0,0
51,118,8,34.5,4,1,0,8.9,0,0
51,119,12,122,6.9,21,10,13,0,0
51,120,11,388.5,36.9,49.8,31.1,55.1,0,0
51,121,4,1098,118,239,43.9,152.1,3,258
51,122,4,507.5,34,156,15,47.1,1,143
51,123,7,1392,46,529.1,21.9,91.9,0,211
51,124,13,525.5,54.1,86.1,15.8,106,0,107
51,125,8,859.5,33.8,224.1,44,117.1,0,15
51,126,5,51,2,4.1,6.9,8,0,0
51,127,1,2,0,0.1,0.1,0.6,0,0
56,1,4,25,0.4,3.2,0.5,6.3,0,0
56,2,9,246,1,37,36.9,25.1,0,0
56,3,6,36,0,7.2,0,5.9,0,0
56,4,6,22,0.2,1,1.1,4.9,0,0
56,5,4,11,0.2,0.4,0.6,2.4,0,0
56,6,4,21,0.8,1.4,1.2,3.9,0.2,0
56,7,10,56,2.4,3.6,2.9,10.3,0.5,0
56,8,8,967.5,41,121.1,175,128.9,2,71
56,9,11,175.5,8.1,13.2,35,20.9,0,18
56,10,7,34.5,0,1.9,5,6,1,0
56,11,6,21,0,0.6,1.5,6,0,0
56,12,7,33,0,2.1,3,9.9,0,0
56,13,5,37,0,3,4.4,3.7,0,0
56,14,2,13,0,1.7,0,3.5,0,0
56,15,5,26.5,0,2.8,3.1,5.2,0,0
56,16,5,22,0.7,1.5,1.3,4.4,0,0
56,17,5,26,0.8,1.8,1.5,5.2,0,0
56,18,12,331,11.8,39.2,39.9,46.9,0,10
56,19,14,292,3.9,18.2,49.2,33.8,0,0
56,20,10,65.5,0,6.3,2.9,15.8,0,0
56,21,11,412.5,3,74,48.8,28.1,0,24
56,22,9,156,1,10.9,34.1,13,0,4
56,23,5,156.5,2,9,25,23,0,0
56,24,8,202,1,6,29,48.9,0,0
56,25,2,5,0,0,0.8,1.4,0,0.3
56,26,10,69,0,4.7,5.2,17.1,0,0
56,27,10,57,0.8,3,5,11.3,0,0
56,28,8,93,0,14,14.1,9,0,0
56,29,7,501,7,27.1,84.9,85,0,24
56,30,9,206,2.1,16,26.9,27,0,0
56,31,7,89.5,1,10.9,7,12,1,0
56,32,3,10,0,1,0.5,2.3,0,0
56,33,13,74,2.2,11.9,4,12.7,0,0
56,34,2,14,0,0.7,0.4,4.2,0,0
56,35,3,10,0,0.6,0.2,3,0,0
56,36,5,29,0,1.9,3.9,5.7,0,0
56,37,18,452,4.8,18,76,98.1,0,13
56,38,14,93,2.8,8.4,16.9,9.1,0,0
56,39,7,22,0.6,2.2,2.2,4.5,0,0
56,40,16,158,2.1,7.7,13.3,37.1,0.8,0
56,41,11,136,0,13.8,21.1,19.3,0.8,0
56,42,12,225,1,4.2,37,45,0,8
56,43,5,58,0,1,3.1,14,0,0
56,44,2,17,1.2,1.9,3.2,0.6,0,0
56,45,2,10,0.7,1.1,1.9,0.4,0,0
56,46,5,12,0.1,1.2,1.9,2.7,0.2,0
56,47,4,9,0.1,0.9,1.4,2.1,0.1,0
56,48,9,93,1,6,13.2,18.9,0,0
56,49,5,33,0.7,0,3.3,9.4,0,0
56,50,4,14,0,1.1,1,3.1,0,0
56,51,3,11,0,0.9,0.8,2.4,0,0
56,53,2,4,0,0.2,0.2,1.4,0,0
56,54,1,4,0,0.3,0.2,1.3,0,0
56,55,2,8,0,0.5,0.3,2.7,0,0
56,56,3,14,0.5,0.9,1.9,3.1,0,0
56,57,4,41,1.5,1.6,5.4,7.1,0,0
56,58,3,19,0,0,4.4,1.6,0,0
56,59,3,14,0,0,3.3,1.2,0,0
56,61,3,7,0,0,0.4,1.8,0,0
56,62,2,5,0.1,0.5,0.4,1.2,0.1,0
56,63,2,9,0.2,0.9,0.7,2.1,0.2,0
56,65,1,2,0,0.1,0.1,0.7,0,0
56,66,3,8,0.1,0.4,0.4,2.8,0,0
56,67,5,12,0.1,0.7,0.7,4.1,0,0
56,71,2,5,0,0.2,1.3,0.5,0,0.3
56,72,3,12,0,0.4,0.8,4.3,0,0
56,75,4,11,0,0.5,0.7,3.2,0,0
56,76,1,1,0,0,0,0.4,0,0
56,77,3,18,0,0,0.4,7,0,0
56,78,3,8,0,0,0.8,2.4,0,0
56,79,4,24,0,0,2.3,7.4,0,0
56,80,9,229,5,2.2,52.1,41.9,0,6
56,81,10,184,2,27.2,25,17.9,0,5
56,82,3,22,0,0,1.6,6.7,0,0
56,83,2,4,0,0,0.3,1.2,0,0
56,84,4,14,0,0.3,0.6,4.7,0,0
56,85,2,6,0,0.2,0.2,2,0,0
56,86,12,357.5,10,45.2,41.9,75.1,0,44.1
56,87,8,108,0,15.6,13,17.1,0,0
56,88,5,16,0,0.9,0,6.4,0,0
56,89,6,19,0,1.1,0,7.6,0,0
56,90,2,3,0,0,0.2,1.2,0,0
56,91,5,12,0.1,0,0.5,4.8,0,0
56,92,2,7,0.2,0,0.4,2.6,0,0
56,93,1,8,0.2,0,0.5,3,0,0
56,94,3,12,0,0,1.8,6,0,0.2
56,95,2,5,0,0,0.7,2.5,0,0.1
56,96,8,27,0.5,0.8,0.9,8.3,0,0
56,97,5,11,0.2,0.2,0.5,3.4,0,0
56,98,3,9,0,0,0.4,4.5,0,0
56,99,3,7,0,0,0.4,3.5,0,0
56,100,1,1,0,0.1,0,0.6,0,0
56,101,3,9,0,0.6,0,5.6,0,0
56,102,1,6,0,0.1,0.2,1.9,0,0
56,103,1,4,0,0.1,0.1,1.3,0,0
56,104,4,13,0,0.5,1.2,3.6,0,0
56,105,5,15,0,0.4,1.5,4.2,0,0
56,106,4,10,0,0.3,1.5,3.1,0,0
56,107,5,25,0,0.7,3.7,7.6,0,0
56,108,1,11,0.2,0.3,0.7,3.3,0,0
56,109,6,18,0.2,0.5,1.1,5.4,0,0
56,110,8,38.5,0.6,0.7,3.2,16.9,0,1.4
56,111,2,7,0.1,0.1,0.6,3.1,0,0.3
56,112,1,1,0,0,0,0.5,0,0
56,113,4,7,0.3,0,0,3.2,0,0
56,115,2,6,0,0.3,0,1.8,0,0
56,116,6,19,0,0.6,3.2,4.6,0,0
56,117,1,2,0,0.1,0.3,0.5,0,0
56,118,8,63,0.7,9.8,9.3,9.1,0,0
56,119,3,15,0.2,2.3,2.2,2.1,0,0
56,121,3,12,0,0,1.7,2.6,0,0
56,123,1,2,0,0,0.3,0.6,0,0
56,124,1,2,0,0.3,0,0.5,0,0
56,125,1,3,0,0.4,0,0.8,0,0
56,126,4,12,0,0.8,1.3,2.7,0,0
56,127,2,6,0,0.3,0.7,1.4,0,0
54,0,6,35,1,2.9,3.1,8,0,0
54,1,6,19.5,0,1.2,0.2,6.5,0.5,0
54,2,5,27.5,0,0.9,4,8,0,0
54,3,3,25,0,0,1.1,8.9,0,0
54,4,8,33,0,0.7,1.2,12,0,0
54,5,7,34,0,2,4.1,6.8,0,0
54,6,6,34,1,1.1,2.3,8.2,0,0
54,7,12,48,2.1,4.8,3.2,11,0,0
54,8,9,52,0,8,2.9,9.1,0,0
54,9,7,28,1,1.8,0.6,8.8,0,0
54,10,7,54,1,1,6,9.9,0,0
54,11,9,499,4,29,96,61.9,0,17.9
54,12,6,35,0,6,1.9,3.2,1,0
54,13,3,16,0,3.5,0,2.6,0,0
54,14,11,182,3.2,17.9,17.9,34.1,0,6
54,15,6,48,0,2,9.9,4.1,0,0
54,16,3,12,0,0.8,1.2,3.6,0,0
54,17,1,4,0,0.3,0.4,1.2,0,0
54,18,7,832.5,1,44,174.1,87,0,14
54,19,10,33,1.2,1.9,6.2,8.7,0,0
54,20,10,89,2.1,3.1,10,14.8,0,0
54,21,1,2,0,0.1,0.1,0.6,0,0
54,22,1,5,0,0.3,1,1.1,0,0
54,23,13,80.5,0,3.2,8.9,19,0,0
54,24,12,190,2,8,28.8,51.1,0,15
54,25,4,65,0,4,13,7.9,0,0
54,27,1,2,0.1,0.3,0.1,0.4,0,0
54,28,14,303.5,0,13.1,52.9,47,0,3.9
54,29,3,22,0.5,2.2,1.2,4.4,0,0
54,30,9,53.5,0,8.3,4,7.7,0,0
54,31,9,73,0,4.9,10,16,0,0
54,32,13,172.5,4.1,11.9,20.1,28.7,0,0
54,33,7,410.5,9.8,37,71,24.1,0,0
54,34,6,56,0,5.1,13.9,6,0,3
54,35,3,29,0,3.2,2.6,3.9,0,0
54,36,5,18,0.3,0.5,2.7,4,0,0
54,37,5,20,0.3,0.7,2.9,4.3,0,0
54,38,9,63,0,2,3.8,23.1,0,0
54,40,1,6,0.1,0.6,0.4,1.5,0,0
54,41,4,9,0.3,0.9,0.5,2.3,0,0
54,42,4,14,0,1.2,1.9,3,0,0
54,43,8,45,0,3.7,6.2,9.9,0,0
54,44,8,57,0,11.1,6,5.8,0,0
54,45,12,73,0.9,5.3,14.9,7,0,0
54,46,1,6,0,0.3,0.5,1.6,0,0
54,47,5,11,0,0.5,1,2.9,0,0
54,48,7,292,9.9,31.1,21.1,67.9,0,5
54,49,5,63,1.9,2.1,18,12,0,18
54,50,12,81.5,2.3,0.7,8.1,26,0,0
54,51,9,92,1.1,7.6,4.2,18.5,0,0
54,52,14,151,1,24.8,15.2,21.1,0,0
54,53,10,460,31,17,80.2,88,0,37.9
54,54,8,95.5,6.1,6,5.2,27.8,0,0
54,55,8,41,2.1,0,5.8,13,0,0
54,56,3,31.5,0,0,3.8,10.3,0,0
54,57,2,2,0,0,0.2,0.6,0,0
54,58,3,7,0,0.3,1.3,1.2,0,0
54,59,3,32,0,1.6,5.6,5.6,0,0
54,60,5,34,0,0,1.9,9,0,0
54,61,3,13,0,0.3,0.5,4.4,0,0
54,62,1,6,0.2,0.8,0.5,1.4,0,0
54,63,7,45,0,8,1,11,0,0
54,64,2,4,0,0.6,0.4,1,0,0
54,65,8,71,1.1,4,5,16,0,0
54,66,5,17,0,1.8,1,5.9,0,0
54,67,3,5,0,0.5,0.3,1.7,0,0
54,70,1,2,0,0.2,0.1,0.8,0,0
54,71,3,19,0,1.9,0.8,8.2,0,0
54,72,2,6,0.5,0.1,0.5,1.5,0,0
54,73,7,47,3.3,0.9,3.9,12,0,0
54,74,1,9,0,0.2,0.5,3.6,0,0
54,75,3,9,0,0.3,0.5,3.6,0,0
54,76,4,49,2,1.1,8,18.9,0,0
54,77,9,77.5,0,9.3,15.8,9,0,0
54,78,4,14,0.3,1.5,1.2,4.1,0,0
54,79,1,1,0,0.1,0.1,0.3,0,0
54,80,2,6,0,0.3,0.3,1.8,0,0
54,81,13,70,0,1.8,5.7,21.4,0,0
54,82,5,15,0,0.3,0.8,6.1,0,0
54,83,2,9,0,0.2,0.4,3.7,0,0
54,84,2,7,0,0,0.4,1.9,0,0
54,85,4,20,0,0,1.3,5.5,0,0
54,86,5,19,0,0.5,0.5,8.5,0,0
54,87,4,13,0,0.3,0.4,5.8,0,0
54,88,5,17,0,1.8,1,8.1,0,0
54,89,3,12,0,0,0,4.2,0,0
54,90,4,11,0,0,1.5,3,0,0
54,91,6,54,1,4,6,11,0,0
54,93,7,33,0,3,4.1,9,0,0
54,94,5,11,0.4,1,0.4,4,0,0
54,95,5,12,0.4,1,0.6,4.4,0,0
54,96,3,4,0,0.4,0.4,1.5,0,0
54,97,3,7,0,0.7,0.7,2.5,0,0
54,98,1,2,0,0.1,0.2,0.6,0,0
54,99,3,15,0,1.2,1.4,4.5,0,0
54,100,13,298,7.3,38.2,25.9,89.7,0,25
54,101,4,72,0,13.6,10.1,7.7,0,0
54,102,2,6,0,0.3,0.6,1.7,0,0
54,103,1,2,0,0.1,0.2,0.6,0,0
54,104,6,12,0,0.5,0.6,4.8,0,0
54,105,2,7,0,0.3,0.3,2.7,0,0
54,107,5,62,3.1,6.5,18.7,4.7,0,10.8
54,111,2,5,0,0.1,0.2,2.3,0,0
54,112,1,2,0,0.1,0.2,0.5,0,0
54,113,1,1,0,0,0.1,0.3,0,0
54,114,5,26,0,1.3,1.9,6.9,0,0
54,116,3,14,0,0.6,0.2,5,0.4,0
54,117,1,3,0,0.1,0,1.1,0.1,0
54,118,10,59.5,0,8.9,4,11,0,0
54,119,2,5,0,0.2,0.1,1.8,0.1,0
54,120,2,4,0,0.4,0.2,1.1,0,0
54,121,5,22,0,2,1.4,6.2,0,0
54,123,11,115,0,21.1,23,5,0,0
54,125,3,8,0,0.2,0.3,2.9,0,0
54,126,1,2,0,0.1,0.1,0.7,0,0
70,0,5,163,0,35.9,19,3,0,0
70,1,4,244.5,0,23.9,39,15.1,0,0
70,2,4,36,0,3,9,0,0,0
70,3,8,204,2,16.9,45.1,0,0,0
70,4,8,36.5,3.1,7.1,2,1.9,0,0
70,5,13,185.5,6,15.7,35,5,0,0
70,6,6,26,3.7,2.6,2.3,2,0,0
70,7,9,156.5,6.1,22.3,18.8,9,0,0
70,8,13,106,6.4,15.3,7.4,10.9,0,0
70,9,10,391.5,6,59.9,58,5,0,2
70,10,8,101.5,4,19,6.9,3,0,0
70,11,10,39,0,3.2,1.9,10,0,0
70,12,15,75,7,7.3,0.7,21.2,0,0
70,13,8,172,11.9,11.1,25.1,17.8,1,0
70,14,11,155,25.1,1.9,13,19,0,0
70,15,12,100.5,0,17,12,9.2,0,0
70,16,5,562.5,12.9,49.1,100,55.1,1,0
70,17,0,4602,231,351,1305,303,14,334
70,18,4,2359,64,329.1,342,256,6,139
70,19,8,620.5,9.2,121.8,102.2,12.8,2.1,35
70,20,6,74,3.1,24.1,0,3.8,0,0
70,21,5,659.5,16,78.9,110.1,26.1,0,12
70,22,6,74,6,7.1,13,7.9,0,0
70,23,8,381.5,17.9,61.1,40,10.1,1,0
70,24,4,1294.5,94,188,201,47,2,60
70,25,7,1098,11,76,324,61,6,95
70,26,19,494.5,4,41.2,85.8,42.9,0,0
70,27,8,452.5,2.9,61.1,110.1,19.9,2,21
70,28,6,38,3,6,3.1,0.8,0,0
70,29,11,426.5,35,35.8,44,61,0,0
70,30,3,561.5,17,65,98,55,0,37
70,31,7,1002,59.9,47.1,204.9,154,1,19
70,32,6,1055.5,33.1,217.9,119,28,0,0
70,33,5,174.5,0,54,12,3,0,0
70,34,11,74,2.1,5.1,14,10.9,0,0
70,35,5,292,4,39,57,8.1,0,0
70,36,12,371,3,33.9,80,15.9,0,1
70,37,9,734,11.9,179.1,77.2,24.9,0,11
70,38,7,1739.5,24,311.9,318,29.9,2.1,130
70,39,11,1687,27.9,30.9,533.3,12,0,156
70,40,11,81,5.2,0.6,7.5,15.7,0,0
70,41,18,442,28,30.9,66.9,34.1,0,0
70,42,6,1665.5,45,170.9,345.1,52.9,0,116
70,43,0,5515,601,1050,414,72,0,1389
70,44,3,3184,277,344,588,204,0,472
70,45,8,1692.5,85.8,430.3,232.9,30.9,0,255
70,46,15,153.5,3.9,24,22.3,19,0.8,25
70,47,10,301,7.9,12.2,70,8.2,0.8,8
70,48,4,435,25,87.6,63.6,12.4,0,28
70,49,2,8,0,1.6,1.3,0.2,0,0
70,50,6,243.5,2,11,39,35,0,0
70,51,15,203.5,1.8,9.1,32,37,0,0
70,52,7,70,1,8.9,12.1,6,0,0
70,53,6,30,0.6,1.4,2.4,7,0,0
70,54,5,44,0,10,3,4.9,0,0
70,55,4,46,1,5,2,7,0,0
70,56,4,18,0,0,2,6.4,0,0
70,57,10,39,0.8,1.9,2,9.2,0,0
70,58,16,113,1,4.8,7.3,30.8,0,0
70,59,5,20,0.2,0.4,0.4,7,0,0
70,60,4,30,0,0.7,3,5.5,0,0
70,61,4,19,0,0.3,1.9,3.5,0,0
70,62,13,79.5,0,12,6.9,13,0,0
70,63,10,470,6.1,28.8,80.3,97.9,0,41
70,64,7,171,1,0.9,46.1,12.9,0,12
70,65,9,74,1,8.1,11,10.8,0,0
70,66,16,92.5,4,5.1,3,24.9,0,0
70,67,7,31,0.8,3.1,3.1,6,0,0
70,68,9,28,1.1,7.1,0,6.9,0,0
70,69,4,19,0,1.6,1.8,4.9,0,0
70,70,5,87,0,5,18.1,15.9,1,0
70,71,7,60.5,0,1.6,4.2,22.3,0,0
70,72,10,249.5,0,9,17.1,84.8,0,0
70,73,1,2,0,0.1,0.2,0.5,0,0
70,75,1,1,0,0.1,0.1,0.2,0,0
70,76,2,13,0,0,0.4,4.9,0,0
70,78,1,2,0,0,0.2,0.8,0,0
70,79,10,94,0,5.9,7.1,23,0,0
70,80,6,28,0,2.5,0,10.5,0,0
70,81,9,34,0,2.1,0.9,12.9,0,0
70,82,4,48,0,0.7,4.7,11.7,0,0
70,83,5,14,0,0.1,1.4,3.5,0,0
70,84,1,1,0,0,0.2,0.2,0,0
70,85,2,4,0,0.1,0.6,0.9,0,0
70,86,3,7,0,0,0.2,2.6,0,0
70,88,2,22,0.4,1.8,3.3,2.4,0,0
70,90,4,12,0.3,0,0.7,4,0,0
70,91,6,21,0.4,0,1.4,7,0,0
70,92,7,93,0,9,10.1,27.9,0,0
70,93,9,1463.5,71.9,167.1,198,390,2,136
70,94,9,654.5,13.1,20.9,85,243,3,0
70,95,13,240.5,4,16.9,62.1,16.2,0,0
70,96,7,41,0,8.1,0.9,7,0,0
70,97,11,48,0,4.8,2,12.3,0,0
70,98,7,45,0.6,0.8,1.2,18,0,0
70,101,1,5,0.1,0.8,0.2,1.4,0,0
70,103,1,3,0.1,0,0.1,1,0,0
70,104,1,2,0,0.1,0.3,0.5,0,0
70,105,5,90.5,0.7,1.8,11.1,27.6,0,0
70,106,3,6,0,0.6,0.4,1.8,0,0
70,107,5,24,0,2.2,1.4,7.4,0,0
70,108,2,8,0.2,0.2,0.4,2.8,0,0
70,109,1,2,0,0.1,0.1,0.7,0,0
70,110,5,28,0,2.1,0,12.9,0,0
70,112,2,7,0.2,0.2,1.1,1.9,0,0
70,113,7,62,1.8,2.8,9.1,16.2,0,0
70,114,1,4,0.2,0.3,0.4,1.7,0,0
70,115,2,5,0.3,0.4,0.5,2.1,0,0
70,117,2,4,0,0,0.2,1.6,0,0
70,119,1,2,0,0.1,0.2,0.5,0,0
70,120,5,90,0,0.7,4.3,40.3,0,0
70,121,3,10,0,0.3,1.1,4,0,0
70,122,3,25,1.8,0.7,0.8,5.5,0,0
70,124,9,71,0,1.2,7.9,21.9,0,0
70,125,4,42,1,0,4.9,14.1,0,0
70,127,3,7,0,0,0.1,3.1,0,0
71,0,9,532.5,10,125.1,55.2,13.9,0,2
71,1,9,298.5,6,38,53.9,7.9,0,0
71,2,6,163,1,15,31.9,9.1,0,0
71,3,6,1584.5,24.1,163.9,337,66.9,1,63
71,4,15,295,8.8,43.8,21.2,34.2,0,0
71,5,7,75,2.9,19.1,2,5,1,0
71,6,7,137,11.9,9,16,21.1,0,1
71,7,15,230.5,9.9,20.2,27.9,32.1,0,0
71,8,9,1370.5,58.9,254.9,231.2,50,3,42
71,9,5,1634.5,38,203,292,114,2,48
71,10,11,452.5,9.2,128.9,34.9,8.9,2,0
71,11,10,52.5,0.9,0,3,17.1,0,0
71,12,5,1873.5,128,317,158,90.1,2,2
71,13,2,3041.5,154,333,651,187,2,347
71,14,7,75,3.9,3,10.1,8,0,0
71,15,7,1204,55,240.1,80,40.9,2,0
71,16,7,501.5,7,134.1,20,20,1,0
71,17,7,1662.5,30.9,200.1,275.9,126.1,1,92
71,18,9,1005,22.1,185,109.8,38.2,3,0
71,19,6,1234,25,183.1,178,35,1,32
71,20,8,1100.5,79,146.8,86.2,65.9,4,0
71,21,8,1628.5,109.9,149,333,156,4,105
71,22,6,198,20,3,72,6,0,0
71,23,13,218,3,24,31,21.1,4,0
71,24,9,222,15.7,14.9,22.5,31.9,2,0
71,25,3,17,1.1,1.9,1.6,2.2,0,0
71,26,9,77.5,0,8.9,10.2,6,0,0
71,27,7,46,0.9,7.1,3,2.8,0,0
71,28,14,453,48.9,42,64,16.1,0,0
71,29,15,117,13.2,21.1,0.7,11.9,1.1,0
71,30,18,289,10.1,44.9,29.1,32,0,0
71,31,6,433.5,8.1,30,79,65,2,19
71,32,2,2,0.4,0,0.2,0.2,0,0
71,33,3,31,4.6,0,3.8,3.8,0,0
71,34,1,2,0.4,0.2,0.1,0.5,0,0
71,35,7,32,5.7,2.9,1.8,8.5,0,0
71,36,4,17,1.5,1.6,1,1.5,0,0
71,37,7,103,5.6,9.6,18.9,3.4,0,0
71,38,5,2375.5,219,39.1,405,359.9,7,234
71,39,4,157,10,9,18.1,21,0,0
71,40,2,28,1.8,0.2,2.6,5.4,0,0
71,41,9,159,4.8,6.1,26,24,0,0
71,42,11,760.5,56.1,39.8,170.1,50,0,14
71,43,3,6023.5,380.9,554.9,1595,743.1,7,291
71,44,3,7442,308,290,1797,1652,17,463.9
71,45,2,4433,284,472,1014,446,4,417
71,46,7,1276,16,266,184,33,0,103
71,47,14,269,16,28.9,42,19,0,0
71,48,8,669,48.1,59.6,131.3,34,0,38
71,49,5,14,0,2.8,2.2,0.5,0,0
71,50,5,25.5,3,2.1,0,6.9,0,0
71,51,6,126,2,10,14,15.8,0,0
71,52,5,550.5,5,53,146,27,0,52
71,53,4,17,0.3,0.8,1.5,3.9,0,0
71,54,3,14,0.2,2.2,0.8,2,0,0
71,55,7,37,0.6,5.8,2.1,5.2,0,0
71,56,7,29,0,0,3,10.6,0,0
71,57,8,48,0,0.9,6.3,9.9,1,0
71,58,14,95,2.3,2,10.9,29.5,0,0
71,59,6,38,0.4,0.7,0.9,13.2,0,0
71,60,9,157.5,4,1.9,20.1,34.1,0,0
71,62,8,45,2.1,6.9,2.1,9,0,0
71,63,5,40.5,0,4,6.1,6,0,0
71,64,8,25,0,1.5,0.4,7.5,0,0
71,65,7,26,0,1.5,0.3,7.8,0,0
71,66,15,449.5,8.1,15,80,112.9,0,31
71,67,13,260,6.9,10.2,40,67.8,1,14
71,68,6,22.5,0,1.9,2.1,5.9,0,0
71,69,2,4,0,0.4,0.4,1,0,0
71,70,2,11,0,0.5,1,3.5,0,0
71,71,11,71,0.8,7.1,6.2,21,0,0
71,72,13,53.5,1.1,3.6,4.2,12.5,0,0
71,73,14,224.5,0.9,8.9,25.9,56.2,0,0
71,74,4,24,0,1.9,2.5,4.7,0,0
71,78,1,3,0,0,0.3,1.1,0,0
71,79,5,24,0,0,2.4,9.2,0,0
71,80,13,78.5,0,2.8,9,21.1,0,2
71,81,5,17,0,1.5,0,6.4,0,0
71,82,15,406.5,6.9,29.2,41.1,97.9,0,1
71,83,7,193,3,16,26.9,40.1,0,0
71,84,1,4,0,0.1,0.6,0.9,0,0
71,85,14,291.5,3.8,6.8,32.8,69,0,0
71,86,4,23,0,0,0.8,8.4,0,0
71,87,6,59.5,0,1.8,4.1,20,0,0
71,88,11,78,1.5,6.3,11.8,8.4,0,0
71,91,9,33,0,2,1.1,7.9,0,0
71,92,6,26,0.6,3.5,2.1,4.4,0,0
71,93,10,69,1.5,9.5,5.8,11.7,0,0
71,94,5,16,1.2,1.2,0.5,3.6,0,0
71,95,3,11,0.8,0.9,0.3,2.4,0,0
71,96,5,33,2.8,3.8,1,4.7,0,0
71,97,1,2,0.2,0.2,0,0.3,0,0
71,98,2,5,0,0.1,0.2,2,0,0
71,99,5,78,0,27.9,9,1,0,0
71,100,4,126.5,2.7,8.4,1.9,47.5,0,0
71,103,1,3,0.1,0,0.1,1,0,0
71,105,2,4,0,0.2,0.6,1,0,0
71,107,2,5,0,0.5,0.3,1.5,0,0
71,108,3,14,0.2,0.3,0.6,5.1,0,0
71,109,8,59.5,0.8,1.5,2.7,21.4,0,0
71,113,10,65,1,7.2,9.9,16.8,0,0
71,114,5,24,1.4,1.9,2.4,10.1,0,0
71,115,1,1,0.1,0.1,0.1,0.4,0,0
71,116,1,3,0,0,0.1,1.2,0,0
71,117,5,42,0,0.8,1.7,16.4,0,0
71,118,8,137,0,4.7,6.8,46.1,0.9,0
71,119,1,2,0,0.1,0.2,0.5,0,0
71,120,2,4,0,0.1,0.4,1.6,0,0
71,123,1,15,1.1,0.4,0.4,3.3,0,0
71,125,6,53,0,1.1,5.9,17.9,0,0
71,126,5,23,0,0,0.5,10.1,0,0
71,127,2,9,0,0,0.2,3.9,0,0
72,0,6,3706.5,965.1,175,241.9,191,52,821
72,1,7,3999.5,174,1105.1,116.1,27.9,0,1110
72,2,7,263,42,24.2,26,9.8,0,0
72,3,5,567.5,16,109.9,75,22.1,0,0
72,4,3,51,2.5,3.6,8.7,3.2,0,0
72,5,2,13,1.4,0.5,1.4,1.8,0,0
72,6,11,113,9.2,7,12,8.8,0,0
72,7,7,39.5,6.8,6.8,2.2,1.1,1.1,0
72,8,6,1695,139,372.1,168,36,1,193
72,9,2,4830,190,683,1028.1,304.9,1,445
72,10,5,1122.5,7,254,137,19,0,30
72,11,7,60,0.8,13,1.2,6.9,0,0
72,12,15,364.5,5,110.1,3.8,20.9,0,0
72,13,6,1468.5,45,138.9,173,163.1,3,29
72,14,10,524.5,4,94.1,42,42,1,0
72,15,6,539,25,70.1,62.9,18,1,8
72,16,5,1399,121.1,155,195.1,41.8,4,10
72,17,6,3031,26,338,893.9,74,10,193
72,18,7,1019.5,70.9,124.1,82,90.9,0,0
72,19,8,680,25,65,118,45,1,0
72,20,10,1285.5,19.1,184,211.2,124.7,7,81
72,21,5,947,42,121.1,127.9,59,2,19
72,22,16,420,11,41.1,69,22,1.8,0
72,23,6,927,33.1,114,152.9,51,0,63
72,24,7,1267.5,13.8,125,271.2,24,2,88
72,25,7,1236.5,17,118.9,232.9,99.2,8,44
72,26,6,69,2.9,6.6,5,8.1,0,0
72,27,9,566,4,167.9,25,5.1,0,17
72,28,9,727.5,8.8,189.1,27,37.1,0,0
72,29,15,337.5,8,43.9,40.1,32,0,0
72,30,12,777,5.9,94.9,152.2,61,5,64
72,31,10,58,7.9,11.1,3.1,4.9,0,0
72,32,6,321.5,14.9,36,33.9,46.1,0,0
72,33,5,498.5,17,28,100.1,69.9,0,41
72,34,4,11,0.4,0.8,1.1,2.1,0,0
72,35,3,6,0.2,0.5,0.6,1.1,0,0
72,36,3,41,0,0,12.1,0,0,0
72,37,7,434.5,7.9,33,81,38,0,0
72,38,3,78.5,6,10,7.1,6,0,0
72,39,4,803.5,43.1,57,150,69.9,1,19
72,40,3,72,5,11,6,2,0,0
72,41,1,5,0.2,0,0.4,1.3,0,0
72,42,9,73,2.9,3.1,3.2,18.9,0,0
72,43,5,5110,516.1,483,836,298.9,2,773
72,44,2,4843.5,263,369,1007,307,4,702
72,45,6,1369.5,28.1,242,212,50,0,217
72,46,8,32,4.9,0,7.1,2,0,0
72,47,6,29,0.6,0.7,4,6.2,0,0
72,50,6,75,1,3,3.9,18,0,0
72,51,11,400,63,39.9,30.1,36.9,0,48
72,52,7,1072,32,49.1,167.1,223.9,3,7
72,53,10,114,1.9,5.9,15.1,17.9,0,0
72,54,6,55,1.1,4,5.9,11,0,0
72,55,2,24,0,0.8,1.6,6.4,0,0
72,56,2,5,0.3,0.7,0.5,0.7,0,0
72,57,8,1222.5,2,6.8,325,26.2,0,0
72,58,10,885,6.1,18.1,219.9,33.8,2,0
72,59,5,33,0,1.8,0,9.2,0,0
72,60,6,18,0,1.8,2,3.4,0,0
72,61,3,10,0,1,1.2,1.8,0,0
72,62,5,129,0,5.8,21.2,16.1,0,0
72,63,6,31,0,2,1,12.9,0,0
72,64,9,690.5,7,28.9,108.1,121.9,0,11
72,65,4,99,0,2,20.7,10.9,0,0
72,66,9,68,0.7,0.8,1.6,21.6,0,0
72,67,12,77,1.1,1.9,5.1,25.8,0,0
72,68,5,22,0.4,1,1.7,4.9,0,0
72,69,7,42,0.6,2,3.4,9.1,0,0
72,70,2,4,0,0.2,0.2,1.2,0,0
72,71,17,186.5,3.1,20,10.9,47,3,0
72,72,13,75,0.7,5.2,1.2,30,0,0
72,73,7,26,0,2.6,1.2,7.8,0,0
72,74,8,205,0,8,22.1,48,0,0
72,77,4,47,2.9,3.3,3.4,11,0,0
72,78,2,6,0.1,0.4,0.5,1.9,0,0
72,80,2,5,0,0.5,0.1,1.7,0,0
72,81,3,7,0,0.7,0,2.5,0,0
72,82,10,108,3,12.1,13.8,18.9,0,0
72,83,9,133.5,3,14,7.9,30.9,0,0
72,84,8,251.5,2.1,23,42.1,30.8,0,7
72,85,10,36,2,8.8,2.1,5.1,0,0
72,86,10,203.5,6.3,8,29.9,38.9,0,0
72,87,5,86,2,5,8.9,17.2,0,0
72,88,7,44.5,0,0,0.9,19.4,0,0
72,89,2,4,0,0,0,1.8,0,0
72,90,1,3,0,0.4,0.2,0.7,0,0
72,91,1,4,0,0.6,0.2,0.9,0,0
72,93,3,13,0,0,1.3,3.7,0,0
72,94,2,8,0,0,0.8,2.3,0,0
72,97,1,3,0.1,0.1,0.2,0.8,0,0
72,99,2,5.5,0.1,0.2,0.5,1.4,0,0
72,100,4,124.5,17.9,4,18.7,15.3,0,10
72,101,2,4,0.1,0.1,0.3,1.5,0,0
72,102,5,46,1.6,0.9,2.3,13.5,0,0
72,103,9,52,1,4.2,10.8,9,0,0
72,104,6,47,0,2,4.7,14.8,0,0
72,105,1,3.5,0,0.1,0.4,1.1,0,0
72,107,7,63,0,3.7,0.8,28.2,0,0
72,108,1,1,0,0,0.1,0.5,0,0
72,109,2,14,0,0,1.7,7,0,0
72,110,6,66,0,5.9,6.7,19.9,0,0
72,111,1,1,0,0.1,0.1,0.2,0,0
72,112,10,80.5,1.2,9.2,10.8,20.9,0,0
72,113,8,626.5,36.2,61.7,60.1,164.9,10,46
72,114,1,126,3.4,1,13.6,63.8,0,3
72,115,3,9,0.6,0,1.4,2.2,0,0
72,117,1,4,0,0.2,0.4,0.9,0.1,0
72,118,2,6,0,0.4,0.6,1.2,0.2,0
72,122,2,17,0,1.8,2.4,4.3,0,0
72,125,1,3,0,0.3,0.4,0.7,0,0
72,127,4,12.5,0,0.2,0,4.8,0,0
55,0,8,40,0,0,3,13,0,0
55,1,5,34,0,1.9,0.5,11.5,0.8,0
55,2,7,20,0,0,0.8,7.2,0,0
55,3,8,63,0,2,4.8,15,0,0
55,4,4,16,0,0.9,2,3.2,0,0
55,5,10,57,1.1,2.7,3.1,9,0,0
55,6,5,28,0.9,1,1.8,6.7,0,0
55,7,10,43,0.9,1.8,4.2,11.1,0,0
55,8,7,22,0.8,1.4,0.4,7,0,0
55,9,7,37,0,0,3.9,13.1,0,0
55,10,8,22,0,1.4,0.8,6.1,0,0
55,11,6,26,0,1.7,0.9,7.1,0,0
55,12,12,61,1.3,9.7,7.1,6.1,0,0
55,13,5,15,0,3.3,0,2.4,0,0
55,14,5,27,0,2.8,2.3,7.3,0,0
55,15,6,21,0,2.2,1.8,5.6,0,0
55,16,5,46.5,0,3,6.1,11,0,0
55,17,3,14,0,0.9,1.4,4.2,0,0
55,18,10,61.5,1.9,10.3,3.1,12.7,0,0
55,19,13,97,3.1,9,14.9,11.8,0,0
55,20,8,34,0.3,1.2,1.9,10.2,0,0
55,21,7,21,0.3,0.6,1.2,6.3,0,0
55,22,7,69,0,3,6.9,14.1,0,0
55,23,6,31,0,1.7,6,6.8,0,0
55,24,6,30.5,0,4,0.9,8.1,0,0
55,25,8,57,0,4.2,12.1,6.7,0,0
55,26,5,16,0.9,2.1,1,3.3,0,0
55,27,3,15,0.8,1.8,0.9,3.3,0,0
55,28,9,68.5,1.8,6.8,3.7,13.7,0,0
55,29,8,252,0.9,10.1,52,27,1,0
55,30,11,79,1,3.2,12.7,17.1,0,0
55,31,13,96,0,1.9,15.3,17.8,0,0
55,32,6,45,0,0.9,3.1,8.1,0,0
55,33,10,467.5,4.9,33.1,88.9,57.1,0,11
55,34,6,55.5,0,5.2,5.9,7.9,0,0
55,35,3,16,0,1.8,1.4,2.2,0,0
55,36,5,25,0.4,0.7,3.6,5.6,0,0
55,37,8,125,1.9,11.2,9.9,23.9,0,0
55,38,12,72.5,0,8,6,11.9,0,0
55,39,11,80,0,9.9,3.1,16.9,0,0
55,40,7,44.5,0.8,4.2,2.9,11.1,0,0
55,41,11,69.5,2.9,6.9,4.1,13.9,0,0
55,42,4,78,1,0,14.9,13,0,0
55,43,10,89.5,3,7.8,8.9,14.3,0,0
55,44,12,363,5,24.2,34.1,96.7,0,12
55,45,11,80,2.9,9.1,5.1,14,0,0
55,48,9,94.5,0,4.2,27.1,2.8,0,0
55,49,5,67,0,2.9,10,14,0,0
55,50,3,17,0.3,1.4,0.7,3.4,0,0
55,52,7,42,0,5,4,7.8,0,0
55,53,8,52.5,3.2,10.1,4,6.9,0,0
55,54,8,26,0.7,2.9,2.4,6.8,0,0
55,55,6,17,0.5,1.8,1.6,4.5,0,0
55,56,12,51.5,6.9,3,5.1,10.1,0,0
55,57,18,181.5,6.1,10.3,23.3,46.4,0,5.1
55,58,8,82,2,6,17.9,4.9,0,5
55,59,1,1,0,0,0.2,0.2,0,0
55,61,4,20,0,0.4,0.7,6.8,0,0
55,62,4,9,0.1,1.2,0.8,2.3,0,0
55,63,6,22,0.5,2.9,1.9,5.4,0,0
55,64,8,36,0.8,4.6,2.8,9,0,0
55,65,12,137,2,15.3,10.7,39.1,0,0
55,66,8,56,1.1,5.1,11.8,6.1,0,0
55,67,4,10,0,1.1,0.6,3.4,0,0
55,72,1,3,0.2,0,0.3,0.8,0,0
55,73,1,2,0.2,0,0.2,0.5,0,0
55,75,7,22,0,0.8,1,8.8,0,0
55,76,1,6,0,0.5,0.5,2.2,0,0
55,77,7,18,0,1.5,1.7,6.5,0,0
55,78,4,9,0.1,1,0.9,2.6,0,0
55,79,2,11,0.2,1.2,1,3.2,0,0
55,80,7,246,19,46.1,21.1,43.8,0,37
55,81,6,73,2.1,3,29.9,4.1,0,3.9
55,82,3,6,0,0.3,0.3,2.4,0,0
55,84,1,1,0,0,0,0.3,0,0
55,85,4,16,0,0,0.9,4.5,0,0
55,86,8,115.5,8,10.8,18.2,14.1,0,0
55,87,5,24,2.8,1.1,3.2,4.9,0,0
55,88,6,22,0,0,0,7.9,0,0
55,89,7,27,0,0,0.9,12,0,0
55,90,2,6,0,0,0.9,1.6,0,0
55,91,6,19,0,0,2.6,5.2,0,0
55,92,3,21.5,0,0.5,0,9.3,0,0
55,93,5,18,0,0.3,0,7.9,0,0
55,94,9,42,0.9,3.1,1.1,14.1,0,0
55,95,4,16,0.7,1.3,0.9,5.8,0,0
55,97,9,25,0,2.7,2.3,9.1,0,0
55,98,1,5,0,0.4,0.5,1.5,0,0
55,99,6,12,0,0.8,1.2,3.6,0,0
55,100,3,10,0,1,1.3,1.7,0,0
55,101,2,4,0,0.4,0.6,0.6,0,0
55,102,1,3,0,0.2,0.3,0.8,0,0
55,103,2,6,0,0.3,0.6,1.7,0,0
55,104,1,1,0,0,0.1,0.4,0,0
55,105,2,3,0,0.1,0.2,1.2,0,0
55,106,1,2,0.1,0.3,0.3,0.2,0,0.2
55,107,15,221,25,13.8,10.9,69,0,0
55,108,4,17,0,0.5,0.7,7.6,0,0
55,111,2,5,0,0.1,0.2,2.3,0,0
55,112,5,15,0,0.8,1.1,3.9,0,0
55,113,1,1,0,0,0.1,0.3,0,0
55,114,1,8,0,0.4,0.6,2.1,0,0
55,115,1,4,0,0.2,0.3,1,0,0
55,117,1,4,0,0.2,0.1,1.4,0.1,0
55,118,3,19,0,0.7,0.3,6.9,0.4,0
55,119,3,5,0,0.2,0,1.8,0.2,0
55,120,1,3,0,0.3,0.2,0.8,0,0
55,121,1,17,0,1.5,1.1,4.8,0,0
55,122,4,17,0,0.7,0,7.8,0,0
55,123,3,5,0,0.2,0,2.3,0,0
55,124,2,5,0,0.2,0.2,1.8,0,0
55,125,2,11,0,0.3,0.4,4,0,0
55,126,1,2,0,0.1,0.1,0.7,0,0
49,0,2,19,0.3,0.3,2,3.3,0,0
49,1,7,23,0.2,0.4,2.4,4.1,0,0
49,2,12,95.5,1.8,10.1,10.1,12.2,0,0
49,3,10,37,0,5.2,2.5,7.1,0,0
49,4,7,342.5,1,23.2,70,33,1.9,20.1
49,5,8,132,2.1,28,12.9,11,0,17
49,6,11,633,32,105.8,87.9,41.2,4,3
49,7,8,146,2,15.8,22.1,11,2,0
49,8,12,104.5,0,5.8,16.2,15.1,1.9,0
49,9,4,35,0,5,0.9,6.1,0,0
49,10,3,11,0,0.3,0,4.1,0,0
49,11,3,7,0,0.1,0,2.7,0,0
49,12,7,100,0.8,13.1,13,14.1,0,0
49,13,10,119,0,8.2,12.9,25.1,0,0
49,14,14,314,6.8,17.8,34.2,84,1.3,0
49,15,8,47.5,0,10.1,1.9,8,0,0
49,16,7,17.5,0,0.6,0.8,5.6,0,0
49,17,11,231,5.9,13.1,29.2,55.8,0,0
49,18,8,633,26,129.1,85.9,53,1,96
49,19,3,10,0,0,0.8,2.8,0.2,0
49,20,5,6,0,0,0.5,2.3,0.1,0
49,21,6,24,0,0.5,1.6,8.7,0.5,0
49,22,3,11,0.3,0.6,0.3,2.4,0,0
49,23,9,47,0,2.8,3,11.1,0,0
49,24,8,38.5,0,6,1.1,8,0,0
49,25,3,12,0.3,0.3,0.9,3,0,0
49,26,7,41,0,0,3,11.9,0,0
49,27,5,53.5,0,0.9,6.9,15.1,0,0
49,28,3,23,0,2.2,1.1,4.4,0,0
49,29,10,57,0,10.1,5.1,9.7,0,0
49,30,1,3,0,0.2,0,0.9,0,0
49,31,4,11,0,0.8,0,3.2,0,0
49,32,3,10,0,1,1.1,1.9,0,0
49,33,13,108.5,0.7,10.9,11.8,20.4,0,0
49,34,6,1105,207,69.9,93,107,1,212
49,35,3,3535.5,224.9,281,457.9,650,3.1,555
49,36,9,513.5,42,20,116,40,0,55
49,37,8,52.5,0,4,12,2,0,0
49,38,8,23.5,0,0,2.2,8.9,0,0
49,39,5,13,0,1.9,0,3.9,0,0
49,40,12,96.5,1.8,4.7,16.8,14.1,0,0
49,41,11,448.5,5.1,42.8,72.9,63.2,0,28
49,42,2,9,0,0.7,1.1,1.4,0,0
49,44,5,31,0.5,0.8,1.3,8,0,0
49,45,5,15,0.2,0.4,0.6,3.9,0,0
49,46,4,22,2.6,1.8,0.8,8,0,0
49,47,5,41.5,3,1,1,9,0,0
49,48,2,7,0,0.2,0.9,1.6,0,0
49,51,5,37,1,4.1,0,8,0,0
49,52,5,23,0,1.5,2.3,6.9,0,0
49,53,4,18,0,1.2,1.8,5.4,0,0
49,54,5,22,0,1.3,0.8,8.1,0,0
49,55,8,18,0,1,0.8,6.5,0,0
49,56,10,110.5,0.9,9.2,11,36.9,0,4
49,57,3,8,0,0,0.8,3.3,0,0
49,58,1,1,0,0,0.1,0.4,0,0
49,59,1,1,0,0,0.1,0.4,0,0
49,60,6,24.5,0,1.5,1,8.8,0,0
49,61,2,11,0,0.6,0.4,4,0,0
49,64,3,13,0,0.3,0.6,4.3,0,0
49,65,12,94,4.9,7,9.1,19,0,0
49,66,12,72,4.9,3.9,2.3,20.1,0,0
49,67,7,26,1.6,2.3,1.7,7.2,0,0
49,68,9,26,0,1.5,2.5,8.2,0,0
49,69,4,7,0,0.4,0.7,2.1,0,0
49,72,11,71.5,2.8,8,12.1,11.3,0,0
49,73,8,22,0,0,0.9,10.1,0,0
49,74,7,17,1,1.1,1.5,6.7,0,0
49,75,3,6,0.3,0.4,0.5,2.4,0,0
49,76,2,6,0.2,0.5,0.2,2.2,0,0
49,77,2,11,0.5,0.7,0.5,3.9,0,0
49,78,2,5,0,0.5,0.2,2.5,0,0
49,79,2,8,0,0.8,0.3,4,0,0
49,80,2,3,0,0.1,0,1.1,0,0
49,81,6,23,0,0.7,0.5,8.5,0,0
49,82,2,4,0.4,0.1,0.2,1.3,0,0
49,83,6,18,1.6,0.7,1,5.7,0,0
49,84,6,19,0,0.4,0.7,7.6,0,0
49,85,3,5,0,0,0.3,2,0,0
49,87,2,3,0,0,0.2,1.2,0,0
49,88,10,32,0,1.5,0.5,11.3,0,0
49,89,2,6,0,0.3,0.1,2.1,0,0
49,90,3,9,0.2,0.7,0.4,2.5,0,0
49,91,5,11,0.1,1,0.5,3.2,0,0
49,92,5,15.5,0,0,0.8,5.7,0,0
49,93,5,32,0,1.1,2,9.1,0,0
49,94,1,3,0,0,0.2,0.9,0,0
49,95,5,24,0,0,1.4,7.7,0,0
49,96,3,7,0,0,0.4,3.6,0,0
49,97,3,8,0,0,0.4,4.1,0,0
49,98,13,68,0.7,0.9,8.3,18,0,0
49,99,1,1,0,0,0.1,0.3,0,0
49,102,2,5,0,0,0.2,2.5,0,0
49,103,5,14,0,0,0.4,7.2,0,0
49,104,2,4,0,0.2,0.2,1.4,0,0
49,105,2,4,0,0.2,0.2,1.4,0,0
49,106,3,10,0,0,0.6,3.2,0,0
49,107,3,12,0,0,0.8,3.8,0,0
49,108,2,7,0,0,0.2,2.9,0,0
49,110,4,21,0,1.4,1,6.3,0,0
49,111,3,13,0,0.9,0.5,3.9,0,0
49,113,1,3,0,0.2,0.2,1.2,0,0
49,114,7,73,2,7,0,21.1,0,0
49,115,5,33,1.1,1.9,7,3.9,0,0
49,117,2,11,0.5,1.1,0.3,3,0,0
49,118,3,781,40.1,198.9,77,96,0,129
49,119,8,698.5,73.9,66.1,60,109.9,0,31
49,120,6,1486,175.1,307.9,63,196,3,262
49,121,3,2004,212,215,149,509,10,314
49,122,2,1242,10,322,74,287,10,241
49,123,6,101,0,2,5.1,48.9,0,26.1
49,124,8,1580,44,492.9,88.1,167,3,429.1
49,125,6,301.5,13.3,57.6,14.7,45.6,0,0
49,126,1,1,0,0,0.1,0.3,0,0
49,127,1,1,0,0,0.1,0.3,0,0
69,0,8,102,3.9,4,22.1,10.4,0,0
69,1,2,599,0,44,120,54,1,14
69,2,0,80,1,20,8,0,0,0
69,3,2,10,0.2,1.4,0.5,2,0,0
69,4,11,103.5,4.9,28,9,5,0,0
69,5,5,1731.5,19,127.9,349,177,4.1,21
69,6,4,24,0.5,2.5,2.7,3.4,0,0
69,7,12,1142.5,13.9,81.2,200.1,150.9,0,31
69,8,10,504.5,8.9,49,81.1,33,0,0
69,9,12,105.5,3.8,14.3,8.1,12.9,0,0
69,10,13,87,1,10,7.8,11.2,0,0
69,11,6,29,1.2,1.5,3,5,0,0
69,12,15,103.5,8.3,5.2,7,18.8,0,0
69,13,18,117,10.6,5.1,18.2,13.8,0,0
69,14,11,769,15.9,77,134.1,27.1,10,4
69,15,15,610.5,7.1,58,122.9,30,1.2,0
69,16,7,1472,41.1,243,151.9,98.9,5,0
69,17,3,3324,75,370,838,168,9,215
69,18,5,834.5,49.1,149,94,38.9,0,20
69,19,5,146,2.9,36.1,6,2.9,0,0
69,20,5,28,0,9.9,2.2,0,0,0
69,21,8,1584.5,27.9,277.1,310.2,28.9,0,161
69,22,4,575.5,1,157,40,0,19,28
69,23,4,110.5,2,21,14,3,0,0
69,24,6,578.5,4,101,84.1,33,2,0
69,25,8,750,40,105.9,103,30,3,0
69,26,4,612.5,6.1,62,122.9,41,0,0
69,27,14,624.5,5,108.9,81.1,33.9,0,0
69,28,4,29,0,6.2,1,4.3,0,0
69,29,9,405,22.2,41,65.9,22.9,0,0
69,30,3,76,1,11.1,14,6.9,0,21
69,31,4,1182.5,79.9,213,110.1,29,0,9
69,32,7,793,40.9,126.8,97.1,16,0,30
69,33,9,383,4.9,48,65.1,28,0,9
69,34,9,951.5,13.2,72.9,186.1,91.8,0,12
69,35,13,626.5,25,30.9,86,92.9,0,2
69,36,12,526.5,20.8,21.9,59.3,101,0,8
69,37,12,364.5,9.8,23,70.2,40.2,0,0
69,38,14,114.5,2.7,13.3,11,16.2,0,0
69,39,15,119,4,3,9.1,29.8,0,0
69,40,8,1099.5,39,101,186.1,97.9,0,53
69,41,17,220.5,3.9,19.8,34.1,29.2,0,0
69,42,11,240,4,22.9,22.2,41.9,0,0
69,43,13,577.5,11,132,38,29,1,43
69,44,10,434,25.8,38.2,73.1,22.9,0,0
69,45,6,85,0,20,1,7.9,0,0
69,46,14,109.5,3.7,22.9,2.2,13.2,0,0
69,47,10,569.5,2.8,52,112,39.2,0,0
69,48,8,42,0,1.3,2.8,7.9,0,0
69,49,7,91,0,3.9,17.1,13,0,0
69,50,7,26,1,1.9,0,9.1,0,0
69,51,5,57.5,1.1,3.9,4,11,0,0
69,52,1,2,0,0.1,0.1,0.5,0,0
69,53,14,108,0.9,14.9,4.9,19.2,0,0
69,54,10,79.5,2,8,7.1,15.9,0,0
69,55,13,745,10.1,38.7,144.1,107.1,0,29
69,56,11,69.5,0.9,4.6,2.4,19.2,0,0
69,57,14,129,2.9,3.2,10.8,24.2,0,1.9
69,58,15,355,10.9,9.3,59,75.7,0,7
69,59,10,282,5,5.9,50.1,48,0,7
69,60,11,47,0,4.7,2.9,11.2,0,0
69,61,9,145,1,5.1,8.8,44,0,0
69,62,11,133,1,12.2,7.9,31.6,0,0
69,63,10,364,10.2,18.1,62.9,59.9,0,0
69,64,12,205,1.7,12.8,43.4,17.2,0,0
69,65,14,109.5,2.3,6.2,7.8,34.9,0,0
69,66,9,80,0,7.1,6,21.9,0,0
69,68,3,8,0,0.5,0.7,2.4,0,0
69,69,8,24,0.8,2.1,0.9,9,0,0
69,70,16,157,0.8,5.2,17,40.8,1,0
69,71,5,24,0,0,2.9,5.7,0,0
69,72,6,31,0,0,5,9,0,0
69,73,2,9,0,0.7,1,1.7,0,0
69,75,6,25,0,0.9,2.9,6.6,0,0
69,76,3,5,0,0,0.1,1.9,0,0
69,77,8,59,0,0,8.1,14.9,0,0
69,78,9,51,0,2.2,5.1,13.1,0,0
69,79,9,66,0,2.9,9.2,14.1,0,0
69,80,9,29,1,0.5,1.4,10.3,0,0
69,81,3,9.5,0.3,0.2,0.4,3.4,0,0
69,82,8,32,0,0.8,1.7,6.4,0,0
69,83,2,7,0,0.2,0.3,1.4,0,0
69,84,2,4,0,0.4,0.2,1.4,0,0
69,85,1,1,0,0.1,0.1,0.3,0,0
69,86,3,14.5,0,0.2,1.4,5.5,0,0
69,87,2,4,0,0,0.4,1.6,0,0
69,88,4,16.5,0.3,1.3,1.7,4.3,0,0
69,89,5,23,0.6,1.7,2.3,6,0,0
69,90,4,17.5,0.5,0.7,2.8,2.8,0,0
69,91,2,6,0.2,0.2,1,1,0,0
69,92,4,13,0,1.1,1.5,1.3,0,0
69,93,8,663,41,111.1,111.2,8.7,0,137
69,94,8,556,61,109.2,92,25.9,0,35.9
69,95,15,130,3,22,21.2,6.7,0,0
69,96,5,102,1,2,10,35,0,0
69,97,5,17,0,0.8,1,8.1,0,0
69,99,3,18,0,0.8,1,6.8,0,0
69,100,3,9,0,0.6,1.4,2.1,0,0
69,101,9,118.5,2,5.3,13.8,35.9,0,0
69,102,3,19,0.3,0,0.6,6.6,0,0
69,103,5,36.5,0.6,0,1.2,12.5,0,0
69,104,1,2,0,0.2,0,0.8,0,0
69,105,6,99,2,5.6,0,47.4,0,0
69,107,1,1,0,0,0,0.4,0,0
69,108,4,15,0,0,1.5,6,0,0
69,109,1,1,0,0,0.1,0.4,0,0
69,110,5,96,2,3,3,37.9,0,0
69,111,4,27,1,1.1,1.9,7,0,0
69,112,1,4,0.2,0.3,0.4,1.7,0,0
69,115,4,44,0,1.5,2.2,17.5,0,0
69,118,1,7,0.1,0.1,0.2,2.7,0,0
69,119,7,98,0.8,1.8,1.9,40.4,1,0
69,121,3,12,0.4,0.5,0.5,3.2,0,0
69,122,2,3,0.1,0.1,0.2,1.2,0,0
69,124,4,49.5,0,1.1,12,6.9,0,0
69,125,4,36,0,2.5,5.1,6.1,0,0
69,126,4,28,0,1.4,0.6,12.4,0,0
69,127,3,7,0,0.3,0.1,3.1,0,0
57,0,4,23,0.4,2.9,0.4,5.9,0,0
57,1,8,163,2.8,9,13.2,43.1,0,8
57,2,5,298,8,17,63,39,0,29
57,3,6,32,0,0.8,1.1,11,0,0
57,4,6,36.5,1,0,5.9,7.1,0,0
57,5,7,33,0.4,1.4,1.6,7.6,0,0
57,6,12,58.5,0,2.9,3.1,14,1,0
57,7,12,142,2.9,10,27.2,8,0,0
57,8,9,799.5,21.9,88.1,151.3,122.9,2,34
57,9,15,629.5,7.9,92.9,114,18.2,1,7
57,10,10,46,2.9,4.9,2,10.2,0,0
57,11,9,39,0,1.4,2.5,11.1,0,0
57,12,3,13,0,1,1.6,1.3,0,0
57,14,5,17,0,2.4,0,4.4,0,0
57,16,9,33,0,3,0,13.1,0,0
57,17,5,9,0.4,0.5,0.5,1.8,0,0
57,18,8,46,0.9,3.9,0,12,0,0
57,19,7,27,0,6.9,0,5.1,0,0
57,20,9,50,1.1,5.9,5,8,0,0
57,21,5,725,10,26,124.9,180.1,2,31
57,22,11,115.5,0.9,17.2,17,12.1,0,0
57,23,14,125,1,7.8,17.9,23.2,0,4
57,24,7,31,0,0,5,8.7,0,1.8
57,25,6,51,0,1.1,5.9,7,0,0
57,26,11,43.5,0.4,1.7,2.3,13.1,0,0
57,27,3,13,0.2,0.5,0.7,3.9,0,0
57,28,10,55.5,1.5,2.8,3.6,14.3,0,0
57,29,5,22,0.8,1.1,1.3,5.6,0,0
57,30,5,38.5,0,3.1,0.9,11.9,0,0
57,31,14,93,0,8.1,15.8,18.2,0,0
57,32,9,64,2.1,5.9,16,8,0,0
57,33,8,68,0,6.9,4.4,14.9,0,0
57,34,11,54,1.1,7.3,10,6.7,0,0
57,35,3,13,0,0.6,0.4,3.9,0,0
57,36,7,32,0,2.1,4.3,6.3,0,0
57,37,16,95.5,1.4,12.1,7.9,11.6,0,0
57,38,7,29,0.6,2.9,2.9,6,0,0
57,39,11,76.5,2.2,7.9,9,13.9,0,0
57,40,10,290.5,6.9,30.9,41,36,0,0
57,41,3,78,1,1.9,7,23,0,0
57,42,9,63,1.1,2.9,7.9,11,0,0
57,43,9,81,0,5.2,11,13,0,0
57,44,5,25.5,2,3,2,4,0,0
57,46,3,3,0,0.3,0.6,0.6,0,0
57,47,3,25,0.5,2.5,3.5,5.6,0.6,0
57,49,2,9,0.2,0,0.8,2.6,0,0
57,50,3,31,0,2.5,1.9,6.8,0,0
57,53,1,2,0,0.1,0.1,0.7,0,0
57,55,2,19.5,0,1.4,0.8,6.4,0,0
57,56,3,7,0.4,0.5,0.9,1.5,0,0
57,58,1,2,0,0,0.4,0.2,0,0
57,59,6,28,0,2.9,1.2,8,0,0
57,61,1,4,0,0,0.2,1.1,0,0
57,62,3,6,0.1,0.6,0.5,1.5,0.1,0
57,63,6,19,0.4,1.9,1.5,4.6,0.4,0
57,65,2,10,0.2,0.5,0.6,3.4,0,0
57,66,7,22,0.2,1.2,1.3,7.5,0,0
57,67,7,17,0,1.1,1.1,5.7,0,0
57,68,4,10,0,0.4,0.9,3,0,0
57,69,2,3,0,0.1,0.3,0.9,0,0
57,70,3,140,1.8,14.9,24.7,19.6,0,2.7
57,71,13,242,4,18.7,45.8,36.2,0,6
57,72,10,56,0,2.2,3.1,16.8,0,0
57,73,6,19,0,0.5,1.4,6.9,0,0
57,74,4,30,0,1.5,1.8,8.7,0,0
57,75,4,14,0,0.7,0.8,4.1,0,0
57,76,3,4,0,0,0,1.6,0,0
57,77,3,18,0,0,0.4,7.1,0,0
57,78,5,30,0,1,4,8,0,0
57,80,4,15,0,1.9,1.5,3.2,0,0
57,81,7,33,0,4.2,3.3,7,0,0
57,82,2,17,0,0,1.2,5.1,0,0
57,83,6,24,1.1,0,3.1,9.9,0,0
57,84,2,5,0,0.1,0.3,1.6,0,0
57,85,4,19,0,0.4,0.9,6.5,0,0
57,86,1,1,0,0.1,0.1,0.3,0,0
57,87,1,2,0,0.3,0.1,0.5,0,0
57,88,5,25,0,0,0,12,0,0
57,89,9,89.5,0,2.3,9.9,26.9,0,2
57,90,9,43,0,1,2.1,14.1,0,0
57,91,6,16,0.4,0,0.7,6.3,0,0
57,92,7,18,0.6,0,1.1,6.6,0,0
57,93,1,2,0.1,0,0.1,0.7,0,0
57,94,4,12,0,0,1.7,6,0,0.2
57,95,5,13,0,0,1.9,6.5,0,0.2
57,96,1,6,0.1,0.1,0.2,1.9,0,0
57,98,1,2,0,0,0.1,1,0,0
57,99,2,2,0,0,0.2,1,0,0
57,101,2,6,0,0.4,0,3.7,0,0
57,102,2,8,0,0.1,0.3,2.5,0,0
57,104,3,15,0,0.6,1.4,4.2,0,0
57,105,3,13,0,0.4,1.2,3.7,0,0
57,106,1,4,0,0.1,0.6,1.2,0,0
57,107,1,3,0,0.1,0.4,0.9,0,0
57,108,2,12,0.2,0.3,0.7,3.6,0,0
57,109,1,2,0,0.1,0.1,0.6,0,0
57,110,1,3,0.1,0.1,0.2,1.3,0,0.1
57,113,4,13,0.6,0,0,6.2,0,0
57,115,6,18,0,0.8,0,5.3,0,0
57,116,11,63,0,5.2,9.9,9,0,0
57,117,6,13,0,0.4,2.2,3.1,0,0
57,118,1,1,0,0.2,0.2,0.1,0,0
57,119,2,4,0,0.6,0.6,0.6,0,0
57,121,2,7,0,0,1.1,1.5,0,0
57,122,3,27.5,0,0,4.2,7.6,0,0
57,123,2,3,0,0,0.4,0.9,0,0
57,124,2,7,0,0.9,0.1,1.7,0,0
57,125,7,47.5,0,5.8,0.7,11.9,0,0
57,126,6,59.5,1,7.1,11,6.9,0,0
57,127,9,50.5,0,3,5.8,11.2,0,0
48,0,4,16,0.2,0.3,1.6,2.8,0,0
48,1,10,39.5,0.5,0.9,5.1,9.3,0,0
48,2,6,56,0.9,0,6.1,14.9,0,0
48,3,7,43,0.9,1,1.1,9.9,0,0
48,4,9,38,0,3.1,0.7,7.2,0,0
48,5,11,383,105.1,45.6,4.3,10.9,0,117
48,6,4,2042.5,124,177,364,393,6,135
48,7,11,83.5,2.9,5.1,13.2,8.9,0,0
48,8,14,184,0,33.8,26.3,12.9,0,0
48,9,9,29,0,2.9,1.7,8.2,0,0
48,10,8,27,0,2.9,0,10.1,0,0
48,11,5,24,0,0.4,0,9.2,0,0
48,12,12,101,1,11.1,6.8,23.1,0,0
48,13,9,67,0,2.1,7,17,0,0
48,14,12,254.5,1,29.2,42.9,29,1,21
48,15,7,33,0,3.9,0.9,7.1,0,0
48,16,6,31,0,1.2,0,9.9,0,0
48,17,7,23,0,0.6,1.2,7.4,0,0
48,18,7,25,0,0,2.2,7,0.3,0
48,19,7,26,0,0,2.1,7.3,0.5,0
48,20,4,17,0,0.3,1.1,6.1,0.4,0
48,21,12,30.5,0,1,1.5,12.7,0,0
48,22,9,51,0,0.9,4.1,13,0,0
48,23,4,25,0.7,1.3,0.8,5.5,0,0
48,24,6,21.5,0.5,0.5,1.5,5.6,0,0
48,25,2,12,0.2,0.3,0.8,3.2,0,0
48,26,6,32,0.7,0,0,9.5,0,0
48,27,3,9,0.2,0,0,2.7,0,0
48,28,5,19,0,1.9,0.8,3.5,0,0
48,29,5,48,0,3,6,7,0,0
48,30,7,41.5,0,0,6,8.9,0,0
48,31,6,25,0,1.8,0,7.2,0,0
48,33,6,289,8,35.8,36.1,33.1,0,15
48,34,6,580,12,42,106,26,0,10
48,35,7,3247.5,140.8,133.1,458.9,879.1,2,399
48,36,6,1009.5,75.9,59.9,86.2,221.1,1,232
48,37,7,82.5,0.9,4.1,10,21,0,4.1
48,38,1,3,0,0.4,0,0.9,0,0
48,39,4,11,0,1.5,0,3.3,0,0
48,40,1,7,0.1,0.4,1.2,1,0,0
48,41,7,184,0,5,23,44.8,0,0
48,42,5,49,0,3.6,5.8,7.9,0,0
48,43,3,10,0,0.8,1.2,1.6,0,0
48,44,10,135,0,3.1,20.9,30,0,0
48,45,1,4,0.1,0.1,0.2,1,0,0
48,48,2,4,0,0.2,0.4,1,0,0
48,49,3,9,0,0.3,1.1,2,0,0
48,50,6,22,0,0.9,2.6,5,0,0
48,51,2,10,0,0.4,1.1,2.4,0,0
48,52,3,61,2,2,5,18,0,0
48,53,1,2,0,0.1,0.2,0.6,0,0
48,54,3,9,0,0.5,0.4,3.3,0,0
48,55,2,2,0,0.2,0,0.8,0,0
48,56,3,13,0,0,1.2,5.6,0,0
48,57,2,2,0,0,0.2,0.8,0,0
48,58,3,4,0,0,0.4,1.6,0,0
48,59,6,23,0,0,1.8,9.4,0,0
48,60,6,20,0,1.2,0.7,7.3,0,0
48,61,11,97.5,3.9,4.2,14.9,27,0,0
48,62,5,17,0.2,0,0.6,6.2,0,0
48,64,3,6,0,0.1,0.3,2,0,0
48,65,7,25,0,0.4,1.2,8.6,0,0
48,66,6,34,0,2.8,3.2,9,0,0
48,67,5,21,1.3,1.7,1.5,5.9,0,0
48,68,9,52,0,1.1,4.1,16.9,0,0
48,69,1,1,0,0.1,0.1,0.3,0,0
48,70,2,3.5,0,0.1,0.2,1.6,0,0
48,71,3,13,0,0.3,0.7,6.1,0,0
48,72,7,42,5.8,4,4.2,2.9,0,0
48,73,9,23,0,2.9,4,4.9,0,0
48,74,1,2,0.1,0.1,0.2,0.8,0,0
48,75,1,1,0,0.1,0.1,0.4,0,0
48,76,1,4,0.2,0.2,0.2,1.4,0,0
48,77,7,22,0.9,1.5,0.9,7.9,0,0
48,78,4,9,0,0.9,0.3,4.5,0,0
48,79,9,56,0,5.1,6,16.9,0,1.9
48,80,6,23,0,0.9,0.4,8.4,0,0
48,81,4,10,0,0.4,0.2,3.6,0,0
48,82,8,34,1,2.1,5.9,7,0,3.9
48,83,10,116,2,5.1,16.1,24.8,0,3.3
48,84,2,10,0,0.2,0.4,4,0,0
48,85,1,4,0,0.1,0.1,1.6,0,0
48,86,2,5,0,0.1,0.2,2,0,0
48,87,2,4,0,0,0.2,1.6,0,0
48,88,3,8,0,0.3,0.2,2.7,0,0
48,89,1,2,0,0.1,0,0.7,0,0
48,90,3,6,0,0.6,0.3,1.8,0,0
48,91,3,13,0.3,1,0.6,3.6,0,0
48,92,2,5,0,0,0.2,1.9,0,0
48,93,5,15,0,0,0.8,5.4,0,0
48,94,3,7,0,0,0.5,2.2,0,0
48,96,4,8,0,0,0.4,4.2,0,0
48,97,5,43,0,3,3.2,12.9,0,0
48,98,6,14,0,0.4,1.1,4.5,0,0
48,99,3,13,0,0.5,1,4.1,0,0
48,102,4,6,0,0,0.1,3,0,0
48,103,3,6,0,0,0.3,3,0,0
48,104,1,1,0,0,0.1,0.3,0,0
48,105,3,5,0,0.2,0.3,1.7,0,0
48,106,2,11,0,0,0.7,3.5,0,0
48,107,4,14,0,0,0.9,4.4,0,0
48,108,2,5,0,0,0.2,2,0,0
48,109,8,15,0,0,0.4,6,0,0
48,110,4,9,0,0.5,0.4,2.7,0,0
48,111,1,3,0,0.2,0.1,0.9,0,0
48,113,6,10,0,0.9,0.4,3.9,0,0
48,114,12,145.5,3.1,15.1,21.9,23,0,16.9
48,115,10,143,0,14.2,23.9,14,0,0
48,116,1,2,0.1,0.2,0.1,0.5,0,0
48,117,5,27,1.3,2.7,0.8,7.3,0,0
48,118,16,427,22.7,73.2,40.2,55,0,9
48,119,6,344.5,24.8,36.1,26.1,63,2,0
48,120,4,1125.5,106,35.1,11,430,2,128.9
48,121,4,120,15,0,1,44.9,0,13.1
48,122,4,64,0,1.9,2.1,21,0,0
48,123,6,796.5,4.1,28,33,315.1,4,78.8
48,124,8,968,81.1,54.1,54,243.9,3,34
48,125,3,11,0.8,2.3,0.5,2.2,0,0
48,126,2,6,0,0.2,0.2,1.9,0,0
48,127,2,7,0,0.2,0.2,2.2,0,0
65,0,3,32,0,1.7,5,6,0,0
65,1,3,58,1,1.9,11,4,0,0
65,2,10,814.5,16,83,151.9,23,0,3
65,3,2,3307,91,167,794,452,3,196
65,4,7,205.5,4.9,54,17.1,12,1,3
65,5,2,40.5,1,3,1,8,0,0
65,6,11,464,11,55.2,59,46.9,0,0
65,8,12,129,0,10.2,8.8,31.9,0,0
65,9,7,27.5,1.8,2.6,1.8,3.7,0,0
65,10,14,163.5,9.1,17.7,13,32,0,0
65,11,12,256.5,5.9,21,28.1,45.1,0,0
65,12,9,573.5,12,37.8,111,65.2,1,15
65,13,4,73,2,4,1,22,0,0
65,14,8,48.5,2.9,2.9,2.1,12,0,0
65,15,8,167,1.1,13.1,36.1,18.8,0,0
65,16,5,1836.5,43.9,135.1,386.1,181,2,85
65,17,10,484,15.9,48.1,122,13,0.9,8
65,18,14,164,10.9,16.2,29.1,5.7,0,0
65,19,11,728.5,15,21.2,231.9,43.9,8,61
65,20,9,530,19,41,124.1,14.9,1,0
65,21,5,46.5,3.2,5.9,5.9,2.9,0,0
65,22,7,61,3.7,9,7.2,1.3,0,0
65,23,9,150,4.2,12.8,22.1,20.9,0,0
65,24,10,824.5,36.1,61.1,133.8,37.8,1.1,0
65,25,12,833,16.2,140,161.9,49.9,1,40
65,26,8,395.5,3,36,122,15,0,112
65,27,11,613,9.2,49,135.1,56.8,0,14
65,28,12,886.5,13,145.2,97,74.8,1,0
65,29,7,37,0.9,7,7.2,3.9,0,0
65,30,10,60.5,1.9,2.9,2,13,3.1,0
65,31,6,490.5,16.9,44.9,81.2,27.1,0,0
65,32,12,782.5,24.1,59,128.1,135,1,0
65,33,8,74,0.9,11.1,7,10.1,0,0
65,34,6,35.5,0.9,2.3,2.5,8.5,0,0
65,35,2,117,7,13,13,9,1,6
65,36,8,172,2,32,17.1,12,2.9,0
65,37,15,234.5,3,59.1,22.1,1.6,0,0
65,38,4,39.5,0.8,6.5,4.3,2.2,0,0
65,39,2,15,0.3,2.5,1.6,0.8,0,0
65,40,6,185.5,2,12.1,23.9,30.1,0,0
65,41,15,458,7,38.2,66,74.8,0.9,11
65,42,7,61,1,8,10.9,2,0,0
65,43,7,172,1,10.1,23.9,20.9,0,0
65,44,15,344,3,21.9,71,41.1,0,21
65,45,13,171,7.9,11.1,14.1,28.9,0,0
65,46,12,206,0.9,18,26.2,27.8,0,0
65,47,9,72.5,0,6.1,8.1,20.9,0,0
65,48,8,153.5,2,7.9,20.9,28.2,0,0
65,49,9,96,2.8,10.1,6.9,20.1,0,0
65,50,14,357,7.9,18.8,39.2,82,0,0
65,51,14,95,0.7,4.9,17.1,15.1,0,0
65,52,14,212,1,12,38.8,24.3,0,11
65,53,12,146,1,10.1,23.8,22,0,0
65,54,12,145.5,0,12,26,33,0,5
65,55,5,66,0,1,10.9,15.1,0,0
65,57,1,3,0.1,0.2,0.6,0.4,0,0
65,58,9,54,0,3.1,8.3,7.8,0,0
65,59,16,295,11,30.8,43.9,31.2,0,0
65,60,13,96.5,1,7,7.2,23.1,0,0
65,61,10,44,1.9,1.1,7,6.9,0,0
65,62,9,227.5,4.2,27.8,37.1,28.9,0,19
65,63,14,124,2.3,10,27,15.8,0,0
65,64,5,18,0.2,1.6,3.1,2.5,0,0
65,65,1,6,0.1,0.5,1.1,0.8,0,0
65,66,1,3,0,0.1,0.6,0.4,0,0
65,67,3,13,0,0.2,2.8,1.9,0,0
65,68,1,6,0,0.4,0.8,1.5,0,0
65,69,2,3,0,0.2,0.4,0.7,0,0
65,71,2,8,0,0.6,0.8,2.6,0,0
65,72,2,10,0,0.4,0,3.6,0,0
65,73,1,5,0,0.2,0,1.8,0,0
65,74,1,5,0,0.4,0.3,1.1,0,0
65,75,4,11,0,1,0.7,2.3,0,0
65,77,3,11,0,0.3,1.3,2.8,0,0
65,78,6,36,0.7,1.6,2.2,12,0,0
65,79,7,309,7,66.9,56.1,4.1,0,18.9
65,80,7,178.5,4.1,28,16.1,57,0,21
65,81,8,40,0.7,1.8,1.2,14.1,0,0
65,82,2,12,0,0,1.6,2.7,0,0
65,83,2,11,0,0,1.5,2.4,0,0
65,84,10,52.5,0.5,0.6,6.1,12.3,0,0
65,85,2,5,0,0,0.6,1.2,0,0
65,86,6,28,0,0.7,0.9,10.1,0,0
65,87,2,8,0,0.2,0.2,3,0,0
65,88,3,7,0.4,0.2,0.7,1.7,0,0
65,89,11,198,6.6,4.7,17.4,62.4,0,0
65,90,3,15,0,0.3,0.9,4.1,0,0
65,91,5,31,0,0.7,1.8,8.5,0,0
65,92,5,13.5,0,0,2,4.2,0,0
65,93,5,34,0,0.9,2.1,14,0,0
65,95,1,2,0,0.1,0.2,0.6,0,0
65,96,1,2,0,0.1,0.2,0.4,0,0
65,97,4,33,0,1.4,3.3,6.1,0,0
65,98,8,33.5,0,4,2.1,8,0,0
65,100,7,66,1.6,0.8,7.6,19.5,0,0
65,101,2,4,0.1,0,0.4,1.2,0,0
65,102,1,2,0,0.4,0.1,0.8,0,0
65,103,7,34,3,6.1,6.9,4,0,0
65,105,1,1,0,0,0.1,0.4,0,0
65,106,1,3,0.1,0.1,0.2,1.3,0,0
65,107,5,17,0,0,0,11.9,0,0
65,108,5,39,0.8,0,0.9,18.9,0,0
65,111,1,2,0,0,0.1,1.1,0,0
65,112,6,37.5,0,1.5,3.8,14,0,0
65,113,1,6,0,0.2,0.6,2.3,0,0
65,114,3,18,0,0,1.8,7.2,0,0
65,115,5,41.5,1,1.2,4.8,12,0,0
65,118,11,292.5,4.1,18.8,17.9,93,0,11
65,119,4,36,0.9,2.6,5.2,1.9,0,0
65,121,6,67,0,3.1,2.7,26.9,1.6,0
65,122,6,38,1,3,7.1,5.9,0,0
65,123,3,7,0,0.4,1.2,1.4,0,0
65,124,1,2,0.1,0,0,0.9,0,0.1
65,125,5,20,1,0,0,8.6,0,0.8
65,126,3,7,0,0,1.4,1.1,0,0
65,127,7,77,0,13.9,13.1,3.2,0,0
27,0,2,4,0,0.2,0.2,1.2,0,0
27,1,9,120,2.1,11,20.9,8.9,0,0
27,2,7,76,0,6.8,9.5,6.5,0,0
27,3,9,232.5,4,9,54.1,12,0,6
27,5,2,5,0.2,0.3,0.6,0.9,0,0
27,7,5,66,1.9,7.1,12.2,6.9,0,0
27,8,2,9,0.2,0.8,1.1,0.9,0,0
27,9,3,5,0,0.5,0.6,0.5,0,0
27,10,3,7,0,0.6,0.7,1.4,0,0
27,14,3,90,0.8,22.2,11.4,3.2,0,0
27,15,4,286,3,9.9,63.1,39,0,5
27,17,1,4,0.1,0.4,0.5,0.4,0,0
27,18,10,128,5,21,23.1,6.1,0,0
27,19,9,71,0.8,8,6.1,15.9,0,0
27,20,5,13,0.6,0.7,0.9,4.3,0,0
27,21,1,1,0,0.1,0.1,0.3,0,0
27,22,7,16,0.5,1.6,1.8,2.5,0,0
27,23,7,95,2.6,5.5,14.9,11.4,1,0
27,24,3,10,0.1,0.7,1.7,1.6,0,0
27,25,18,236,4.8,8.1,43.1,29,0,0
27,26,2,99,1,0,30,12,0,2
27,29,8,28,0,2.8,0,10.1,0,0
27,30,5,20,0.5,1.1,0.5,5.9,0,0
27,31,5,25.5,0.6,1.3,0.7,7.5,0,0
27,32,7,23,0,3.1,0,8,0,0
27,33,10,52,0,3.7,5.1,12.9,0,0
27,34,6,13,0.2,1.3,0.3,3.4,0,0
27,35,7,23,0.3,2.3,0.9,5.9,0,0
27,36,2,3,0,0,0.3,1.2,0,0
27,37,8,50,0,0,1,14,0,0
27,38,5,21,0.5,1.1,0.8,4.2,0,0
27,39,5,24,0.6,1.6,0.8,4.8,0,0
27,40,4,11,0,0,1.4,2.6,0,0
27,42,4,18,0,0.4,1.7,4.3,0,0
27,44,4,18,0,1.1,0,6.5,0,0
27,45,3,6,0,0.4,0,2.1,0,0
27,46,2,9,0.2,0.7,0.2,2.6,0,0
27,47,9,30,0.6,2.4,0.7,8.5,0,0
27,48,3,9,0,1.3,0.5,1.4,0,0
27,49,10,41,0,5.7,2.5,6.6,0,0
27,50,3,8,0,1,0.6,1.9,0,0
27,51,7,32,0,3.8,2.6,8,0,0
27,52,1,3,0,0.1,0.1,0.8,0,0.1
27,53,10,59,0,2.7,1.2,16.2,0,2
27,54,17,101.5,0,15.9,7.9,15.2,0,0
27,55,5,41,0,10,4,3,0,0
27,56,7,47,0,3,9.1,5.9,0,0
27,57,8,25,0,5,1,5,0,0
27,58,3,8,0,0.5,0,2.7,0,0
27,59,7,19,0,1.3,0,6.3,0,0
27,60,4,19,0,0.5,2.8,5.6,0,0
27,61,6,15,0,0.3,2.3,4.5,0,0
27,62,4,12,0.4,0.5,0.7,3.6,0,0
27,63,4,25,0.7,1.2,1.4,7.5,0,0
27,64,5,9,0,0.9,1.3,2.7,0,0
27,65,8,90,1.5,4.3,19.9,15.4,1,9
27,66,12,265.5,1.8,30.1,36.1,25.9,0,0
27,67,17,335,2.9,23.2,43.2,55,0,0
27,68,5,21,0.6,1.1,2.1,4.5,0,0
27,69,9,92.5,1.1,2,13.9,12,0,0
27,70,14,143.5,0,10.1,12.9,28.9,0,0
27,71,12,124,0,3.9,5.2,54.9,0,0
27,72,4,6,0.2,0.6,0.4,2.6,0,0
27,73,3,13,0.7,1.4,0.7,5.5,0,0
27,74,3,6,0.1,0,0.2,2.1,0,0
27,75,6,23,0.5,0,0.9,7.8,0,0
27,77,1,1,0,0,0,0.4,0,0
27,78,2,2,0,0,0.2,1,0,0
27,79,4,8,0,0,0.4,4.1,0,0
27,81,2,3,0,0.1,0.1,1.1,0,0
27,82,5,12,0,0.5,0.7,5,0,0
27,83,7,30,0,4.1,0,12,0,0
27,84,1,5,0,0,0.6,2,0,0
27,85,1,4,0,0,0.5,1.6,0,0
27,86,2,5,0,0,0.6,2,0,0
27,87,6,11,0,0,1.2,4.4,0,0
27,88,5,13,0,0.2,0.7,5.8,0,0
27,90,3,10,0,0.2,0.6,4.4,0,0
27,91,2,3,0,0,0.2,1.3,0,0
27,92,2,6,0,0.3,0.1,2,0,0
27,94,1,1,0,0.1,0,0.3,0,0
27,96,9,29,0.9,0.9,1.8,8.9,0,0
27,97,14,164,6.8,13.9,27,12.3,0,0
27,98,9,778,126.1,137.9,36.2,73.9,0,8
27,99,15,316,13.1,43.9,32.9,51.1,0,0
27,100,1,10,0,2,1.5,0.7,0,0
27,101,11,292.5,0,52.9,51.1,5,0,0
27,102,12,82,0.8,11.1,13,6.2,0,0
27,103,5,27,0,2.5,1.7,6,0,0
27,104,11,71,2.1,0,11,12.1,0,0
27,105,6,34,0,3.9,4.6,3.4,0,0
27,106,4,13,0,0.4,2,2.6,0,0
27,109,3,36,0,1,7.1,5,0,0
27,110,13,93,0,6.1,12.2,21.8,0,4.1
27,111,3,15,0.5,3,0.2,3.5,0,0
27,112,3,13,0,1,0.7,3.6,0,0
27,114,5,94,0,44,2,0,0,0
27,115,6,625.5,71,179,35,10,0,16
27,116,9,618,80.9,129.1,46.9,34,0,20
27,117,5,32,2.1,2.9,2.1,6,0,0
27,118,9,109.5,3,17,18.9,10,0,0
27,119,6,42,0,10,7,4,0,4.9
27,120,1,8,0.2,0.9,0.2,2.1,0,0
27,121,3,6.5,0.1,0.7,0.2,1.8,0,0
27,122,1,3,0.1,0.3,0.1,0.8,0,0
27,124,6,22,0,2.2,0,9.1,0,0
27,125,3,6,0,0.6,0,2.4,0,0
27,126,2,4,0.1,0.1,0.2,1.3,0,0
27,127,3,10,0.2,0.3,0.5,3.3,0,0
28,0,8,37,0.7,4.6,2.1,5.2,0,0
28,2,3,7.5,0.7,0.8,0.7,1.2,0,0
28,3,9,649.5,13,49,128.1,51,1,0
28,4,3,13,0.2,0.5,2,1.7,0,0
28,5,3,14,0.1,0.6,2.1,1.8,0,0
28,6,2,9,0.1,0.6,1.6,0.6,0.1,0
28,7,1,1,0,0.1,0.2,0,0,0
28,8,3,8,0.4,1.3,0.5,0.7,0,0
28,9,5,18,1,2.9,1.1,1.5,0,0
28,10,1,3,0.1,0.2,0.4,0.4,0,0
28,11,1,1,0,0.1,0.2,0.1,0,0
28,13,2,7,0.3,0.8,1.1,0.3,0,0
28,14,3,14,2.3,0.4,0.8,3.9,0,0
28,15,1,1,0.2,0,0,0.3,0,0
28,16,3,8,0,0.1,0.2,2.9,0,0
28,17,4,9,0,0.1,0.4,3.1,0,0
28,19,1,17,1.1,3.2,0,4.2,0,0
28,21,9,98,4.4,9.6,7.5,27.2,0.8,0
28,22,4,94.5,0,1,30.9,3.1,0,0
28,23,5,131,4,14.1,17.1,21.8,0,0
28,24,4,13,0,0,0,6.2,0,0
28,28,8,391.5,16.1,34,45,117.9,0,0
28,29,13,68,3,3.9,0,23.2,0,0
28,30,4,14,0.2,0.5,0.9,4.5,0,0
28,31,4,15,0.1,0.6,0.9,5,0,0
28,32,12,79,1.8,10.2,4.2,16.8,0,0
28,33,12,27,0.7,1.5,5,8.1,0,0
28,34,4,20,0,0.6,0,7.4,0,0
28,35,2,4,0,0.1,0,1.5,0,0
28,36,10,27,0,3,0,7.8,0,0
28,37,4,25,0,2.9,0,7.1,0,0
28,38,10,59,2.2,5.9,2.2,12.9,0,0
28,39,9,39.5,0.6,3.8,3.9,4.1,0,0
28,40,1,4,0.1,0.1,0.1,1.2,0,0
28,41,2,4,0,0,0.2,1.2,0,0
28,42,3,10,0.1,0.2,0.3,3.1,0,0
28,44,3,4,0,0.4,0.3,0.8,0,0
28,45,4,26.5,0,3,1.6,5.3,0,0
28,46,3,23,0,2.5,0.4,5.4,0,0
28,47,4,26,0,2.7,0.5,6.3,0,0
28,48,7,38,0.9,5.9,2,9.1,0,0
28,49,3,8,0,1.2,0.4,1.9,0,0
28,50,3,7,0,0.2,0.9,1.9,0,0
28,51,6,22,0,0.5,2.8,6,0,0
28,52,2,6,0,0.6,0.6,1.4,0,0
28,53,5,40,1,0,5.1,5.9,0,0
28,54,5,27,0,0,2.1,6.5,0,0
28,55,5,21,0,0,1.7,5.1,0,0
28,56,9,38,0,3.8,1.1,8.1,0,0
28,57,5,21,0.8,0.4,1.6,4.3,0,0
28,58,6,17.5,0.4,2.8,0.6,3,0,0
28,59,10,40,0,7,3,7,0,0
28,60,3,8,0,0.6,1.3,1.1,0,0
28,61,1,2,0,0.2,0.3,0.3,0,0
28,62,6,13,0,0.8,0,4.4,0,0
28,63,2,9,0,0.5,0.2,3.1,0,0
28,64,12,50,0,0.7,1.5,20,0,0
28,65,14,73,2.9,5,3.1,21.1,0,0
28,66,11,125,2.9,4.1,32.9,11,0,6
28,67,5,19,0.6,2.1,0,5.5,0,0
28,68,6,26.5,1.5,1.7,2.4,4.1,0,0
28,69,16,94.5,1.8,3.1,15.5,14.8,0,0
28,70,7,28,0,1,1.1,9.1,0,0
28,71,6,33.5,0,1.2,6.1,5.8,0,0
28,72,7,39,0,4,3.1,9.9,0,0
28,73,9,35,0,0,2.7,10.2,0,0
28,74,1,2,0,0.1,0.1,0.6,0,0
28,75,8,40.5,0,1.1,3,9,0,0
28,76,3,16,0,0.5,2.1,5.1,0,0
28,77,3,6,0,0.3,0.8,1.9,0,0
28,78,3,4,0,0,0.1,1.9,0,0
28,79,8,52,0.8,0.8,2.2,17.1,0,0
28,80,5,11,0,0,0.3,4.5,0.5,0
28,81,1,1,0,0,0,0.4,0.1,0
28,82,1,7,0,0,0,2.6,0,0
28,83,9,38,0,2,2.9,11,0,0
28,84,4,7,0,0.3,0.3,3.2,0,0
28,85,4,8,0,0.3,0.3,3.7,0,0
28,86,4,24,0,0,2,10,0,1
28,87,4,18,0,0.5,1.5,5.3,0,0
28,88,9,38,1.9,0,3,8.2,0,0
28,89,1,4,0,0.1,0.5,1.1,0,0
28,90,5,13.5,0,0.5,0,5.2,0,0
28,91,4,12,0,0.5,0,4.4,0,0
28,92,3,6,0,0.1,0.9,1.3,0,0
28,93,1,2,0,0.1,0.3,0.4,0,0
28,95,1,2,0.1,0.3,0.2,0.4,0,0
28,96,2,8,0,0.8,1.2,1,0,0
28,97,13,177,1.9,38,21.2,8,0,0
28,98,2,1697.5,244,76,96,498,3,138
28,99,12,950,344.9,52.9,80.1,80,0,277.9
28,100,3,1055.5,2,365,141,6,0,337.9
28,101,10,42,2.2,5.9,4.9,8,0,0
28,102,5,62,0.9,9.9,11,3.1,0,0
28,103,8,91.5,2.9,7.1,20.1,3.9,0,0
28,104,14,73,0,6.1,9,15.8,0,0
28,105,10,68,0,5,12,5.9,0,0
28,106,5,27,0.4,1.1,5.3,5.2,0,0
28,107,4,10,0.1,0.3,2,1.9,0,0
28,110,5,21,0,0,1.9,7.9,0,0
28,111,9,30,0,3.7,3,7.1,0,0
28,112,1,5,0.1,0.4,0.3,1.5,0,0
28,113,7,24,0.5,2,1.4,7.2,0,0
28,114,8,69,2,16.1,4.1,11.8,0,0
28,115,8,76.5,3.1,13.8,5.2,12,0,0
28,116,3,5,0.2,0.8,0.3,1.2,0,0
28,117,3,6,0.3,0.9,0.3,1.5,0,0
28,118,10,46.5,2.2,7.1,2.4,8.6,0,0
28,119,4,13,0.6,2,0.7,2.5,0,0
28,120,3,9,0.5,1.4,0.1,1.7,0,0
28,121,2,7,0.5,1.1,0.2,1.2,0,0
28,122,2,4,0,0,0.3,1.3,0,0
28,124,3,9,0.2,0,0.2,3.4,0,0
28,125,1,1,0,0,0,0.4,0,0
28,126,1,1,0,0,0,0.4,0,0
28,127,1,4.5,0.1,0,0.1,1.7,0,0
29,0,2,19,0.3,2.4,1.1,2.7,0,0
29,1,9,43,4.2,4.8,1.2,7,0,0
29,2,1,8,0.7,1,0.7,1.3,0,0
29,3,4,8,0.7,0.9,0.8,1.3,0,0
29,4,3,51.5,0.6,2,7.9,6.5,0,0
29,5,7,75,4,3.1,15,5,0,0
29,6,11,556,18.1,52.1,74.9,67,0,0
29,7,10,422,4.9,23.4,88.4,25.1,0.9,0
29,8,5,199,5.5,28.8,34.3,10.8,0,10
29,10,1,12,0.4,0.8,1.6,1.6,0,0
29,11,10,288,6.4,30.9,37.2,36.8,0,0
29,13,4,211.5,3.8,32,38,7.6,0,4
29,14,5,54,6.5,0.6,1.2,18.8,0,0
29,16,4,9,0,0.1,0.3,3.2,0,0
29,17,5,14,0,0.2,0.5,4.9,0,0
29,18,7,22,1.2,4.2,0,5.6,0,0
29,19,1,9,0.6,1.7,0,2.2,0,0
29,20,4,16,0.7,1.4,1.6,3.8,0.2,0
29,24,2,6,0,0,0,2.9,0,0
29,25,1,4,0,0,0,1.9,0,0
29,26,4,18,1.1,0.3,1.9,3.9,0,0
29,27,6,397,11.9,12.7,80,52.2,0,21
29,28,4,1047.5,91,128.9,126,128,0,87
29,29,17,254,1.7,45.1,40.1,20.8,0,0
29,30,5,15,0.1,0.6,0.9,5,0,0
29,31,5,18,0.2,0.5,1.1,5.9,0,0
29,32,13,50.5,0,0.8,3.3,17.8,0,0
29,33,7,149.5,3,15,45.1,14,0,33
29,34,4,70,0,0,4,33,0,0
29,35,4,9,0,0.3,0,3.3,0,0
29,36,9,66.5,2,3.7,5.1,13.4,0,0
29,37,11,654.5,18.9,37.2,77,175.9,0,24
29,38,8,108,6,8,9,28,0,3
29,39,4,24,0.5,2.3,2.4,2.5,0,0
29,40,6,19,0.3,0.3,0.6,5.8,0,0
29,42,5,19,0.3,0.3,0.7,5.8,0,0
29,43,5,11,0.1,0.1,0.5,3.4,0,0
29,44,9,188,1,12.8,26,37.1,1.1,2
29,45,4,15,0,1.6,0.9,3,0,0
29,46,2,6,0,0.6,0.1,1.5,0,0
29,47,12,83,0,3.8,10,16.2,0,0
29,48,13,453.5,3,18,86,54,4.1,3
29,49,8,27,0,3.8,1.6,6.1,0,0
29,50,8,55.5,0,7,4.1,9.9,0,0
29,51,4,11,0,0.4,1.5,2.9,0,0
29,52,3,8,0,0.8,0.8,1.9,0,0
29,53,6,24,0,2.4,2.7,5.7,0,0
29,54,1,2,0,0,0.1,0.5,0,0
29,56,6,23.5,1,0.4,1.9,4.9,0,0
29,57,2,8,0.3,0.1,0.7,1.7,0,0
29,58,8,29,0.6,4.4,1,5.2,0,0
29,59,10,232,1,13.1,38.9,24,0,0
29,60,7,77,0,7.4,13.8,8.4,0,0
29,61,3,12,0,1,1.9,1.7,0,0
29,62,3,7,0,0.5,0.1,2.3,0,0
29,63,6,24,0,1.4,0.4,8.2,0,0
29,64,6,17,0,0.2,0.6,6.8,0,0
29,65,10,51,5.6,6.2,0,9,0,0
29,66,16,121,9,12.1,4.8,26.8,0,0
29,67,17,106,4.4,11.7,0,29.6,0,0
29,68,13,101.5,0,2.9,19.1,15.1,0,0
29,69,1,6,0.4,0.4,0.5,0.9,0,0
29,70,12,31,0,1.2,1.9,12.5,0,0
29,71,8,28,0,1,2.1,11.9,0,0
29,72,5,20,0,1,2,9,0,0
29,73,7,20,0,0,1.5,5.9,0,0
29,74,6,24,0,1,1.9,7.3,0,0
29,75,5,74.5,0,2,2,36,0,0
29,77,5,9,0,0.5,1.2,2.8,0,0
29,78,9,35,0,0,3.1,13,0,0
29,79,7,17,0,0,0.8,8,0,0
29,81,6,17,0,0,0.5,7,0.6,0
29,82,8,24,0,0,0,9.2,0,0
29,83,1,6,0,0,0,2.3,0,0
29,84,3,3,0,0,0,1.5,0,0
29,85,6,14,0,0.6,0.6,6.4,0,0
29,86,4,9,0,0.2,0.7,2.7,0,0
29,87,1,7,0,0.2,0.6,2.1,0,0
29,88,7,29.5,0,1,3.5,7.8,0,0
29,89,9,35,0,3,1,10,0,0
29,90,9,29,0,1.1,0,11.2,0,0
29,91,8,163,1,15,19.9,34.2,0,7.1
29,92,7,47.5,0,1.5,6.4,10.4,0,0
29,93,3,4,0,0.1,0.7,0.8,0,0
29,94,4,7,0.5,0.8,0.7,1.5,0,0
29,95,3,6,0.4,0.8,0.6,1.2,0,0
29,96,5,33,0,3.3,4.8,4,0,0
29,97,9,317,45,25,29.1,53,0,0
29,98,8,1024,92.1,175,106.9,253,2,100
29,99,6,1354.5,142.9,192.2,264,230,0,98
29,100,11,219.5,1,27.2,65.1,4.7,0,18
29,101,10,86,1,13.1,8,12,0,0
29,102,6,37,0,5.9,2,5.1,0,0
29,103,9,76,0,14.1,10.9,6,0,0
29,104,1,12,0,0.9,2.1,1,0,0
29,106,2,3,0,0.1,0.6,0.6,0,0
29,107,10,71,0,3.1,11.9,11.1,0,0
29,108,11,107,2.3,6.9,15.8,16.8,0,0
29,109,1,1,0,0.1,0.1,0.2,0,0
29,111,2,5,0,0,0.5,1.9,0,0
29,112,2,8,0.2,0.7,0.4,2.4,0,0
29,113,7,31,0,5,0,10,0,0
29,114,10,54,0,9.1,2.9,13.2,0,3
29,115,6,32,0,4.9,3.2,4.8,0,0
29,116,1,3,0,0.5,0.2,0.7,0,0
29,117,5,14,0.3,2.3,0.8,3.3,0,0
29,120,2,3,0.2,0.4,0,0.6,0,0
29,121,6,14,0.9,2.1,0.2,2.6,0,0
29,122,3,5,0,0,0.3,1.7,0,0
29,124,2,5,0.1,0,0.1,1.9,0,0
29,126,8,24,0.3,0,0.9,9.3,0,0
67,0,9,222.5,2,41.1,32.3,7.8,0,0
67,1,2,13,0,2.3,1.7,1.2,0,0
67,2,10,157,4.9,11.1,17.8,30,0,0
67,3,6,43.5,0,3.1,6.9,8.9,0,0
67,4,1,3,0,0.3,0.3,0.6,0,0
67,5,6,37,0,3.8,3.9,7.2,0,0
67,6,5,82,2,11.1,12.1,1.9,0,0
67,7,3,28,0.9,1.8,2.6,5.2,0,0
67,8,13,102,2.3,15,8,17.3,0,0
67,9,6,1415,15.9,124.1,310.9,53.1,1,47
67,10,5,797,11.1,65,156,70.9,1.1,49
67,11,7,32,1.9,3.1,1.1,6,0,0
67,12,8,557.5,6.9,43,90,64,1,0
67,13,8,44,0,8.9,4.1,3,0,0
67,14,3,1714,36,172,339,160,2,161
67,15,11,681.5,9,49.1,161.9,46,0,30
67,16,7,1117,59.2,98.9,215.9,42,6,0
67,17,4,2524.5,65,203.9,638,188,7,215
67,18,12,495.5,16.8,60,86.9,38.1,2,0
67,19,8,104,6.1,15.1,11.8,11.1,0.9,0
67,20,8,740,27.9,51.1,168,59.9,0,15
67,21,14,363.5,8.8,33.9,79.2,8,4.9,11
67,22,9,85,4.2,3.2,10.8,14,0,0
67,23,16,188,5.9,18.2,23.7,21.1,0,0
67,24,12,247,7,32,36,9.1,0,0
67,25,7,144.5,9,15,23.1,18.9,0,0
67,26,9,872.5,2.8,93,228.9,31.2,1,107
67,27,10,177,4,17.1,30,7,4,0
67,28,7,60,3,4.1,7.1,7.9,0,0
67,29,8,1020.5,26,52.9,366.1,67.1,0,67
67,30,10,412,17.2,42.8,52,44.2,0,0
67,31,14,357,5,44.8,55.1,34.9,0,0
67,32,3,109.5,1,13.1,28.9,3.9,0,38
67,33,13,250,7,20.1,29.3,56.8,0,0
67,34,8,52,1.1,10,4.1,2.9,0,0
67,35,11,64,1.2,10.1,7,9.8,0,0
67,36,10,238.5,0,48,22.9,16.1,0,0
67,37,6,55,1.3,8.8,11,0,0,0
67,38,8,51,0,4.9,13.8,1.8,0,0
67,39,1,1,0,0.1,0.3,0,0,0
67,40,15,242,0,11,45.4,30.8,0,0
67,41,10,332.5,0,17.9,69.1,20.9,0,4
67,42,9,879,15,74.1,163.1,93.9,0,19
67,43,10,129,2,10,16.2,20.9,0,0
67,44,18,228.5,2.9,20.1,23.1,37,0,0
67,45,20,171.5,4.8,14.1,17.1,28,0,0
67,46,13,113.5,0,11.8,10.1,25,0,0
67,47,6,24,0,2,0,12,0,0
67,48,11,219.5,0,20,32,33,1,0
67,49,13,132.5,0,12.1,6.9,34.1,0,0
67,50,20,218,6.1,25,10.1,41.9,0,0
67,51,13,143,1.2,23,11.9,22,0,0
67,52,9,209,3.9,9,36.1,23,0,0
67,53,14,463,7.9,23,117,36.9,1.2,33
67,54,9,42,0,1.1,3,9.9,0,0
67,55,13,76.5,1.1,3.2,8,15.7,0,0
67,56,10,51,0,3,0.9,16.9,0,0
67,57,13,67,0,3,1,22.8,0,0
67,58,10,45.5,0.8,6.9,1.4,11.8,0,0
67,59,10,76,3.1,11.1,6,6.9,0,0
67,60,10,34,0.6,3,1.2,10.2,0,0
67,61,8,102.5,1,4.2,18.9,15.9,0,9
67,62,8,53,0,2.1,4,15.9,0,0
67,63,8,47,0,3.2,3.7,10.9,0,0
67,64,6,49,0,1.1,4.9,7.9,0,0
67,65,8,89,2,4,9.1,18,1,0
67,66,10,41,0,4.1,0.7,12.1,0,0
67,67,2,4,0.4,0.6,0,0.8,0,0
67,68,10,63,0.9,3.4,12.6,11,0,0
67,69,6,91.5,1.8,1.1,5.1,32.9,0,3
67,70,7,39,0,2.5,5,9.8,0,0
67,71,2,8,0,0.5,1.1,2,0,0
67,73,1,3,0,0.1,0,1.1,0,0
67,74,2,6,0,0.3,0,2.1,0,0
67,75,2,6,0,0.2,0,2.2,0,0
67,76,3,11,0,0,1.1,3.3,0,0
67,77,1,2,0,0,0.2,0.6,0,0
67,78,2,5,0,0,0.5,1.5,0,0
67,79,1,2,0,0,0.2,0.6,0,0
67,81,1,5,0,0.3,0.2,1.7,0,0
67,82,4,31.5,0,0.6,4.2,8.1,0,0
67,83,5,22,0,0.4,2.9,5.7,0,0
67,84,5,44,0,0,2,14.2,0,0
67,85,3,24,0,0,1.1,7.7,0,0
67,86,6,45,0,0,0.9,22,0,0
67,87,3,38,0,3.1,9,3.9,0,0
67,88,6,59,1,2.1,9,8.9,0,0
67,89,7,90,3,5,1.9,31,0,0
67,90,7,70,0.9,2.6,4.3,18.1,0,0
67,92,6,57,0,0.9,7,19.1,0,0
67,93,5,16.5,0,1.3,3.2,3.9,0,0
67,94,1,3,0,0.1,0.1,1,0,0
67,95,2,4,0,0.2,0,1.4,0,0
67,97,5,22.5,0,1.6,1.3,7.6,0,0
67,98,6,24,1.2,0.6,0.6,11.4,0,0
67,99,3,10,0.6,0.2,0.2,4.8,0,0
67,100,2,20,0.5,0,2.3,6.6,0,0
67,103,0,32,0,0,13,0,0,0
67,104,3,23.5,0,0.9,4,6.7,0,0
67,105,1,2,0,0.1,0.3,0.6,0,0
67,106,6,36,0,0.9,1.1,20,0,0
67,108,3,30.5,0,0.8,0.9,14.6,0,0
67,109,5,32,0,2,0,16,0,0
67,113,5,42.5,1.8,1.9,2.2,12.1,0,0
67,114,4,17,0.2,0.4,1.1,5.7,0,0
67,115,7,65,0,1,0,36.9,0,0
67,116,2,5,0,0.3,0.4,1.9,0,0
67,117,1,5,0,0.3,0.4,1.9,0,0
67,118,5,68,0,3,1,28,0,0
67,119,4,20,0,2.3,3.7,3.7,0,0
67,120,5,73,1.8,0,2.9,28.3,0,0
67,121,1,2,0.1,0,0.2,0.6,0,0
67,122,2,9,0,0.6,1.3,1.8,0.3,0
67,123,3,7,0,0.5,1,1.4,0.2,0
67,124,5,35,0,2.4,4.8,7.9,0,0
67,125,7,138.5,0,8,12.1,37.9,0,2
67,126,7,53,0,5.1,6.9,8,0,0
30,0,2,5,0,0.1,1,0.4,0,0
30,1,9,450.5,12.2,71.9,64,18,1,0
30,2,8,777,24,70.1,137.9,48.9,0,10
30,3,4,15,0.5,3,1.1,2.5,0,0
30,4,7,275,3,31,41,29,0,0
30,5,2,59,2.7,3.6,7.2,4.6,0,0
30,6,1,3,0.2,0.3,0.3,0.5,0,0
30,8,2,389,21,93,99,36,4,5
30,9,7,331,16,42,81.2,33,0,0
30,10,5,32,0,0,9.1,2,0,0
30,11,6,151,0,3,46.1,3,0,0
30,12,5,10,0,0,1.4,3.6,0,0
30,13,9,234,1,35,44.2,7,1.8,0
30,14,1,2,0,0.2,0.1,0.7,0,0
30,15,1,5,0,0.5,0.3,1.7,0,0
30,16,2,7,0.6,0.7,0,1.8,0,0
30,17,4,13,1,1.5,0,3.3,0,0
30,18,3,343,0,10,103,3,0,0
30,19,8,481.5,31.9,30.9,93,72.2,0,35
30,20,6,145,1.2,36,40.9,1,0,0
30,21,4,245,6,18.1,64,7,1,0
30,22,7,50,0,3.2,6.8,9,0,0
30,23,3,15,0,1.7,1.8,3.1,0,0
30,24,13,163,3.8,10.9,21,34,0,0
30,25,12,280.5,3.8,15.2,53.9,39,1,14
30,26,4,18.5,0.9,1,0.2,4.4,0,0
30,27,11,165,1.8,8.9,28,17,0,0
30,28,12,377.5,6,20.1,86.8,25.1,0,1
30,29,8,26,0,2.9,1.2,7.9,0,0
30,30,3,5,0,0.1,0,1.8,0,0
30,31,9,36,0,2.1,2.1,8.7,0,0
30,32,6,20,0,0,0.5,5.1,0.5,0
30,33,11,33,1.1,2,1.1,12,0,0
30,34,2,6,0.1,0.2,0.7,1.5,0,0
30,35,4,9,0.1,0.3,1.2,2.3,0,0
30,36,5,15,0,1.2,0.5,4.1,0,0
30,37,7,26,0,2.1,0.9,7,0,0
30,38,1,2,0,0.2,0,0.6,0,0
30,39,5,13,0,1.3,0.2,3.7,0,0
30,40,8,33,0,1.2,2.4,8.1,0,0
30,41,7,16,0,0.5,1.1,4.2,0,0
30,42,5,23,0.6,1.2,1.3,5,0,0
30,43,9,43,0.9,2.1,4.2,12.9,0,0
30,44,5,119,1,12.9,20.1,9.9,0,0
30,45,4,12,0,0.5,0.5,3.8,0,0
30,46,2,2,0,0,0,1,0,0
30,47,8,21,0.3,0.8,0,9.6,0,0
30,48,9,64,0.6,1.4,12.3,11.5,0,0
30,49,3,11,0.1,0.2,2.1,2,0,0
30,50,6,23,0,0.9,0.9,6.4,0,0
30,51,6,27,0,1.2,0.8,7.5,0,0
30,52,1,1,0,0.1,0.1,0.2,0,0
30,53,7,27,0,1.5,1.6,6.5,0,0
30,54,4,17,0,0,0.9,5.9,0,0
30,55,1,1,0,0,0.1,0.3,0,0
30,56,6,13,0,1.8,0.6,4.7,0,0
30,57,3,9,0,1.2,0.4,3.3,0,0
30,58,1,1,0,0,0.2,0.2,0,0
30,59,8,105,0,0.6,28.3,12.1,0,0
30,60,8,51,0,5.9,4.1,8,0,0
30,61,8,28,0,0.7,2.1,9.5,0,0
30,62,3,12,0,0,0,4.8,0,0
30,63,6,87.5,0,1.9,22.1,3,0,0
30,64,10,208,0,16.3,43.9,12.9,0,9
30,65,11,327.5,18.1,50.7,35.3,45,0,20
30,66,6,2173.5,57,141,187.1,845.9,7,173.1
30,67,13,449,21.7,99.8,73.5,19.2,0.8,68
30,68,7,24,0,1.5,1.7,5.6,0,0
30,69,7,40,0,0,8,5,0,0
30,71,4,20,0,1.1,1.3,4.8,0,0
30,72,9,54,0,3.7,4.2,13.1,0,0
30,73,3,9,0.1,0.4,0.4,3.2,0,0
30,74,3,4,0,0,0.1,1.9,0,0
30,75,8,19,0,0,1,8.8,0,0
30,76,12,51,0,0,2.5,16.5,0,0
30,77,1,3,0,0,0.1,1,0,0
30,78,3,15,0,0,0,6.3,0,0
30,79,2,6,0,0,0,2.4,0,0
30,80,3,9,0,0,0.7,3.2,0,0
30,81,7,20,0,0,1.6,7,0,0
30,82,12,44,0,0.9,1.8,21.1,0,0
30,83,3,22,0,0,0.6,6.9,0,0
30,84,2,7,0,0,0.6,2.9,0,0
30,86,4,16,0,0.3,0,6.1,0,0
30,87,3,7,0,0.2,0,2.6,0,0
30,88,1,2,0,0,0.1,0.7,0,0
30,89,3,8,0,0,0.5,2.7,0,0
30,90,4,16,0,0,0.8,5.6,0,0
30,91,8,21,0,2.1,3.2,6.8,0,0
30,92,5,18,1.1,2.4,1.8,3.7,0,0
30,93,2,5,0.3,0.7,0.5,1,0,0
30,94,6,25,0,4.5,1.6,5,0,0
30,95,4,20.5,0,3.7,1.2,4.1,0,0
30,96,5,29,0.5,0,4.7,5.8,0,0
30,97,11,69,4,8.1,3.2,12.9,0,0
30,98,6,143,3.1,34.1,15,12.9,0,0
30,99,13,94,3.4,15.2,14.4,5.4,0.6,0
30,100,12,104,0.9,14,19.2,11.9,0,0
30,101,4,7,0,1.2,0.9,0.8,0,0
30,102,2,6,0,0,1.1,2.2,0,0
30,103,4,14,0,0,2.7,5.2,0,0
30,105,1,1,0,0,0.2,0.2,0,0
30,106,12,69,0,5.7,12,11.2,0,0
30,107,15,118,0,11.2,10.9,26.8,1,2
30,108,14,139,4.5,13.2,13.9,28.5,0,0
30,109,4,18,0.6,1.8,1.8,3.6,0,0
30,110,1,2,0,0,0.2,0.7,0,0
30,111,4,9,0,0,0.8,3.4,0,0
30,112,3,11,0,0,0.7,3.1,0,0
30,113,3,14,0,0,0.9,3.9,0,0
30,114,3,5,0,0.5,0.5,1.3,0,0
30,115,6,13,0.1,1.4,1.2,3.2,0,0
30,116,1,4,0.2,0.5,0.1,0.8,0,0
30,117,4,11,0.7,1.2,0.4,2.2,0,0
30,120,1,5,0,0,0.4,1.6,0,0
30,121,2,7,0,0,0.5,2.3,0,0
30,122,3,16.5,0,0.4,1.1,4.9,0,0
30,123,3,10,0,0.3,0.7,3,0,0
30,124,3,5,0,0.2,0.3,2,0,0
30,125,7,14,0.1,0.5,0.8,5.6,0,0
30,126,2,4,0.2,0.2,0.2,1.2,0,0
66,0,5,147.5,1,41.9,12.8,4.5,0,0
66,1,1,4,0,0.7,0.5,0.4,0,0
66,2,9,52,2.1,6.2,7,3.8,0,0
66,3,10,189,3.1,29.9,14,25,0,0
66,4,4,7,0,0.7,0.7,1.4,0,0
66,5,12,887.5,4.8,99.1,152.1,117,0,21
66,6,5,677.5,10,43.9,110.1,89,1,3
66,7,2,4,0.2,0.2,0.4,0.8,0,0
66,8,3,15,0.3,2.2,1.2,2.5,0,0
66,9,13,252.5,3.8,30,40.1,17.2,0,0
66,10,3,21,1.2,2,0.8,4,0,0
66,11,12,102.5,4.9,11.1,16,11.9,0,0
66,12,6,1740.5,26,148,389.1,129.9,8,83
66,13,7,39,0,3.9,0.8,7.2,0,0
66,14,12,159,7.2,31.8,15.9,6.2,0,0
66,15,10,146.5,8.9,14.9,12.1,20.2,1,0
66,16,10,675,17,62,118,75.1,0,0
66,17,12,306,1.9,54.9,35,18.9,2.2,24
66,18,10,125,1,6.2,27.8,12.9,0,0
66,19,7,462,4.9,23.1,103.1,22,1,0
66,20,7,48,0,9.1,6.9,4,0,0
66,21,10,166,3.8,12,18.3,38.3,0.8,0
66,22,9,79,4.9,19.9,11.1,0,0,0
66,23,5,59.5,4.9,4.2,5,15.8,1,0
66,24,14,294,8.9,37.9,50,15.3,0,0
66,25,10,614.5,25,55,60,117.9,7,8
66,26,9,1246,43,93,331.9,45.1,5,95
66,27,13,144.5,3.9,13.1,12,15.1,7.1,0
66,28,9,297.5,5,60.1,27.9,14.8,0,0
66,29,5,45,1.1,3,0,11.9,0,0
66,30,9,158,7.9,7,25,10,0,0
66,31,8,436,46,54,51.1,19.9,1,33
66,32,4,109,2.9,2.1,15,41.1,0,0
66,33,10,237.5,1.1,12,24,60.1,0,0
66,34,16,214,4.1,11.1,33.9,28.9,0,0
66,35,14,91,2.6,11.1,3.1,17,0,0
66,36,9,315,9.1,21,60,24.9,1,6
66,37,3,30,0,5,5,1,0,0
66,38,8,91,0,25.9,5.1,5.1,0,0
66,40,9,57,0,2.9,8,7,0,0
66,41,10,300,4,24.2,49.1,38.8,0,0
66,42,12,227,6.2,27.1,33.9,20.8,1,0
66,43,7,48.5,0,2.1,3,12.1,0,0
66,44,11,208.5,4,21.9,31.3,25.9,0,0
66,45,13,513.5,3.8,51.1,58,83.9,0,5
66,46,12,462,1,32,83.8,67.1,0,38
66,47,13,135,0,11.2,14.9,26,0,0
66,48,18,297.5,3.8,29.1,41.7,46.2,0,2
66,49,14,525.5,2,12,126.1,61.7,0,38
66,50,12,191,3.9,17,24.2,23,0,0
66,51,7,141.5,0,4.8,23.1,24.2,0,0
66,52,12,355.5,1.8,61,34,41.2,0,18
66,53,8,510,12,27.9,103.2,62.9,0,28
66,54,12,297.5,4.9,12.3,50.8,35.1,0,0
66,55,7,548,4,52,98.1,63.8,0,41
66,56,6,60,0,0,15.1,3.9,0,0
66,57,11,74,0,6.2,4.1,16.7,0,0
66,58,10,46.5,0,2.9,4.1,11,0,0
66,59,9,115.5,1.1,5,25.1,14.9,0,0
66,60,12,100,4.2,9,11.1,19.7,0,0
66,61,13,402,5,50.1,43.1,66.9,0,10
66,62,6,76,2,2,4.9,17.1,0,0
66,63,9,49,1.1,4.9,2.9,11.1,0,0
66,64,7,57,1.8,1.8,2.2,16.2,0,0
66,65,7,89,1,7.1,7.1,22.7,0,0
66,66,3,21,1.6,3,0,4.7,0,0
66,67,1,2,0.2,0.3,0,0.4,0,0
66,69,2,7,0.1,0.4,1.4,1.2,0,0
66,72,1,4,0,0.2,0,1.4,0,0
66,74,2,5,0,0.2,0,1.8,0,0
66,77,2,11,0,0,1.1,3.2,0,0
66,78,4,30,0,0,3.2,8.6,0,0
66,79,1,5,0,0,0.5,1.5,0,0
66,80,9,62,0,1,1,21,0,0
66,81,4,24,0,1.6,0.8,8.4,0,0
66,82,9,32.5,0,0.7,1.9,14.2,0,0
66,83,7,75,0,4.2,3.1,30.8,0,0
66,84,10,66,0,4.2,6,12.9,0,0
66,86,4,23,0,0.8,0,7.6,0,0
66,87,2,7,0,0.3,0,2.3,0,0
66,88,4,14,0.7,1,1.9,2.8,0,0
66,89,9,37,1.7,2.8,4.9,7.4,0,0
66,90,5,11,0.1,0.5,0.6,2.8,0,0
66,92,3,9,0,0.6,1.8,2.1,0,0
66,93,14,90.5,0,3.9,7.3,28.8,0,0
66,94,3,13,0,0.7,0.3,4.3,0,0
66,95,1,19,0,1,0.5,6.3,0,0
66,96,5,16,0,1.1,0.9,5.5,0,0
66,97,4,28,0,2,0,10,0,0
66,98,6,57,0,2,0.9,24.1,0,0
66,99,3,6,0.3,0.3,0.3,2.7,0,0
66,100,7,19,0.4,0,2,6.4,0,0
66,101,1,6,0.1,0,0.7,2,0,0
66,103,10,531.5,11.9,19.1,75.1,139.9,0,24
66,104,6,123,3.9,14.1,5.1,29.9,0,0
66,105,1,3,0,0.1,0.5,0.9,0,0
66,109,1,3,0,0.1,0.1,1.4,0,0
66,111,5,10,0.1,0,0.2,4.9,0,0
66,112,5,9,0,0.5,0.9,2.7,0,0
66,113,7,23,0,0.7,2.8,7.2,0,0
66,114,5,40,0.6,1.2,2.4,13.3,0,0
66,115,2,9,0.2,0.2,0.6,3,0,0
66,116,2,25.5,1,0,1,13,0,0
66,117,2,7.5,0,0.5,0.6,2.9,0,0
66,118,5,23,1.1,0,0,11.9,0,0
66,119,2,7,0,0.8,1.3,1.2,0,0
66,122,2,6.5,0,0.4,0.9,1.3,0.3,0
66,123,1,7,0,0.5,1,1.4,0.2,0
66,124,5,23,0,1.5,3.1,5.2,0,0
66,125,5,77,1,15,2.1,12.9,0,0
66,126,6,90,1,2,23,5,0,0
46,0,15,114.5,0.7,7,7.3,26.9,0,0
46,1,9,55,1.9,4,5.1,12.9,0,0
46,2,6,30.5,0,0.5,2.9,8.4,0,0
46,3,9,41,0,0,2.8,10.8,1.3,0
46,4,12,183.5,0,9.8,34.2,16,0,0
46,5,6,46,0,1.2,4,9.9,0,0
46,6,6,8,0,0.1,0.1,3,0.1,0
46,7,6,28,0,0.6,0.8,10.1,0.9,0
46,8,4,64,1.4,13,5.5,6.2,0,0
46,9,11,255,2,29.1,34.1,36.9,0,10
46,10,4,25.5,0,0.7,0.9,8.3,0,0
46,11,8,24.5,0,0.8,1,7.7,0,0
46,12,7,23,0,1.4,1.4,7.8,0,0
46,13,9,23,0,1.3,1.3,7.9,0,0
46,14,4,20,0.3,0,0.5,6.8,0,0
46,15,6,18,0.3,0,0.5,6.1,0,0
46,16,6,14,0.2,0,1.4,4,0,0
46,17,9,31,0.9,1.1,3.1,6.8,0,0
46,18,13,39,0.4,1.2,1.4,14,0,0
46,19,8,167.5,0,7.9,30.9,32,0,11
46,20,10,36,0,1.7,2.3,10.1,0,0
46,21,6,20,0.5,0,0,7.9,0,0
46,22,9,40,0,1.2,2.1,9.9,0,0
46,23,11,43,0,1,4,12.9,0,0
46,24,7,18,0,0.1,0.7,5.4,0,0
46,25,7,52,0,4.1,6,10,0,0
46,26,7,407.5,3,12.9,73.1,77,0,4
46,27,7,48,0.8,6.1,0,8,0,0
46,28,4,22,0,0.9,3.5,3.3,0,0
46,29,10,59,0,1.9,11.3,10,0,0
46,30,4,95.5,0,3.9,15,20,0,4
46,31,2,5,0,0.3,0.5,1.1,0,0
46,32,4,16,0,0.4,0,8,0,0
46,33,5,8,0,0.3,0,4,0,0
46,34,4,17,0,1.2,2,4.1,0,0
46,35,5,25,0,2,2.9,5.9,0,0
46,36,1,14,0,0.6,0.2,3.8,0,0
46,39,3,9,0,0.4,0.1,2.5,0,0
46,40,5,16,0.6,0,0.7,4.4,0,0
46,41,2,15,0.5,0,0.6,4.2,0,0
46,42,1,2,0,0.1,0.4,0.5,0,0
46,43,4,14,0,0.6,2.8,3.9,0,0
46,44,3,6,0,0.3,0.6,1.8,0,0
46,45,10,48,0,2.9,3.3,15.1,0,0
46,46,10,77.5,0,5.1,7.9,15.1,0,0
46,47,5,13,0,0,2.3,1.6,0,0
46,48,6,27,0,0,1.2,10.5,0,0
46,49,6,200.5,0,4.1,53.9,7.9,2,0
46,50,12,65,0.7,1.2,4.9,18.2,0,0
46,51,3,17,0,0.8,1.4,5.1,0,0
46,52,5,12,0.2,0.2,1,4.1,0,0
46,53,5,11,0.1,0.1,1,3.8,0,0
46,54,3,18,0,0.5,1.3,6.5,0,0
46,55,8,230.5,6,25.8,38.2,43,0,7
46,56,9,59,0,3.1,5.9,18.9,0,0
46,57,7,86,0.8,1.1,11.1,28,0,0
46,58,3,6,0,0.1,0.4,2.4,0,0
46,59,3,13,0,0.3,0.7,5.1,0,0
46,60,15,197,5.8,8,25.9,31.2,0,9
46,61,2,6,0,0.1,0.8,1.7,0,0.2
46,62,1,2,0,0.1,0,0.8,0.1,0
46,66,7,31.5,1,1,2.1,12.9,0,0
46,67,7,16,0,0.4,0,7.6,0,0
46,68,6,15,0.7,0.7,0.8,5.5,0,0
46,69,6,29,1,1.2,1.9,10,0,0
46,70,6,23,0,0,0.4,6.7,0,0
46,71,2,7,0,0,0.1,2.1,0,0
46,72,5,17,0.4,0.4,0.6,7.5,0,0
46,73,12,45,0,1.9,2.2,13.9,0,0
46,74,5,13,0,0,1.3,4.4,0,0
46,75,2,3.5,0,0,0.4,1.1,0,0
46,76,7,35,0,1.1,3.8,12.1,0,1.9
46,77,5,17,0.3,0.5,0.8,6.3,0,0
46,78,6,20,0,2,2,7.1,0,0
46,79,4,17,0.4,1.5,0.5,4.1,0,0
46,80,2,7,0.2,0.2,0.3,1.7,0,0
46,81,3,15,0.4,0.4,0.6,3.8,0,0
46,82,11,39,0,1.1,3.9,10.9,0,0
46,83,5,16,0.9,0.7,1.4,3.9,0,0
46,84,8,84,0,2.1,10.9,30,0,5
46,85,5,15,0,0,0.6,6.2,0,0
46,86,2,8,0.2,0,0.2,3,0,0
46,87,3,5,0.1,0,0.1,1.9,0,0
46,88,7,18.5,0,0.6,1.3,6.3,0,0
46,89,10,64,0.9,2.9,2.4,28.8,0,0
46,90,8,41,0,2.9,4.1,10.9,0,1.7
46,91,3,19,0,1.9,0.5,5.2,0,0
46,92,5,14,0,1.2,0.7,2.8,0,0
46,93,2,12,0,0.9,0.7,2.4,0,0
46,94,3,32,0,1.9,2.1,12,0,0
46,95,5,21,0.8,1.6,1.7,7.2,0,0
46,96,8,63,2,2.1,16,6,0,4
46,97,12,78,2.6,6.8,3,24.2,0,0
46,98,3,25,0,2.3,1.9,5,0,0
46,99,5,23,0,2.2,1.6,4.7,0,0
46,100,4,14,0,0.2,0.8,4.6,0,0
46,101,2,9,0,0.2,0.5,2.9,0,0
46,103,1,4,0.1,0.1,0.2,1.7,0,0
46,104,2,3,0,0.1,0.1,1.1,0,0
46,105,2,5,0,0.2,0.2,1.8,0,0
46,106,9,97,1.9,16,9.7,27.2,0,2.8
46,107,1,3,0.1,0.6,0.3,0.6,0,0.1
46,108,2,6,0,0,0,2.2,0,0
46,109,5,19,0,0,0,6.9,0,0
46,110,6,16.5,0.2,0.2,0.8,5.9,0.5,0
46,111,6,16,0.1,0.1,0.8,5.7,0.6,0
46,112,8,25.5,0.8,0,1.2,10.1,0,0
46,113,7,20,0,0.6,0,8,0,0
46,114,9,57,2,5,0,15.1,0,0
46,115,4,24,0.9,1.1,3,6.1,0,0
46,116,11,170.5,1,15.1,23.2,34.7,0,0
46,117,13,116.5,1.5,14.4,13.5,25.2,0,0
46,118,7,142.5,14.8,13,10.3,31,0,2.8
46,119,7,1469.5,71.9,224,24,446.1,0,329
46,120,5,76,0,7,3,26,0,1
46,121,11,202,5.1,0,17.9,65.1,1,27.1
46,122,2,3.5,0,0.1,0,1.3,0,0
46,123,5,9,0.1,0.2,0,3.4,0,0
46,124,4,16,0,2,0.5,3.3,0,0
46,125,6,53.5,3.9,7,7.9,1.1,0,0
46,126,1,5,0,0.4,0.5,1.3,0,0
46,127,1,1,0,0.1,0.1,0.2,0,0
26,0,4,22,0.5,1.1,0.6,7,0,0
26,1,7,103.5,0,9.1,17,16.9,0,0
26,2,1,1,0,0.1,0.1,0.1,0,0
26,3,1,3,0,0.3,0.4,0.2,0,0
26,6,2,12,0.4,0.8,1.4,2.1,0,0
26,7,5,51,1.5,3.6,5.9,9,0,0
26,8,8,43,0.6,3.8,5.6,4.4,0,0
26,9,12,428.5,8,23.9,83,48.2,1.8,10
26,10,2,6,0,0.5,0.5,1.3,0,0
26,11,6,55,0,4.1,4.8,12,0,0
26,12,4,489.5,3,31,100.8,41.9,0,21
26,13,1,3,0,0,0.2,1.1,0,0
26,14,3,9,0.3,2.7,0.6,0.9,0,0
26,15,4,152,0,4,43.1,1.9,0,5
26,16,5,11.5,0.4,1.1,1.2,1.1,0,0
26,17,15,117,3.7,10.7,13.8,11.5,0,0
26,18,15,421.5,8,16.1,96.9,30.8,0,0
26,19,10,124,4.1,15.9,17.1,13.9,0,0
26,20,7,72.5,3.2,7.8,6.9,15.8,0,0
26,21,2,3,0.1,0.2,0.2,1,0,0
26,22,1,1,0,0.1,0.1,0.2,0,0
26,24,2,3.5,0,0.3,0.6,0.5,0,0
26,25,12,101.5,0.9,6.1,17.8,14.6,0,0
26,26,11,154,2,10.1,23,18.9,0,0
26,27,8,344.5,10.9,18.1,40,89.1,0,5.9
26,28,6,131,2.9,5.2,15.1,29.9,1,0
26,29,8,28,1,1.3,1.9,8.8,0,0
26,30,5,19,0.4,1,0.5,5.6,0,0
26,31,6,12,0.1,0.7,0.4,3.6,0,0
26,32,6,21,0.9,1.7,1.8,3.7,0.3,0
26,33,8,29,1.2,2.3,2.4,5.2,0.5,0
26,34,7,22.5,0.3,2.3,0.8,5.8,0,0
26,35,9,67,0,2.1,17.9,3.9,0,0
26,36,8,29.5,0,0.6,2.4,11.6,0,0
26,37,3,6,0,0.1,0.5,2.4,0,0
26,38,5,12,0.3,0.9,0.3,2.4,0,0
26,39,2,8,0.2,0.4,0.3,1.6,0,0
26,40,9,31,0,0,3.7,7.5,0,0
26,41,12,64,0.9,5.1,16.9,2.9,0,0
26,42,8,179,1,3,33.1,27.9,0,0
26,43,5,16,0,0.5,1.4,3.9,0,0
26,44,3,7,0,0.5,0,2.5,0,0
26,45,5,42,1.9,10,2,5.1,0,0
26,46,7,73.5,0.9,2,3,26,0,0
26,47,12,162,3.3,30,15.8,17,0,0
26,48,11,165,2,12.1,26.7,15.1,0,13
26,49,20,352.5,16.3,43.9,44.1,34.8,0,0
26,50,8,34,1.8,3.9,6.1,3.1,0,0
26,51,11,66.5,0,9.3,3.8,9,0,0
26,52,11,38,0,6.8,0.9,11.3,0,0
26,53,10,371,6.9,53.3,60.1,27.8,0,10
26,54,9,34,0,4.2,2,6.9,0,0
26,55,8,71,0,6.2,8.9,6,0,0
26,56,8,32.5,0,1,4,9,0,0
26,57,11,40,3.2,4,1.1,8.8,0,0
26,58,9,48.5,2.7,9.2,0,8,0,0
26,59,9,78,5,11.1,0.9,23.1,0,0
26,60,11,723,18,121.2,72.9,113.8,1,15
26,61,13,326,4.3,47.9,50.9,23.1,1,0
26,62,7,37,1,2,0,12,0,0
26,63,17,203.5,5,36.1,12.9,29.1,0,0
26,64,8,262.5,29.9,25,25.3,20.9,0,3
26,65,6,606.5,17,133,31,117,1,71
26,66,14,220.5,2.9,11.1,26.1,37.9,0,0
26,67,16,81.5,2.1,4,0.9,25.8,0,0
26,68,13,56.5,0,5.8,0,18.1,0,0
26,69,4,17.5,0.5,1,1.8,3.6,0,0
26,70,11,39,0,3.9,1.3,10,0,0
26,71,15,157,0,6.1,27,31.9,0,5.9
26,72,8,27,0,0,1.9,12.2,0,0
26,73,12,87.5,0,1.8,3.2,35.2,0,0
26,74,8,44,0,0,5,17,0,0
26,75,1,4,0.1,0,0.1,1.4,0,0
26,77,1,2,0,0.1,0.1,0.7,0,0
26,78,4,29,0,1,9.5,7.7,0,8
26,80,4,13,0,0.4,0.6,4.7,0,0
26,82,2,6,0,0.3,0.3,2.5,0,0
26,83,2,5,0,0.2,0.3,2.1,0,0
26,84,1,1,0,0,0.1,0.4,0,0
26,85,2,5,0,0,0.6,2,0,0
26,86,4,8,0,0,0.8,3.2,0,0
26,87,1,1,0,0,0.1,0.4,0,0
26,90,1,2,0,0,0.1,0.9,0,0
26,91,5,9,0,0,0.5,4,0,0
26,92,3,14,0,0.8,0.2,4.6,0,0
26,93,5,18,0,1.1,0.2,5.9,0,0
26,94,3,9,0,0.5,0.1,3,0,0
26,95,2,4,0,0.2,0,1.4,0,0
26,96,2,6,0.2,0.2,0.3,1.9,0,0
26,97,5,43,1.9,12,0,5,0,0
26,98,3,7,0,1,1,0.8,0,0
26,99,4,40,0,5.9,5.2,5,0,0
26,100,5,14,0,2.8,2.2,1,0,0
26,101,5,35.5,0,7.1,5.5,2.3,0,0
26,102,1,2,0,0.2,0.1,0.5,0,0
26,103,2,7,0,0.7,0.4,1.6,0,0
26,104,4,26,0,3,3.5,2.6,0,0
26,105,5,56,0,6,9.1,6,0,0
26,106,8,42,0,3.2,6.9,9,0,0
26,107,5,32,0,0.7,5.1,6.4,0,0
26,110,8,64,4.5,12.6,1.5,13.8,0,0
26,111,1,3,0.1,0.6,0,0.7,0,0
26,113,1,3,0,0.2,0.2,0.8,0,0
26,114,6,247,3.9,121.9,4.1,10,0,58
26,115,4,1473,262,302.1,48.1,198.9,0,250
26,116,5,541,132,41,5.1,123,0,83
26,117,4,20,4.9,1.1,0,6,0,0
26,118,8,58,2.2,0.8,9,13.9,0,0
26,119,8,49,0.9,10.9,4,4,0,0
26,120,4,9,0.2,1,0.2,2.4,0,0
26,121,2,5,0.1,0.5,0.1,1.4,0,0
26,122,2,8,0.2,0.9,0.2,2.1,0,0
26,123,2,5,0.1,0.5,0.1,1.4,0,0
26,124,2,3,0,0.3,0,1.2,0,0
26,125,1,2,0,0.2,0,0.8,0,0
26,126,2,5,0.1,0.1,0.3,1.6,0,0
23,0,3,6,0.4,0.6,0.2,1.6,0,0
23,1,4,11,0.7,1.1,0.4,2.9,0,0
23,2,4,35,0,8,5.1,3.9,0,0
23,3,6,48,1.1,4.9,2,10,0,0
23,4,4,9,0,0.9,0.5,2.7,0,0
23,5,3,5,0,0.5,0.4,1.5,0,0
23,6,1,1,0,0.1,0.1,0.3,0,0
23,7,1,2,0,0.2,0.1,0.6,0,0
23,8,4,16,0.7,0.4,2,3.2,0,0
23,9,3,18,0.7,0.4,2.3,3.6,0,0
23,10,2,10,0.3,1.1,0.9,2,0,0
23,11,4,24.5,0.9,2.7,2.2,4.9,0,0
23,12,4,12,0.4,1.4,0.6,3.4,0,0
23,13,5,126.5,4,13.1,14.8,24,1,2.9
23,14,1,2,0.1,0,0.1,0.6,0,0
23,15,1,2,0.1,0,0.1,0.6,0,0
23,16,1,1,0,0,0,0.4,0,0
23,17,2,4,0,0.2,0,1.4,0,0
23,18,3,6,0.2,0.4,0,2.8,0,0
23,19,14,35,1,2.4,0,16.2,0,0
23,20,9,78.5,0,4,12.3,12.9,1,0
23,21,2,3,0,0.3,0,1.2,0,0
23,22,9,45,2,4,3,9.9,0,0
23,23,3,17,1,0,1.1,4.3,0,0
23,24,2,3,0.2,0.3,0,0.7,0,0
23,25,1,3,0.2,0.2,0.1,0.7,0,0
23,26,1,4,0.2,0.3,0.1,1,0,0
23,28,1,2,0,0,0,0.7,0,0
23,29,3,8,0,0,0,2.7,0,0
23,32,4,20,0,0,0.4,7.6,0,0
23,33,1,1,0,0,0,0.4,0,0
23,34,5,12,0,0.2,0.4,4.6,0,0
23,35,3,17.5,0,0.4,0.5,6.7,0,0
23,36,1,5,0,0.2,0.2,1.4,0,0
23,37,3,7,0,0.3,0.3,1.8,0,0
23,38,6,15.5,0,2.4,1.6,3.1,0,0
23,39,6,28,0,4.4,3,5.8,0,0
23,40,7,26,1.9,3,0,5.9,0,0
23,41,5,13,0,0.2,0,5.8,0,0
23,43,4,7,0,0,0,3.2,0,0
23,44,2,7,0,0.5,0,2.4,0,0
23,45,11,151.5,0.8,7.2,16.8,35,0,0
23,46,4,38,0,7.1,3.9,4.9,0,0
23,47,4,118,0,14.9,25.1,4.1,0,0
23,48,7,164,5.2,36.9,9,13.9,0,1.2
23,49,7,17.5,0,2.4,1.8,4.6,0,0
23,50,9,485,114.1,67.2,24.8,7.9,0,0
23,51,6,2109,263.9,334,270.2,195,0,402
23,52,6,1741.5,272,192.1,164.9,405,0,139
23,53,11,131.5,9.9,13.9,4.2,27,0,0
23,54,3,722,94.1,198,32.9,84,1,99.9
23,55,4,2002,269.9,406.1,26,190.1,0,367
23,58,2,3,0.1,0.8,0.2,0.3,0,0
23,59,2,7,0.2,1.8,0.4,0.8,0,0
23,60,7,76,2.1,10,10.8,6.1,0,0
23,61,5,12,0.2,1.8,0.7,2.8,0,0
23,62,6,14,0,0,1.5,3.3,0,0
23,63,8,92,3,7.9,8.9,18.1,0,0
23,64,15,113,6,7,8.2,28.1,1.9,0
23,65,6,594.5,22.9,66.1,87.9,73.2,0,26.9
23,66,15,79,0.5,5.7,3.6,21.1,0,0
23,67,14,144,3.1,13.9,17,17.8,0,0
23,68,11,42,1.6,2.3,0.7,11.9,0,0
23,69,2,6.5,0.3,0.3,0.1,1.9,0,0
23,70,3,7,0.1,0.3,0.3,2.4,0,0
23,71,9,48,0.7,1.5,2.4,16.3,0,0
23,72,8,117,2.8,6.9,5.2,46.1,0,6
23,73,1,1,0,0,0,0.4,0,0
23,74,4,13,0,0,0.4,4.6,0,0
23,75,3,10,0,0,0.3,3.5,0,0
23,76,3,6,0,0.8,0.6,1.2,0,0
23,77,1,10,0,1.5,1.1,1.8,0,0
23,78,2,9,0.2,0.7,1.2,0.8,0,0
23,79,14,70,3.1,12.3,4.1,10.7,0,0
23,80,11,39,0,3.9,3.2,9.9,0,0
23,81,9,37,0,1.9,1.1,10,0,0
23,82,5,20,0,2,1.9,5,0,0
23,83,5,17,0,1.7,1.6,4.3,0,0
23,84,12,116.5,0,3.2,12.8,31.1,1,0
23,85,10,50,1.6,4.5,5.9,8,0,0.7
23,87,2,11,0,0.2,0.5,2.7,0,0
23,88,2,6,0.2,0.6,1.2,0.6,0,0.2
23,89,4,6.5,0.1,0.6,1.3,0.7,0,0.1
23,90,9,40,0,3,2.1,8,0,0
23,91,3,10,0,0.6,1,1.8,0,0
23,92,2,4,0.1,0.3,0.4,1.1,0,0
23,93,5,25,0.9,1.6,2.5,6.8,0,0
23,94,4,64,2.1,3.1,15.9,4,0,0
23,95,15,105,5,11.8,19.9,10.3,0,0
23,96,2,4,0.2,0.2,0.8,0.2,0,0
23,97,6,40,1,2.7,8.1,2.7,0,0
23,98,3,12,0.3,0.9,0,3.6,0,0
23,99,8,113.5,1,6.2,28.8,7.1,0,0
23,100,5,62,0,1,13,5,0,0
23,101,7,20.5,1.8,1.1,1.2,4.1,0,0
23,102,6,23,0,1,1.3,7.3,0,0
23,103,2,6,0,0.3,0.3,1.9,0,0
23,104,5,19,0,0.9,0,7,0,0
23,105,3,9,0,0.4,0,3.4,0,0
23,106,1,3,0.2,0.1,0.1,0.9,0,0
23,107,2,11,0.9,0.3,0.3,3.4,0,0
23,108,6,37,0.7,4.8,2.3,7,0,0
23,109,1,1,0,0.1,0.1,0.2,0,0
23,112,1,7,0,0.6,0.6,1.7,0,0
23,113,1,2,0,0.1,0.2,0.5,0,0
23,114,7,34,1.1,4.3,4.4,4.8,0,0
23,115,18,202,1.7,31.8,28.1,20.2,0,0
23,116,4,26,0.6,4.1,1.8,4.7,0,0
23,117,1,2,0.1,0.3,0.1,0.4,0,0
23,118,1,3,0,0.4,0.2,0.6,0,0
23,119,7,33,0,3.8,1.8,7.2,0,0
23,120,2,4,0,0.2,0.2,1.4,0,0
23,121,6,27,0.5,1,1.2,9,0,0
23,122,5,62,1.9,5.1,11.1,10,0,6
23,123,5,37,0,7.1,2,9,0,2
23,124,4,8,0,0.7,0.3,2.5,0,0
23,125,2,4,0,0.3,0.1,1.3,0,0
23,127,2,4,0,0.3,0.1,1.3,0,0
11,0,5,30,3,0,1.1,12.8,0,0
11,1,5,34.5,0.9,1.1,0,13.9,1.1,0
11,2,8,46,3.9,1.8,1,9.2,0,0
11,3,3,14,0.3,0.6,0.7,3.4,0,0
11,4,6,22,0,1,1.6,6.2,0,0
11,5,7,17.5,0,0.9,1.1,5,0,0
11,6,5,23,0.4,0.6,1.1,7.5,0,0
11,7,2,13,0.2,0.3,0.6,4.3,0,0
11,8,6,23,0.8,2.3,1.7,4.4,0,0
11,9,3,49,1.1,2.8,2.2,16.5,0,0
11,10,3,19,0,1.9,2,4.6,0,0
11,11,4,10,0,1,1,2.4,0,0
11,12,5,37.5,0.8,4.5,1.3,11.5,0,0
11,14,3,17,0.6,2,0.8,4.2,0,0
11,15,3,17,0.6,2,0.7,4.2,0,0
11,16,7,39,0.9,1,4,14.2,0,0
11,19,4,20,0.7,4.2,0,4.8,0,0
11,20,7,497.5,50.1,34,22,162,1,27
11,21,11,208,26.6,33.2,22.5,7.7,0,0
11,22,14,215,10.8,15.9,26,43.1,0,0
11,23,1,1,0.1,0.2,0.1,0.1,0,0
11,24,7,36,0,5.1,2.2,9.5,0,0
11,25,6,37.5,1,5,1.1,11.8,0,0
11,26,1,4,0.1,0.1,0.3,1.3,0,0
11,27,4,16,0.5,0.5,1,5.1,0,0
11,28,9,66.5,1.7,1.8,8.2,15.5,0,0
11,29,2,8,0.2,0.3,0.9,1.9,0,0
11,30,4,18,0,1,0.6,6.6,0,0
11,31,9,32,0,1.4,0,12.8,0,0
11,32,6,23,0,1,5.1,6,0,0
11,33,9,28,0.9,2.9,1.4,8.8,0,0
11,34,10,82,2,5.9,3,28.1,0,0
11,35,5,67,1,1.9,11.1,15,0,3
11,36,5,7,0,0.2,0.2,3.3,0,0
11,37,3,9,0.2,0.4,0.2,4,0,0
11,38,10,36,1.1,0,2.5,10.8,0,0
11,39,1,2,0.1,0,0.1,0.6,0,0
11,40,6,24,0,2.4,0.4,7.2,0,0
11,41,2,7,0,0.7,0.1,2.1,0,0
11,42,7,19.5,0,0.7,1.1,7.1,0,0
11,43,1,5,0,0.2,0.3,1.8,0,0
11,44,2,11,0.5,0.6,0.7,1.8,0,0
11,45,2,7,0.3,0.3,0.6,1.1,0,0
11,46,6,16.5,0.6,0.7,1.1,5.3,0,0
11,47,9,62,1,4,9.8,11.1,0,0
11,48,7,30,0.5,2.4,1,7.3,0,0
11,49,3,18,0.3,1.5,0.7,4.3,0,0
11,50,17,104,3.2,9.1,4.8,28.9,0,0
11,51,14,469,9.8,46.8,56.9,101.4,0,12
11,52,18,96.5,7.5,11.9,1.9,30.1,0,0
11,53,14,652.5,23,67.9,67.1,131.1,1,17
11,54,10,448.5,6.1,63,71,38.8,0,0
11,55,6,491,7,81.9,99,42.1,1,22
11,56,8,398,9,43,77.9,44.1,0,0
11,57,16,79,1,9.3,1.9,19,0,0
11,58,9,61,0,4.6,1,18.2,0,0
11,59,1,3,0,0.2,0.1,0.9,0,0
11,60,12,68,0,14.6,3,7.5,0,0
11,61,5,21,0,4.6,1,2.2,0,0
11,62,1,1,0,0.2,0,0.3,0,0
11,63,6,201.5,2,6.1,40,29,0,0
11,64,8,72,0,4,13,9,0,0
11,65,2,8,0.2,0.8,0.4,2.5,0,0
11,66,2,5,0.1,0.2,0,1.4,0,0
11,67,7,24,0.5,0.9,0,6.8,0,0
11,68,1,3,0,0.2,0.2,0.7,0,0
11,69,4,10,0,0.9,0.6,2.4,0,0
11,71,2,4,0,0.4,0.2,1,0,0
11,72,1,2,0,0.1,0.2,0.6,0,0
11,73,1,1,0,0.1,0.1,0.3,0,0
11,74,2,5,0,0.2,0.6,1.4,0,0
11,75,4,16,0,0.7,1.9,4.5,0,0
11,76,3,7,0.1,0,0.4,2.8,0,0
11,77,3,11,0.2,0,0.5,4.4,0,0
11,78,1,2,0,0.2,0,0.9,0,0
11,79,2,5,0,0.5,0,2.3,0,0
11,80,5,10,0,0,0.6,5,0,0
11,81,3,5,0,0,0.3,2.5,0,0
11,82,1,2,0,0,0.2,0.5,0.1,0
11,83,3,10,0,0.2,0.8,2.5,0.3,0
11,84,9,45,0,0.8,1.2,20.1,0,0
11,85,1,1,0,0,0.1,0.4,0,0
11,86,3,10,0,0,0,4.7,0,0
11,87,2,4,0,0,0,1.9,0,0
11,88,3,7,0.3,0.3,0.4,2.5,0,0
11,90,1,2,0,0,0.2,1.1,0,0
11,91,2,3,0,0,0.3,1.7,0,0
11,92,4,13,0,0.3,0.9,5.6,0,0
11,93,1,2,0,0,0.1,0.9,0,0
11,94,4,12,0.2,0.5,1.2,3.4,0,0
11,95,7,28,0.6,1,2.9,7.8,0,0
11,96,7,76,1.2,1.6,12.8,21.7,0,7.3
11,97,1,1,0,0.1,0.2,0.2,0,0.1
11,98,5,23,0,0.6,1.3,7.3,0,0
11,99,1,2,0,0.1,0.1,0.6,0,0
11,100,3,7,0,0.3,0.4,3.1,0,0
11,103,5,18,0,0,0.8,8.5,0,0
11,104,1,1,0,0,0.1,0.3,0,0
11,105,7,33,0.9,2,0,13.1,0,0
11,106,13,309.5,7.1,24.9,28,65,0,18
11,107,17,110.5,1,6.2,19.1,16.9,0,0
11,108,2,2,0,0,0.2,0.8,0,0
11,110,4,17,0,0.6,1.1,6.3,0,0
11,111,2,9,0,0.2,0.6,3.4,0,0
11,112,2,5,0,0.2,0,2.1,0,0
11,113,3,8,0,0.4,0,3.3,0,0
11,114,2,5,0.1,0.2,0.3,1.5,0,0
11,115,9,34,0.9,1.5,1.9,10.4,0,0
11,116,1,3,0,0.1,0.1,1.2,0,0
11,117,6,15,0,0.3,0.7,6,0,0
11,118,4,14,0,0.4,0.9,3.5,0,0
11,119,2,8.5,0,0.2,0.5,2.2,0,0
11,120,5,10,0,0.1,0,3.9,0,0
11,121,1,6,0,0.2,0,2.3,0,0
11,122,1,2,0,0,0,0.8,0,0
11,123,2,6,0,0.1,0,2.3,0,0
11,124,2,3,0,0.1,0.2,0.9,0,0
11,125,3,11,0,0.3,0.8,3.6,0,0
11,127,9,25,0.8,0,0,10.3,0,0
25,0,1,2,0,0.1,0.1,0.6,0,0
25,2,9,129.5,0.9,7,18.1,17.1,0.9,0
25,3,5,27,0,2.9,7,1,0,0
25,6,2,7,0,0.7,0.7,1,0,0
25,9,5,33,0.7,1.7,5.3,6.6,0,2.4
25,10,2,5,0.1,0.3,0.8,1,0,0.3
25,11,1,2,0.1,0.1,0.3,0.4,0,0.1
25,12,1,4,0.1,0.3,0.4,0.7,0,0
25,13,2,4,0.1,0.3,0.4,0.7,0,0
25,14,2,7,0.2,0.5,0.7,1.2,0,0
25,15,1,6,0.2,0.4,0.6,1,0,0
25,16,1,1,0,0.1,0,0.4,0,0
25,17,9,23,0,1.4,0.4,9.1,0,0
25,18,11,108,0.8,3,21,18.2,0.9,0
25,19,2,4,0.2,0,0.2,1,0,0
25,20,7,17,0.7,0.6,1.1,5.1,0,0
25,21,7,18,0.8,0.5,1.3,5.4,0,0
25,22,3,7,0,0.5,0,2.1,0,0
25,23,5,19,0,1.2,0,5.7,0,0
25,24,4,9,0.4,0.5,0,3.2,0,0
25,25,3,11,0.4,0.5,0,4.1,0,0
25,26,2,75.5,0.8,11.3,12,3.1,0,0
25,27,8,103,0,15,16,10.1,0,0
25,28,7,99.5,2.9,2,21.1,8,0,0
25,29,9,53.5,0.8,5.9,9.5,7.8,0.8,0
25,30,5,10.5,0,0.4,0.5,4.2,0,0
25,31,14,88,0,1.7,11.4,18.8,0,0
25,32,8,116,0.8,5.6,15.9,27.6,0,0
25,33,4,8,0,0.2,1.1,1.3,0,0
25,34,7,116,1,8,7.2,39.9,0,1
25,35,12,213.5,17.8,13.2,15,45,0,10.7
25,36,12,49.5,2.9,5,5,9.2,0,0
25,37,3,15,0,0,0.7,7.4,0,0
25,38,4,16,0,0,1.3,3.5,0,0
25,39,4,10,0,0,0.8,2.2,0,0
25,40,2,5,0,0.2,0,2.3,0,0
25,41,2,3,0,0.1,0,1.4,0,0
25,42,5,29,0,5,4.1,3.9,0,0
25,43,5,16,0,0.6,0,6.7,0,0
25,44,1,5,0.1,0.2,0.8,0.7,0,0
25,45,12,147.5,2.9,10,27.3,12.6,0,2
25,46,9,76.5,0.9,8,3.1,15.1,0,0
25,47,8,27,0.5,2.4,2.7,6.3,0,0
25,48,12,73,0,2,16,7.1,0,0
25,49,16,538.5,14,75.1,84.1,25.9,0,1.9
25,50,16,144,3.8,30.1,12.2,16.9,0,0
25,51,17,100,4,13.2,6,16.1,0,0
25,52,13,98.5,4.8,15,9,11,0,0
25,53,7,184.5,5,5.1,7.8,72,2.2,0
25,57,1,1,0,0,0.1,0.2,0,0
25,58,3,16,1.3,2.7,0,2.6,0,0
25,60,4,15,0,2,1.5,2.5,0,0
25,61,2,9,0,1.2,0.9,1.5,0,0
25,62,2,3,0.2,0.3,0.1,0.6,0,0
25,63,8,293,6.5,61.2,21.9,30.3,0,0
25,64,4,418.5,16.1,31.1,45.1,85.8,2,19
25,65,6,686.5,22.1,69.9,35.9,226.1,0,71
25,66,10,72,4,3.1,0,18.9,0,0
25,67,14,94.5,0.8,9.8,2.4,20.2,0.9,0
25,68,10,42,0,5.9,3.1,11,0,0
25,69,14,125,0,3,12.1,32.9,0,0
25,70,8,38.5,0,2.1,2.9,7,0,0
25,71,6,45,0,2,11.1,4.9,0,0
25,72,11,46.5,0.8,0,2.9,18.1,0,0
25,73,5,14,0,0,0.5,4.8,0,0
25,74,6,25,0,0,1,9,0,0
25,75,1,4,0,0,0.2,1.4,0,0
25,77,4,23,0.4,0.4,0.8,8.3,0,0
25,78,12,266.5,1,17.9,22,85.1,2,8.8
25,79,3,7,0,0,0.2,3.4,0,0
25,80,2,6,0,0.1,0.3,2.2,0,0
25,82,5,8,0,0,0.8,2.9,0,0
25,83,5,13,0,0.2,1.1,4.8,0,0
25,84,1,2,0,0,0.1,0.9,0,0
25,85,3,12,0,0.3,0.5,5.4,0,0
25,86,4,15,0,0.6,0.3,4.6,0,0
25,87,2,2,0,0.2,0,0.6,0,0
25,88,2,6,0.1,0.3,0.7,1.8,0,0
25,89,5,15,0.5,0.7,1.8,4.4,0,0
25,90,7,21,0.4,0.8,1.9,7.2,0,0
25,91,7,20,0.3,0.8,1.8,6.9,0,0
25,92,5,12,0.2,1,0.4,4.4,0,0
25,93,4,19,0.5,1.4,0.8,6.8,0,0
25,94,1,2,0,0,0.3,0.5,0,0
25,95,1,5.5,0,0,0.7,1.4,0,0
25,96,8,64,0,12.1,9,3,0,0
25,97,4,8,0,0.4,0.7,2.4,0,0
25,98,10,32,0.7,5.2,1.7,6.4,0,0
25,99,6,62,2.1,5.1,13.8,4,0,0
25,100,9,68,2,10.2,7.9,5.1,0.9,0
25,101,4,7,0.5,0.9,0,2.1,0,0
25,102,2,5,0,0.4,0.4,1.1,0,0
25,103,1,2,0,0.2,0.1,0.5,0,0
25,104,3,3,0,0.3,0,1.2,0,0
25,105,7,51,1.1,1.9,3.9,10,0,0
25,106,3,8,0.1,1.1,0.2,2.1,0,0
25,107,4,17,0.3,2.5,0.4,4.4,0,0
25,108,1,3,0.1,0.4,0.1,0.7,0,0
25,111,2,7,0,1,0,3,0,0
25,112,2,7,0,0.5,0.4,2,0,0
25,113,2,4,0,0.2,0.2,1.2,0,0
25,114,6,41,5,6.1,4,5,0,0
25,115,6,557,111.2,62,56.9,93.9,0,45
25,116,2,1522.5,216,150,53,330,0,63
25,117,1,2,0,0.2,0.5,0.1,0,0
25,118,13,105,0,10.8,17,12.3,0,0
25,119,8,61,2.6,15.9,1.8,10.2,0,0
25,120,5,8,0,0.8,0.2,2.2,0,0
25,121,4,12,0,1.1,0.5,3.2,0,0
25,122,2,4,0,0.3,0.1,1.3,0,0
25,123,5,18,0,1.2,0.8,6,0,0
25,124,2,13,0.2,0.5,0.6,4.4,0,0
25,125,1,3,0.1,0.1,0.1,1,0,0
25,126,2,8,0.1,0.2,0.4,2.7,0,0
25,127,2,5,0.1,0.2,0.2,1.7,0,0
31,0,4,90,0,1.8,17.8,6.6,0,0
31,1,1,1.5,0,0,0.3,0.1,0,0
31,2,4,117,3,7.1,18,13.9,0,0
31,3,3,10,0.4,2,0.8,1.6,0,0
31,4,2,6,0.3,0.3,0.7,0.5,0,0
31,6,1,22,1.5,2.2,2.4,3.2,0,0
31,7,4,267,23.4,20.4,40.3,25.3,0,0
31,8,6,1598,80.1,109,448.1,217.8,6.9,144
31,9,5,1055.5,56,51.1,297,22.9,2,38
31,10,3,6,0.6,1.2,0.3,1.2,0,0
31,11,3,14,1.4,2.8,0.7,2.8,0,0
31,12,5,12,0,0,1.5,4.5,0,0
31,13,8,42,0,0,9.1,8.9,0,0
31,14,3,5,0,0.5,0.4,1.6,0,0
31,15,4,18,0,1.8,1.2,6,0,0
31,16,3,7,0.6,0.8,0,1.7,0,0
31,18,9,941,105.2,106,151.1,35.9,0,1
31,19,5,2320.5,185.8,430.1,371,349,0,283
31,20,8,1650,271,197,170,263,3.1,131
31,21,10,582,15.2,168.9,53,2,0,0
31,22,4,35,3.1,7.8,3.1,0,0,0
31,23,4,19,0,2.1,2.4,3.9,0,0
31,24,8,171.5,3.9,13.1,37.9,7.1,0,0
31,25,5,34,1,0,8.1,3.9,0,3.1
31,26,8,44,2.1,2.4,0.8,10.3,0,0
31,27,13,84,4.8,6.8,5.3,17.9,0,0
31,28,4,14,0,0,0,5,0,0
31,29,5,20,0,0,0,7.1,0,0
31,30,2,6,0,0.2,0,2.1,0,0
31,31,4,23,0,0.7,0,8.2,0,0
31,32,1,5,0,0,0.1,1.3,0.1,0
31,33,2,10.5,0,0,0.3,2.6,0.3,0
31,34,7,41,0.7,1.6,5.2,9.9,0,0
31,35,2,5,0.1,0.1,0.6,1.3,0,0
31,36,4,11,0,0.9,0.3,3,0,0
31,37,7,25.5,1,0,1,10.8,0,0
31,38,4,17,0,1.7,0.4,4.7,0,0
31,39,7,17,0,1.7,0.2,4.9,0,0
31,40,3,8,0,0.3,0.5,2,0,0
31,41,7,40,0,0.7,1.3,12,0,0
31,42,8,453.5,7.1,18.8,65.2,112.9,0,18
31,43,4,39,0.4,2.8,8.8,4,0,0
31,44,1,8,0,0.3,0.3,2.7,0,0
31,45,2,7,0,0.3,0.3,2.2,0,0
31,46,5,12,0.3,0.3,0,5.5,0,0
31,47,11,121.5,1.2,13,21,7.8,0,0
31,48,1,4,0,0.1,0.8,0.7,0,0
31,50,2,5,0,0.3,0.1,1.4,0,0
31,51,4,13,0,0.5,0.5,3.7,0,0
31,52,3,7,0,0.4,0.4,1.7,0,0
31,53,5,19,0,1,1.1,4.6,0,0
31,54,1,2,0,0,0.1,0.7,0,0
31,55,6,15,0,0,0.9,5.1,0,0
31,56,11,46.5,0,0,6,14,0,0
31,57,9,32,0,5.1,1.2,7.8,0,0
31,58,2,5,0,0,1.2,1,0,0
31,59,2,5,0,0.1,1.2,0.9,0,0
31,60,5,15,0,0.5,1,5.2,0,0
31,61,15,56,0.8,3.1,5.3,16.8,0,0
31,62,9,143.5,0,6,20,29.1,0,0
31,63,5,18,0,0,0,7.2,0,0
31,64,5,142.5,2,18,17.9,16,0,0
31,65,16,544.5,17.1,76.9,61.1,76,0,0
31,66,8,486.5,113,36.1,3.9,110.1,2,78
31,67,2,7,0,1.1,0.8,0.9,0,0
31,68,1,1,0,0.1,0.1,0.2,0,0
31,69,7,26,0,0,1.8,9.2,0,0
31,70,3,7,0,0.4,0.4,1.7,0,0
31,71,1,3,0,0.2,0.2,0.7,0,0
31,72,4,7,0,0.3,0.4,2.5,0,0
31,73,6,17,0.3,0.6,0.7,6.2,0,0
31,74,7,15,0,0,0.8,6.9,0,0
31,75,5,12,0,0,0.7,5.6,0,0
31,76,3,8,0,0,0.4,2.6,0,0
31,79,6,13,0,0,0,5.2,0,0
31,80,2,18,0,0,1.2,6.5,0,0
31,81,5,14,0,0,1.2,4.9,0,0
31,82,13,22.5,0.9,0,1.5,11.2,0,0
31,83,6,13,0,0,0.4,4,0,0
31,84,6,12,0,0,1.1,4.9,0,0
31,85,5,19,0,0,1.6,7.9,0,0
31,86,10,41,0,1.8,2.3,12.8,0,0
31,87,4,19,0,0.4,0,7.2,0,0
31,88,1,3,0,0,0.2,1,0,0
31,90,6,21,0,0,1.1,7.3,0,0
31,91,2,8,0,0,0.5,2.7,0,0
31,96,4,16,0.4,0,2.5,3.2,0,0
31,97,10,66.5,0.8,2,11.2,11.1,0,0
31,98,10,147,2,18.1,19,12,0,0
31,99,6,24,0.8,4,3.6,1.6,0,0
31,100,11,100,0.6,16,12.8,12.6,0,0
31,101,4,12,0,2,1.6,1.4,0,0
31,102,1,2,0,0,0.4,0.7,0,0
31,103,1,5,0,0,0.9,1.9,0,0
31,105,2,6,0.1,0.3,1.2,1.1,0,0
31,106,2,5,0,0.5,0.8,0.8,0,0
31,108,2,3,0.1,0.3,0.3,0.6,0,0
31,110,2,5,0,0,0.5,1.9,0,0
31,111,1,5,0,0,0.4,1.9,0,0
31,112,7,72.5,1.9,14,6.1,5.9,0,0
31,113,2,7,0,0,0.4,2,0,0
31,114,5,39,0.7,4.8,3.3,9,0,0
31,115,6,53,0,5.2,11.8,5,0,0
31,116,5,19,1.2,2.1,0.5,3.9,0,0
31,117,10,90.5,0,11.9,19,13.2,0,2
31,118,2,5,0.1,0.8,0.3,1.2,0,0
31,119,4,15,0.2,2.5,0.9,3.5,0,0
31,120,1,2,0,0,0.1,0.7,0,0
31,121,1,4,0,0,0.3,1.3,0,0
31,123,3,7,0,0.2,0.5,2.1,0,0
31,124,7,19,0.9,3.9,1.1,5.3,0,0
31,125,3,6.5,0.1,0.2,0.4,2.6,0,0
31,126,4,27,0.8,1.4,1.4,8.8,0,0
31,127,2,6,0.1,0.4,0.4,1.9,0,0
10,0,3,20,0,1.6,0,7.3,0,0
10,1,1,5,0,0.4,0,1.8,0,0
10,2,10,32,1,3.1,2,9.9,0,0
10,3,3,28,0.6,1.3,1.4,6.7,0,0
10,4,6,25,0,2.9,4.1,3.9,0,0
10,5,2,45.5,1,1,5,14,0,0
10,6,3,7,0.1,0.1,0.4,2.3,0,0
10,7,4,31,0,3.1,1,10,0,0
10,10,5,35,0,3,4,7,0,0
10,12,1,9,0.2,1,0.4,2.8,0,0
10,13,1,5,0.1,0.6,0.2,1.5,0,0
10,14,8,22,1,3,4.2,5.8,0,0
10,15,2,15,0.6,1.9,0.6,3.6,0,0
10,16,1,1,0,0.2,0,0.3,0,0
10,17,2,12,0.4,2.6,0,2.9,0,0
10,20,1,1,0.1,0.2,0.1,0,0,0
10,21,2,4,0.4,0.8,0.2,0.2,0,0
10,22,4,38,3.8,6.8,3.8,5.9,0,0
10,23,11,112,3.9,9,13.1,17.1,0,4.1
10,24,3,13,0,1.8,0.8,3.5,0,0
10,27,2,14,0.4,0.5,0.8,4.5,0,0
10,28,10,73,0,5,7.9,16.2,0,0
10,29,2,6,0.1,0.2,0.7,1.4,0,0
10,30,5,14,0,0.9,0.4,5.1,0,0
10,31,1,1,0,0.1,0,0.4,0,0
10,32,6,42,2.8,1,3.2,10.9,0,0
10,33,7,27,0,1,1.9,9,0,0
10,34,6,25,2.1,2.1,3.9,2.9,0,0
10,35,5,26,2,3.1,0.9,5,0,0
10,36,8,29,0.5,1.2,0.7,13,0,0
10,37,7,34,0.8,1.2,3.1,11.9,0,0
10,38,2,5,0.2,0,0.3,1.5,0,0
10,39,7,75,1,6.1,8.8,13,0,0
10,40,4,9,0,0.9,0.1,2.7,0,0
10,41,5,20,0,2,0.3,6,0,0
10,42,3,7,0,0.2,0.4,2.6,0,0
10,43,1,4,0,0.1,0.2,1.5,0,0
10,45,6,24.5,1.1,1.2,1.7,4,0,0
10,46,1,4,0.1,0.2,0.3,1.3,0,0
10,47,4,9.5,0.3,0.5,0.6,3,0,0
10,48,6,13,0.2,1,0.4,3.3,0,0
10,49,1,1,0,0.1,0,0.3,0,0
10,50,2,14,0.4,1.6,1.7,2.5,0,0
10,51,7,19.5,0.7,2.1,2.2,3.7,0,0
10,52,4,11,1,1.5,0.1,3.4,0,0
10,53,18,310,13.8,46.8,21.1,48,0,0
10,54,11,131,0,29.2,19.7,9,0,0
10,55,19,609.5,12.8,40.9,73,182.1,0,11
10,56,15,481,17.8,79.1,55,56.3,1,8
10,57,9,617,4,70,54.9,142.1,1,29.1
10,58,18,149.5,2.8,18.2,12.8,27,0,0
10,59,9,76,3.9,13.2,3,12.1,0,0
10,60,17,191,1.7,38.2,21.3,15.1,0.7,0
10,61,14,103,4.2,16.1,3,17.9,0,0
10,62,11,61,0,10.1,1.9,16.1,0,0
10,63,2,10,0,1.7,0.3,2.6,0,0
10,64,5,9,0.3,0.9,0.5,2.8,0,0
10,65,8,28,0.8,3.1,1.3,8.6,0,0
10,66,1,4,0.1,0.2,0,1.1,0,0
10,67,4,20,0.3,0.8,0,5.7,0,0
10,68,4,24,0,2,1.6,5.6,0,0
10,70,3,6,0,0.5,0.4,1.4,0,0
10,72,1,2,0,0.1,0.2,0.6,0,0
10,74,2,4,0,0.1,0.5,1.1,0,0
10,77,5,14,0.3,0,0.6,5.7,0,0
10,78,5,36,0,1.5,0,17.9,0,0
10,79,5,7,0,0.7,0,3.3,0,0
10,80,1,5,0,0,0.3,2.5,0,0
10,82,2,6,0,0.1,0.5,1.5,0.2,0
10,83,1,2,0,0,0.2,0.5,0.1,0
10,84,8,33,0,0,1.7,13.5,0,0
10,85,2,5,0,0,0.3,2,0,0
10,86,6,10,0,0,0,4.7,0,0
10,87,2,6,0,0,0,2.8,0,0
10,88,7,57,2.3,2.5,3.2,20.1,0.7,0
10,89,2,7,0.3,0.3,0.4,2.5,0,0
10,90,1,1,0,0,0.1,0.6,0,0
10,91,1,1,0,0,0.1,0.6,0,0
10,92,2,5,0,0.1,0.3,2.2,0,0
10,93,6,14,0,0.3,0.9,6.1,0,0
10,95,4,7,0.1,0.2,0.7,2,0,0
10,97,3,22,0.6,0.7,5,4,0,2.7
10,99,3,12,0,0.3,0.7,3.8,0,0
10,100,1,1,0,0,0.1,0.4,0,0
10,101,3,8.5,0,0.4,0.5,3.7,0,0
10,102,2,3,0,0,0.1,1.4,0,0
10,103,9,51,1,5.9,4.1,8.1,0,0
10,104,3,19,0,0.5,1.6,5.5,0,0
10,107,9,42.5,2,10,3,5,0,0
10,108,7,26,0,0.9,1.8,10.3,0,0
10,110,2,4,0,0.2,0.2,1.4,0,0
10,111,2,2,0,0,0.2,0.8,0,0
10,112,2,3,0,0.2,0,1.2,0,0
10,113,3,10,0,0.5,0,4.1,0,0
10,115,2,3,0.1,0.1,0.2,0.9,0,0
10,116,5,19.5,0,0.4,0.7,7.8,0,0
10,117,12,69,0.9,11.1,6.9,15.3,0,0
10,118,1,2,0,0.1,0.1,0.5,0,0
10,119,2,7,0,0.2,0.4,1.8,0,0
10,120,2,5,0,0.1,0,1.9,0,0
10,121,1,3,0,0.1,0,1.1,0,0
10,122,1,2,0,0,0,0.8,0,0
10,127,2,4,0.2,0,0,1.6,0,0
24,0,3,8,0.2,0.3,0.3,2.4,0,0
24,1,1,5,0.1,0.3,0.1,1.6,0,0
24,2,9,218.5,4.7,36.1,17.1,34,1.1,7
24,3,7,283.5,1,31.9,56.2,20.9,1,0
24,4,1,1,0,0.1,0.1,0.2,0,0
24,6,11,204.5,0,10.2,40.2,18.2,2,10
24,9,4,9,0.3,0.5,1.4,1.8,0,0.5
24,10,3,6,0.3,0.3,0.9,1.2,0,0.3
24,13,1,5,0.2,0.3,0.5,0.8,0,0
24,15,2,4,0.2,0.2,0.4,0.6,0,0
24,16,1,1,0,0.1,0,0.4,0,0
24,17,4,11,0,0.7,0.2,4.3,0,0
24,18,1,3,0.2,0.1,0.1,0.7,0,0
24,19,9,49.5,2.7,1.4,1.9,12.4,0,0
24,20,6,28,1.2,0.8,2,8.4,0,0
24,21,3,6,0.2,0.2,0.4,1.8,0,0
24,22,4,18,0,1.2,0,5.3,0,0
24,23,8,251,7.1,11.2,62,13.8,0,2
24,25,1,4,0.1,0.2,0,1.5,0,0
24,26,1,3,0.1,0.8,0,0.3,0,0
24,27,1,7,0.2,1.9,0,0.6,0,0
24,28,3,9,0.2,0.9,1.6,1.4,0.2,0
24,30,3,11,0,0.3,0.4,4.6,0,0
24,31,4,10,0,0.3,0.4,4.1,0,0
24,32,16,149.5,3.4,4.9,39,13.7,0,3
24,33,4,13,0.1,0.4,1.8,2.1,0,0
24,34,6,16,0.1,0.8,0.3,4.8,0,0
24,35,8,40.5,0.6,1.6,0.7,12.1,0,0
24,36,6,28,1.1,1.7,2.3,6.9,0,0
24,37,3,7.5,0,0,0.2,3.7,0,0
24,38,5,30,0,5,6,3,0,0
24,39,4,14,0,0,1.1,3.1,0,0
24,40,4,10,0,0.5,0,4.5,0,0
24,41,5,23,0,1,0,10.7,0,0
24,42,5,10,0,0.6,0,4.1,0,0
24,44,1,4,0,0.2,0.6,0.6,0,0
24,45,5,14,0.2,0.5,2.3,2.1,0,0
24,46,3,9.5,0.2,0.8,1,2.2,0,0
24,47,2,11.5,0.2,1,1.2,2.6,0,0
24,48,4,197.5,1,3.1,45,11,0,2
24,49,4,64,2.9,1,13.1,2.1,0,3
24,50,12,84,1.1,13.2,5.1,12.7,0,0
24,51,8,40.5,2.7,3.1,4,5,0,0
24,52,6,55,2,7.9,8.1,4,0,0
24,53,7,50,5,5.8,4.2,5,0,0
24,54,2,7,0,0,0.1,2.4,0,0
24,55,4,26,0,0,0.7,8.7,0,0
24,56,1,1,0,0,0.1,0.2,0,0
24,57,8,37,0,2,2.9,7.4,0,0
24,58,4,21,1.6,3.6,0,3.4,0,0
24,59,1,4,0.3,0.7,0,0.7,0,0
24,60,1,6,0,0.8,0.6,1,0,0
24,62,2,8.5,0.5,0.8,0.4,1.9,0,0
24,63,3,15,0.9,1.5,0.6,3.3,0,0
24,64,4,8,0.1,1.3,0.7,1.1,0,0
24,65,3,215.5,2.8,17.5,19.4,64,0,0
24,66,4,251,5,78.1,19,10,0,0
24,67,7,38,2.9,3,4,6.1,0,0
24,68,3,5,0.2,0.3,0.2,1.3,0,0
24,69,8,39,1.1,2.4,1.9,10.5,0,0
24,70,16,140,0.9,10.2,14.1,34.6,0,0
24,71,16,244,6.3,17,28.2,58.7,0,2.6
24,72,16,97,2,11.8,10,26.3,0,0
24,73,3,15,0,0,0.6,5.2,0,0
24,74,4,18,0,0,0.8,6.4,0,0
24,75,8,24,0,1,1.1,10.9,0,0
24,76,2,4,0,0.2,0.2,1.4,0,0
24,77,6,25.5,0.4,0.5,0.9,9.2,0,0
24,78,5,16,0,0,0.7,7.6,0,0
24,79,9,32,0,2,1,9.8,0,0
24,80,2,2,0,0,0,0.8,0,0
24,81,4,15,0,0.5,0.7,5.4,0,0
24,82,5,14,0,0.1,1.3,5,0,0
24,83,4,12,0,0.2,1,4.3,0,0
24,84,3,11,0,0.4,0.6,4.8,0,0
24,85,9,30,0,5,4,7,0,0
24,86,4,11,0,0.5,0.2,3.4,0,0
24,87,5,26,0,1,0.4,8.2,0,0
24,88,7,20,0.6,1.1,2.3,5.9,0,0
24,89,12,41,0,2.3,3.1,17.7,0,0
24,90,6,15,0,0.7,1.3,5.3,0,0
24,91,6,16,0.1,0.6,1.4,5.7,0,0
24,92,7,11,0.2,0.9,0.3,4.1,0,0
24,94,5,27,0,0,3.2,7,0,0
24,95,9,62,0,2.9,10.1,10,0,0
24,96,4,64,0,3,14,7,0,0
24,97,6,21,0,1.3,1.6,6.4,0,0
24,98,7,23,0.3,3.8,1.3,4.6,0,0
24,99,6,264.5,3,60,41.9,11.2,0,5
24,100,7,82,0,1.9,20,2.9,1.2,0
24,101,6,21,1.5,3,0,6,0,0
24,103,1,2,0,0.2,0.1,0.5,0,0
24,104,2,5,0,0.5,0,2.2,0,0
24,105,6,16,0,1.4,0,7.2,0,0
24,106,2,7,0.1,1,0.2,1.8,0,0
24,107,8,17,0.1,2.5,0.7,4.3,0,0
24,108,6,15,0.3,2,0.7,3.6,0,0
24,109,5,22,0.5,2.8,1.1,5.3,0,0
24,110,5,12,0,1.9,0,5,0,0
24,111,1,2,0,0.3,0,0.8,0,0
24,113,4,12,0,0.8,0.6,3.5,0,0
24,114,9,32,1.8,6.1,2,7.2,0,0
24,115,7,189.5,18,20,21,24,0,0
24,116,8,53,0.9,4.2,12.5,3.6,0,0
24,117,17,135,0.8,32.3,10.8,13,0,0
24,119,4,11.5,0.4,3,0.4,1.9,0,0
24,120,5,24,0,2,1.1,6.6,0,0
24,121,6,29,0,4,1.8,5.2,0,0
24,122,9,84,0,33.2,0.9,5.1,0,0
24,123,7,22.5,0,1.6,0.8,7.5,0,0
24,125,2,5,0.1,0.2,0.2,1.7,0,0
24,126,2,3,0,0.1,0.2,1,0,0
24,127,2,6,0.1,0.2,0.3,2,0,0
9,3,4,18,0,0,0.9,8.5,0,0
9,4,1,5,0,0.5,0.3,1.1,0,0
9,5,11,67,4,5,6.2,9.9,0,0
9,6,4,9,0,1,0.5,2.7,0,0
9,7,4,15,0,1.8,0.7,4.4,0,0
9,8,5,25,0,1.8,2,6,0,0
9,9,6,48,0,4.9,3,13,0,0
9,10,7,27,2.4,2.9,3.1,4.8,0,0
9,11,9,57,3.1,8.9,3.9,10,0,0
9,12,6,19,2.6,1.9,1.5,5,0,0
9,13,9,81.5,0,8.1,15,3.9,0,0
9,14,2,10,1,1,1,2.1,0,0.6
9,15,4,29,0,4.1,1.9,7,0,0
9,17,2,14,0.8,2.8,1.5,1,0,0.6
9,18,5,37,1.9,7.1,0.9,7,0,0
9,20,1,14,0.7,0,0,7.4,0,0
9,23,7,62,2,6.1,7.1,12.9,0,0
9,24,5,49.5,0,6.8,3.8,12.5,0,0
9,25,6,86.5,3,5,2.9,37.9,0,0
9,26,2,2,0,0,0,0.8,0,0
9,27,10,38,0,7.1,2.8,8,0,0
9,28,4,23,0,1.4,1,7.2,0,0
9,29,4,12.5,0,0.8,0.5,3.9,0,0
9,30,3,27,2.1,0,3,5.9,0,0
9,31,6,90,2.1,15.9,7.1,10,0,0
9,32,4,14,0,1.4,0.8,2.9,0,0
9,34,2,5,0,0.1,0.2,2,0,0
9,35,3,9,0,0.1,0.4,3.6,0,0
9,36,3,8,0,0.4,0.7,3.1,0,0
9,37,6,17,0,1,1.3,6.8,0,0
9,38,9,33,0,0,3.3,9.9,0,0
9,39,14,292,7.9,29.1,52.1,46.9,0,4
9,40,6,144,3,5.1,17,45,0,0
9,41,6,28,0.7,0.9,1.3,7.7,0,0
9,42,5,21,0,0,0.8,8,0,0
9,46,6,67.5,0,2,3,21,0,0
9,47,2,54,0.9,2.8,4.6,13.7,0,0
9,48,3,35,0,2.6,3.3,8.4,0,0
9,49,1,2,0,0.1,0.2,0.5,0,0
9,50,2,8,0,1.2,0.6,2.6,0,0
9,51,4,17,0,2.5,1.6,5.4,0,0
9,52,5,17.5,0.4,1,1.4,4.2,0,0
9,53,3,7,0.1,0.4,0.6,1.7,0,0
9,54,3,27,0.9,0,0.9,9.3,0,0
9,55,12,118.5,1,15,7.3,23.9,0,0
9,56,13,82,0,8.2,7,22.1,0,0
9,57,10,59,1.4,8.2,2.2,11.8,0,0
9,58,14,301,5.9,10.1,39.8,52.9,0,6
9,59,17,187.5,2.9,28,26,24.1,0,0
9,60,11,140,2.2,14.8,9.1,32.8,0,0
9,61,17,350.5,10.3,37.8,28.9,66.1,2.9,8
9,62,13,259.5,0,32,33.2,46.9,0,14
9,63,12,64,0,8,4,13.8,0,0
9,64,3,9,0.2,0.2,0,2.3,0,0
9,65,5,32,0,1.2,4,6.9,0,0
9,66,11,193.5,4.3,15.8,10.7,50.8,0,0
9,67,3,10,0.3,1.6,0.7,1.4,0,0
9,68,2,4,0,0.2,0,1.4,0,0
9,70,2,4,0.1,0.3,0.3,1.2,0,0
9,71,3,7,0.1,0.7,0.4,2.1,0,0
9,72,2,4,0,0.3,0.4,1.2,0,0
9,73,2,7,0,0.5,0.7,2.1,0,0
9,76,5,11,0,0,0.7,3.7,0.2,0
9,77,3,8,0,0.1,0.5,2.6,0.1,0
9,78,5,14,0,0.1,0.9,4.6,0.2,0
9,79,2,13,0,0.2,0.9,4.2,0.2,0
9,80,1,1,0,0,0.1,0.3,0,0
9,81,2,6,0,0.1,0.5,1.5,0.2,0
9,82,6,21,0,0.3,1.7,5.4,0.6,0
9,83,2,3,0,0,0.3,0.8,0.1,0
9,84,1,4,0,0,0,1.9,0,0
9,86,2,8,0,0.5,0.3,3.8,0,0
9,87,3,17,0,1.1,0.5,8.3,0,0
9,88,4,9,1.2,0,0,3.4,0,0
9,89,1,4,0.6,0,0,1.5,0,0
9,90,1,1,0,0,0.1,0.6,0,0
9,91,3,5,0,0,0.5,2.8,0,0
9,92,1,1,0,0,0.1,0.3,0,0
9,93,11,60,2.2,0.8,0,20,0,0
9,94,3,6,0,0.1,0.4,2.6,0,0
9,95,2,4,0,0.1,0.3,1.7,0,0
9,96,2,3,0,0,0.1,1.4,0,0
9,97,4,13,0,0.3,0.4,5.8,0,0
9,98,2,5,0,0.2,0.5,1.3,0,0
9,99,2,4,0,0.1,0.4,1.1,0,0
9,101,1,4,0,0.1,0.3,1.7,0,0
9,102,5,16,0.2,0,2.4,4.8,0,0
9,103,4,14,0.2,0,2,4.2,0,0
9,104,11,115.5,1,15,27,17.8,0,12
9,106,1,7,0,0.2,0.6,2,0,0
9,107,1,3,0,0.1,0.2,0.9,0,0
9,108,4,9,0.3,0,0.6,3.2,0,0
9,109,6,27,1.1,2,2.9,7,0,0
9,111,3,5,0.3,0.3,0.5,1.2,0,0.5
9,113,1,1,0,0,0.1,0.4,0,0
9,114,1,4,0.2,0,0.4,1.4,0,0
9,115,1,2,0.1,0,0.2,0.7,0,0
9,116,8,91,5,15,9.9,11,0,3
9,117,6,108,4,9.9,12,25.1,0,6.1
9,118,2,8,0,0.5,0.6,2.1,0,0
9,119,2,3,0,0.2,0.3,0.7,0,0
9,120,3,11,0,2.3,0.9,1.8,0,0.6
9,123,3,6,0,0.3,0.3,1.5,0,0
9,124,1,2,0,0.1,0.1,0.6,0,0
9,126,2,4,0,0.1,0.4,1.4,0,0.1
8,0,2,5,0,0,0.2,2.4,0,0
8,5,4,26,0,2.5,1.7,5.9,0,0
8,6,5,23,0,4.9,2.1,4.1,0,0
8,7,14,123,4,12,10.9,24.9,0,0
8,8,3,15,0,1.1,1.1,3.7,0,0
8,9,4,14,0,0.9,1.2,3.4,0,0
8,10,2,5,0.4,0.5,0.6,0.9,0,0
8,11,3,3,0.3,0.3,0.3,0.6,0,0
8,12,4,66,4.9,5,2.1,23.1,0,0
8,13,5,19,2.5,1.9,1.5,5.1,0,0
8,14,6,23,2.3,2.3,2.3,4.8,0,1.3
8,15,1,6,0.6,0.6,0.6,1.3,0,0.3
8,16,2,6,0.3,1.2,0.6,0.5,0,0.3
8,17,9,148,7.8,24.2,9.7,37.7,0,8.3
8,18,1,2,0,0.3,0.4,0.5,0,0
8,19,6,18,0,2.9,3.6,4.3,0,0
8,20,1,1,0.1,0,0,0.5,0,0
8,21,1,4,0.2,0,0,2.1,0,0
8,24,1,2,0,0.3,0.1,0.5,0,0
8,25,14,87,9.8,5.9,6.4,20,0,0
8,26,3,15,0,0,0.5,5.3,0.6,0
8,27,1,11,0,0,0.4,3.9,0.4,0
8,29,3,12,0,0.7,0.5,3.9,0,0
8,31,9,252.5,8.1,19.1,32.8,70,0,6
8,32,8,45.5,0,1.9,18.1,3,0,0
8,33,7,24,0,2.4,1.4,5.1,0,0
8,34,7,21,0,0.4,0.8,8.4,0,0
8,35,5,18,0,0.3,0.8,7.2,0,0
8,36,1,2,0,0.1,0.2,0.8,0,0
8,37,2,9,0,0.5,0.8,3.5,0,0
8,38,4,12,0.8,1.6,0,3.4,0,0
8,39,3,17,1.2,2.3,0,4.7,0,0
8,40,14,64,0,1.9,11,14.2,0,0
8,41,6,19,0.3,0.8,0.9,5.4,0,0
8,42,2,5,0,0,0.2,1.9,0,0
8,44,3,17,1.5,0,0,7.7,0,0
8,45,2,7,0.6,0,0,3.2,0,0
8,46,7,127.5,0.8,5.1,16.1,29,0,0
8,47,3,5,0,0.2,0.5,1.3,0,0
8,48,4,16,0,1.1,1.6,3.8,0,0
8,49,1,1,0,0.1,0.1,0.2,0,0
8,51,5,9,0,1.4,0.9,2.9,0,0
8,52,2,8,0.2,0.4,0.7,1.9,0,0
8,53,1,5,0.1,0.3,0.4,1.2,0,0
8,55,2,2,0,0,0,0.8,0,0
8,56,4,12,0.2,1.6,0.6,2.4,0,0
8,57,1,9,0.2,1.2,0.4,1.8,0,0
8,58,6,24,0,2.1,1.1,5.3,0,0
8,59,4,21,0,1.9,0.9,4.7,0,0
8,60,11,63,2,6.2,2.9,16.1,0,0
8,61,15,161.5,0.8,15.7,8.4,52.2,0,0
8,62,11,111,2.1,11.9,7.1,23.1,0,5.9
8,63,9,56.5,0,7.9,4,12,0,0
8,64,7,38,0.7,1,0,9.7,0,0
8,65,4,28,1.1,3,1.1,7.8,0,0
8,66,12,231.5,3.2,7,29,51,0,0
8,67,3,12,0.3,1.9,0.8,1.7,0,0
8,68,9,66,0.7,6.2,4.9,15,0,0
8,69,5,26,0,0.8,0,9.6,0,0
8,70,3,14,0.4,1.2,0.8,4.2,0,0
8,71,4,9,0.1,0.9,0.5,2.7,0,0
8,72,1,5,0,0.3,0.5,1.5,0,0
8,73,1,4,0,0.3,0.4,1.2,0,0
8,74,2,4,0,0.2,0.4,1.2,0,0
8,75,1,3,0,0.2,0.3,0.9,0,0
8,76,2,6,0,0,0.4,2,0.1,0
8,77,1,5,0,0.1,0.3,1.6,0.1,0
8,78,1,2,0,0,0.1,0.7,0,0
8,83,1,2,0,0,0.2,0.5,0.1,0
8,86,4,8,0,0.5,0.3,3.9,0,0
8,88,2,4,0.6,0,0,1.4,0,0
8,89,3,4,0.5,0,0,1.5,0,0
8,91,3,5,0,0,0.5,2.8,0,0
8,92,2,8,0,0.2,0.4,2.6,0.2,0
8,93,5,34,0,0.8,1.5,11.1,0.9,0
8,95,2,4,0,0.1,0.3,1.7,0,0
8,96,3,9,0,0.1,0.4,4,0,0
8,97,4,7,0,0.1,0.2,3.2,0,0
8,98,2,8,0,0.3,0.9,2.1,0,0
8,99,2,10,0,0.4,1.1,2.6,0,0
8,100,2,5,0,0.2,0.3,2.2,0,0
8,101,2,3,0,0.1,0.2,1.3,0,0
8,102,2,5,0.1,0,0.7,1.5,0,0
8,103,7,22,0.2,0,3.2,6.6,0,0
8,106,1,4,0,0.1,0.3,1.2,0,0
8,107,2,4,0,0.1,0.3,1.2,0,0
8,108,1,4,0.1,0,0.3,1.4,0,0
8,109,4,13,0.5,0,0.9,4.6,0,0
8,110,7,56.5,2.5,1.5,5.4,12.9,0,2.4
8,111,2,3,0.2,0.2,0.3,0.7,0,0.3
8,113,5,15,0.5,0,1.5,5.5,0,0
8,114,1,2,0.1,0,0.2,0.7,0,0
8,115,3,4,0.1,0,0.4,1.5,0,0
8,116,5,14,0,0.9,1.2,4.9,0,0
8,117,4,16,0,1,1.2,5.8,0,0
8,118,1,1,0,0.1,0.1,0.2,0,0
8,119,5,18,0,1.1,1.4,4.7,0,0
8,120,8,78.5,0,10.8,7.4,16.8,0,5.1
8,121,2,9,0,1.9,0.7,1.5,0,0.5
8,122,8,23,0,0.8,1.9,5.8,0,0
8,123,4,20,0,0.8,1.6,4.9,0,0
8,124,2,6,0,0.2,0.4,1.9,0,0
8,125,3,9,0,0.2,0.7,2.9,0,0
8,126,7,93.5,0,8.7,6.5,28.1,0,5.8
8,127,1,2,0,0,0.2,0.7,0,0.1
20,0,7,421,18.1,73,54,25.9,0,6
20,1,6,53,2.8,3.1,4,12,0,0
20,2,7,32,3.9,2.1,1,5,0,0
20,3,7,26,4.1,1.1,1.9,3.9,0,0
20,4,2,5,0.2,0.4,0,1.6,0,0
20,5,6,276,6,14.9,69,15,0,0
20,6,8,189,1.8,6.2,46.9,1.1,1,0
20,7,6,67.5,2.5,6.8,9.7,6.8,0,0
20,8,3,14,0,0,3.1,2.9,0,0
20,9,4,13,0,0,3,2.7,0,0
20,11,1,2,0.1,0,0.3,0.4,0,0
20,13,1,3,0.2,0,0.1,1,0,0
20,14,4,7,0,0.2,0.5,2.8,0,0
20,15,2,3,0,0.1,0.2,1.2,0,0
20,16,3,7,0,0.5,0.9,1.8,0,0
20,17,5,35,1,2,1,11,0,0
20,18,2,3,0.1,0.3,0.5,0.2,0,0
20,19,13,459,19.8,35,77.9,47.1,0,13
20,20,10,43,0,0.9,8.9,8.2,0,0
20,21,2,9,0.7,0.2,0.4,1.6,0,0
20,23,2,4,0.2,0,0.4,1,0,0
20,25,2,6,0,0.4,0.2,2.1,0,0
20,26,1,2,0.1,0.2,0,0.5,0,0
20,28,1,2,0.1,0.2,0.1,0.6,0,0
20,29,3,6,0.3,0.6,0.3,1.8,0,0
20,30,9,66.5,0.6,4.9,14.8,7.7,0,0
20,32,2,3,0,0,0,1.2,0,0
20,33,1,4,0,0,0.1,1.5,0,0
20,34,1,2,0,0.2,0.1,0.5,0,0
20,35,3,11,0,0.9,0.6,2.9,0,0
20,36,3,11,0.3,0.7,0.4,3.3,0,0
20,37,5,10,0.2,0.7,0.3,3,0,0
20,38,4,6,0,0.1,0.5,2.3,0,0
20,39,3,9,0,0.2,0.7,3.4,0,0
20,40,4,16,0.4,0,0,5.5,0,0
20,41,6,14,0.2,0,0,4.9,0,0
20,42,11,98,0,6.1,12,17.1,1.1,0
20,43,8,338,1,9,55,74.1,3,14
20,44,8,57,2,11.2,0.9,4.9,0,0
20,45,5,21,0.5,1.5,1,6.6,0,0
20,46,8,89,1.2,14.8,14.1,5.1,0,0
20,47,9,42,0,1,2,12.1,0,0
20,48,11,65,2,10,7,4.9,0,0
20,49,5,963.5,22.1,247.8,89,20.1,0,18
20,50,8,354,6,53.1,62,19.9,0,0
20,51,4,1629,181,227,186,106,3,106
20,52,6,2167,322.9,241,205.1,226,4,315
20,53,3,3448.5,410,277,175.1,1072.9,12,86
20,54,4,1850,153,613,131,182,0,416
20,55,8,347,28.9,37,36.1,42.9,0,1.1
20,56,3,9,0.3,2.7,0,1.9,0,0
20,57,7,488,7,56,62.9,59,0,63.9
20,58,1,7,0.4,1,0.4,1.2,0,0
20,59,7,28,1.5,4.1,1.6,4.8,0,0
20,60,8,21,0.3,3.4,0.4,4.9,0,0
20,61,5,25,0.4,3.8,0.6,6.1,0,0
20,62,5,29,1.4,2.9,1.4,4.9,0,0
20,63,2,5,0.2,0.5,0.3,0.8,0,0
20,64,3,8,0,0.4,1.2,1.6,0,0.5
20,65,5,24,0,1.3,3.5,5,0,1.7
20,66,6,124,0,5.1,5.2,39.5,0,0
20,67,5,10,0,0.6,0.4,3.6,0,0
20,68,4,24.5,1.1,0,2.9,7,0,0
20,69,2,15,0,0.5,1,4.5,0,0
20,70,3,11,0,0.3,0.8,3.8,0,0
20,71,5,10,0,0.3,0.7,3.4,0,0
20,72,6,18,0,0,0,8.3,0,0
20,73,2,6,0,0,0,2.7,0,0
20,74,2,22,0.2,0.3,0.6,8.1,0,0
20,75,3,11,0.1,0.2,0.3,4,0,0
20,78,2,17,0.3,0.9,1.5,4.9,0,0
20,80,2,6,0.4,0.8,0.6,1.2,0,0
20,81,2,7,0.5,0.9,0.7,1.4,0,0
20,82,7,70.5,2.2,9,10,8.8,0,0
20,83,8,93,0,11.2,13.9,12.9,0,2
20,84,8,26,0,2.6,1.3,7.9,0,0
20,85,4,45,0,1.9,6.1,9,1,0
20,86,3,8,0.4,0.4,0.1,2.3,0,0
20,87,2,13,0.6,0.7,0.3,3.6,0,0
20,88,13,88,4.7,5.1,11,23.2,0,0
20,89,5,12,0.5,0.6,0,4.2,0,0
20,90,5,36,0,2.2,2.4,8.2,0,0
20,91,1,2,0,0.1,0.1,0.5,0,0
20,92,9,47,0,0,6,11,0,0
20,93,9,95,3,8.9,7.2,23.7,0,2.9
20,94,1,3,0.4,0.3,0.4,0.1,0,0
20,96,1,2,0.1,0.2,0.3,0.3,0,0
20,97,3,5,0.4,0.5,0.6,0.6,0,0
20,99,2,6,0.3,0,0.9,1,0,0
20,100,2,5,0.2,0.3,0.4,1.6,0,0
20,101,5,29,1.5,1.6,2.4,9,0,0
20,102,2,37,0,14,5,0,0,12
20,103,4,594,107,58,21.1,107,0,8
20,104,4,853,225,102.1,38.1,109.9,2,4
20,105,7,71.5,1.2,3,10,16.9,0,0
20,106,10,33,0,1.4,3.9,9.9,0,0
20,107,1,5,0.4,0.1,0.1,1.6,0,0
20,108,5,13,0,1.1,0.7,3.9,0,0
20,109,2,8,0,0.6,0.6,2.4,0,0
20,111,6,9,0.7,1.1,0.7,3.8,0,0
20,112,1,11,0,0.9,0.9,2.7,0,0
20,115,3,51,0,6.1,10.9,6,0,4
20,116,1,8,0,0.3,0.4,3,0,0
20,117,3,7,0,0.2,0.4,2.6,0,0
20,118,1,4,0,0.1,0.2,1.5,0,0
20,120,3,8,0.1,0.2,0.3,2.9,0,0
20,121,1,2,0,0.1,0.1,0.7,0,0
20,123,1,6,0.1,0.1,0.3,2.1,0,0
20,124,2,7,0,0.6,0.3,2.2,0,0
20,125,2,10,0,0.8,0.3,3.3,0,0
20,126,1,2,0,0,0,1,0,0
20,127,7,28,0.7,0,0,13.7,0,0
6,0,2,7,0,0,0.3,2.4,0,0
6,1,9,31,0,3.1,0.8,9.1,0,0
6,10,6,22,0.7,1,3.8,4.8,0,0
6,11,2,6,0.2,0.3,1.1,1.2,0,0
6,12,1,3,0.2,0.7,0.3,0.4,0,0
6,13,1,8,0.5,1.7,0.8,1.1,0,0
6,14,5,59,1,5.1,10.9,19.8,0,0
6,15,1,1,0,0.2,0.1,0.2,0,0
6,16,3,16,0,3.5,3.6,3.1,0,1
6,19,4,12,0.3,1.2,0.3,3.5,0,0
6,20,2,9,0.5,0.1,0.3,2.8,0,0
6,21,1,1,0.1,0,0,0.3,0,0
6,22,2,6,0,0.9,0.2,1.5,0,0
6,23,6,23,0,3.7,0.6,5.7,0,0
6,24,2,17,0.6,0.6,1,6.4,0,0
6,27,1,13,0.9,1.2,1.2,2.9,0,0
6,28,7,35.5,1.2,1.5,1.6,12.5,0,0
6,29,5,7,0,0.2,0.5,2.6,0,0
6,31,2,5,0.2,0.4,0.2,1.2,0,0
6,32,5,27,1.6,0,1,6.7,0,0
6,33,1,5,0.3,0,0.2,1.2,0,0
6,34,5,16.5,0.1,1.3,1.6,4,0,0
6,35,7,30,0.4,2.4,2.9,7.3,0,0
6,36,11,79.5,2.7,9.2,4,25.2,0,0
6,37,4,98,3,6,12,28,0,1
6,38,2,6,0,0.2,0.2,2.6,0,0
6,39,5,16,0,0.5,0.6,6.7,0,0
6,40,3,7,0,0.2,0.4,3.3,0,0
6,41,1,4,0,0.1,0.2,1.9,0,0
6,42,3,20,0.6,0,0.8,6.6,0,0
6,43,1,4,0.1,0,0.2,1.3,0,0
6,45,4,24,0,1.8,1.9,7.4,0,0
6,47,2,4,0,0.1,0.1,1.9,0,0
6,48,3,7,0.3,0.3,0.3,2.2,0,0
6,49,1,9,0.3,0.4,0.3,3,0,0
6,50,1,3,0,0.1,0.3,0.9,0,0
6,52,1,1,0,0,0,0.6,0,0
6,53,2,5,0,0,0,3,0,0
6,55,1,4,0,0,0,1.8,0,0
6,58,1,3,0.1,0,0.1,1,0,0
6,60,1,6,0.1,0.4,0.4,1.4,0,0
6,61,2,4,0,0.3,0.3,0.9,0,0
6,63,1,1,0,0.2,0,0.3,0,0
6,64,2,2,0,0.2,0,1.2,0,0
6,65,4,53,0,5,1.9,18.1,0,0
6,66,2,4,0,0.4,0.2,1.2,0,0
6,67,2,5,0,0.5,0.2,1.4,0,0
6,68,4,14,0.2,1.4,0.8,4.6,0,0
6,69,13,177,4,10,12.8,56.1,1,4.9
6,70,6,56,0,6.9,8.1,8,0,0
6,71,9,40,0.8,3.1,3.2,7,0,0
6,72,3,4,0,0.1,0.3,1.2,0,0
6,73,3,8,0.2,0.2,0.4,2.6,0,0
6,74,1,2,0,0.1,0.1,0.6,0,0
6,75,2,7,0.2,0.2,0.3,2.3,0,0
6,76,7,25,0,0.5,3.8,5.9,0,0
6,77,10,72.5,0,4.9,6,21.1,0,0
6,78,3,4,0,0.1,0.5,1.1,0,0
6,79,1,5,0.1,0.1,0.6,1.4,0,0
6,81,3,8,0,0,0.4,3.1,0,0
6,82,3,6,0,0,0.3,2.3,0,0
6,83,2,4,0,0,0.2,1.5,0,0
6,84,2,2,0.2,0,0,0.8,0,0
6,85,2,7,0.3,0,0.2,3,0,0
6,86,1,2,0.1,0,0,0.9,0,0
6,87,1,2,0.1,0,0,0.9,0,0
6,88,7,17,0,0.6,0,7.8,0,0
6,90,1,2,0,0,0.1,0.8,0,0
6,91,1,1,0,0,0,0.4,0,0
6,92,3,11,0,0,0,4,0,0
6,93,4,10,0,0,0,3.6,0,0
6,94,2,6,0,0.1,0,2.1,0,0
6,95,3,14,0,0.1,0,5.1,0,0
6,96,2,8,0,0.2,0.6,1.6,0,0
6,97,7,26,0,0.8,1.7,5.4,0,0
6,98,3,6,0,0,0.6,1.4,0,0
6,99,1,2,0,0,0.2,0.5,0,0
6,100,3,8,0,0.2,0,3.5,0,0
6,101,1,4,0,0.1,0,1.8,0,0
6,102,2,2,0.2,0,0,1,0,0
6,103,2,4,0.2,0,0,2.2,0,0
6,104,1,1,0,0.1,0,0.5,0,0
6,105,2,5,0,0.3,0,2.5,0,0
6,106,9,101.5,2,23,6.1,18.9,0,7.1
6,107,6,102,0,7.1,12.9,26,0,6
6,108,1,2,0.1,0.1,0,0.7,0,0
6,110,1,1,0,0,0,0.4,0,0
6,111,3,6,0.3,0.3,0,2.1,0,0
6,112,3,15,0.6,0,0.4,6.5,0,0
6,113,1,2,0.1,0,0,0.9,0,0
6,115,1,3,0.1,0,0.1,1.3,0,0
6,116,3,8,0.5,0,1,2.4,0,0
6,117,2,3,0.2,0,0.4,0.9,0,0
6,118,1,2,0.1,0,0.3,0.6,0,0
6,120,3,5,0,0.5,0.3,1.7,0,0
6,121,4,14,0,1.6,0.7,4.7,0,0
6,122,3,9,0,1.1,0.5,2.9,0,0
6,123,2,4,0,0.4,0.2,1.4,0,0
6,124,2,2,0,0,0,1,0,0
6,125,3,8,0,0.2,0.2,3.9,0,0
6,126,4,11,0.3,1.1,0.6,3.3,0,0
6,127,1,2,0.1,0.2,0.1,0.6,0,0
47,0,7,23,0.3,0.8,0.5,6.2,0,0
47,1,7,29,0.5,0.9,0.6,7.9,0,0
47,2,8,44,2.8,1.2,0,12,0,0
47,3,6,24,0,0.4,2.1,6.8,0,0
47,4,7,45,0,1.1,2.1,11.9,0,0
47,5,9,49.5,2.8,4.1,2,13.1,0,0
47,6,6,551,29,40.1,112,10,0,3
47,7,10,34,0,0,6.1,8.9,0,0
47,8,9,371,6,26.9,68.8,40.1,1,0
47,9,6,20,0.6,1.2,2.5,2.9,0,0
47,10,6,31.5,0,1.1,6,4.9,0,0
47,11,6,20,0,0.5,0.8,6.4,0,0
47,12,6,12,0,0.7,0.7,4.1,0,0
47,13,3,12,0,0.7,0.7,4.1,0,0
47,14,4,6.5,0.1,0,0.2,2.3,0,0
47,15,7,131,2,17.9,19.1,15,1,0
47,16,9,286.5,2,13.9,59.1,32,2,16.9
47,17,10,28,0.4,0,2.8,8,0,0
47,18,9,48.5,0,2,5,12.2,0,0
47,19,9,168,1,28.2,24,17.8,0,25
47,20,9,28.5,0,2.9,1,7.2,0,0
47,21,6,13.5,0.2,0,0,5.4,0,0
47,22,8,41,0,0,1,12.2,0,0
47,23,10,113.5,0,10.2,23,11.9,0,0
47,24,7,147,0,13,11.1,45,0,6
47,25,6,27,0,0.5,0.7,7.9,0,0
47,26,6,19,0,0,0.8,8.7,0,0
47,27,5,8.5,0,0,0.2,4.1,0,0
47,28,10,54,0,3.8,7,11.1,0,0
47,29,7,55,0,2.2,8.6,8.6,0,0
47,30,3,21,0,1.2,2.2,4.6,0,0
47,31,2,11,0,0.6,1.2,2.3,0,0
47,32,2,6,0,0.2,0,3,0,0
47,33,6,41.5,0,3,8.9,5.1,0,0
47,35,11,111,7.8,6.1,8.9,32.2,0,8.8
47,36,1,4,0,0.2,0,1.1,0,0
47,37,3,12,0,0.6,0.1,3.3,0,0
47,38,3,20,0,0.8,0.4,5.3,0,0
47,39,3,8,0,0.3,0.2,2.2,0,0
47,41,4,23,0.8,0,1,6.3,0,0
47,42,1,2,0,0.1,0.4,0.5,0,0
47,43,2,3,0,0.1,0.6,0.8,0,0
47,44,2,4,0,0.2,0.4,1.2,0,0
47,46,3,32.5,0,0,5.7,4.2,0,0
47,48,5,14.5,0,0,0.7,5.5,0,0
47,49,5,39,0,2.2,3.9,11,0,0
47,50,4,19.5,0,1.1,1.6,5.9,0,0
47,51,5,23,0,1.3,1.9,6.9,0,0
47,52,5,23.5,0.5,0.6,1.9,7.7,0,0
47,53,9,57,0.8,0,5.1,21.1,0,0
47,54,10,45.5,0.8,1,1.9,17.2,0,0
47,55,5,21,0,0.4,1.7,7.6,0,0
47,56,10,44,1,1.8,4,11,0,0
47,57,6,55,0.9,8.1,2.9,13,0,0
47,58,3,5,0,0,0.3,2,0,0
47,59,4,17,0,0.3,0.9,6.7,0,0
47,60,4,14,0,0.2,1.9,4,0,0.5
47,61,7,78,2,1.6,10.2,21.6,0,1.5
47,62,6,18,0,0.9,0.4,7.2,0.5,0
47,65,1,1,0,0,0,0.5,0,0
47,66,2,7,0,0.2,0,3.3,0,0
47,67,5,16,0,0.5,0,7.5,0,0
47,68,1,6,0.3,0.3,0.3,2.2,0,0
47,69,7,48,1.3,4,6.7,15.8,0,0
47,70,8,27,0,2.2,0,9.7,0,0
47,71,2,15,0,0,0.3,4.4,0,0
47,72,3,7,0.1,0.2,0.2,3.2,0,0
47,73,5,10,0.2,0.3,0.3,4.5,0,0
47,74,8,28,0,0,1.9,12.1,0,0
47,75,5,13,0,0,1.3,4.4,0,0
47,76,3,5,0,0.2,0.3,1.8,0,0
47,77,5,21,0.6,0.6,0.8,7.8,0,0
47,78,8,32,0,3.1,1.2,7.9,0,0
47,79,5,20,0.5,1.6,0.7,4.8,0,0
47,80,3,10,0.2,0.4,0.4,2.4,0,0
47,81,8,30,0,0.8,1.2,9,0,0
47,82,9,33,2.1,1.2,2.8,8,0,0
47,83,12,154,7,22.1,22,36,0,9
47,84,4,14,0,0,0.5,5.9,0,0
47,85,1,2,0,0,0.1,0.8,0,0
47,86,2,6,0.1,0,0.1,2.3,0,0
47,87,1,8,0.2,0,0.2,3,0,0
47,88,1,2,0,0.1,0.1,0.7,0,0
47,89,3,9,0,0.4,0.5,3.1,0,0
47,90,8,25,0,2.5,0.5,7,0,0
47,91,1,3,0,0.3,0.1,0.8,0,0
47,92,1,2,0,0.2,0.1,0.4,0,0
47,94,2,5,0.2,0.3,0.4,1.8,0,0
47,95,4,26,0,1,2.9,7,0,0
47,96,5,14,0,0.5,0.8,7,0,0
47,97,5,10,0,0.3,0.6,5,0,0
47,98,1,1,0,0.1,0.1,0.2,0,0
47,99,1,5,0,0.5,0.4,1,0,0
47,100,2,9,0,0.2,0.5,2.9,0,0
47,101,3,10,0,0.1,0.6,3.3,0,0
47,102,9,32,0.6,1,2,13.5,0,0
47,103,4,9,0.2,0.3,0.6,3.7,0,0
47,104,1,8,0,0.4,0.2,2.9,0,0
47,105,2,2,0,0,0,0.8,0,0
47,107,1,1,0,0.2,0.1,0.2,0,0
47,108,2,8,0,0,0,2.9,0,0
47,110,1,3,0.1,0.1,0.1,1,0.1,0
47,111,3,10,0.2,0.2,0.4,3.5,0.3,0
47,113,2,8,0,0.3,0,3.2,0,0
47,115,6,70,1.9,4,13.1,9.9,0,0
47,116,13,186.5,2.9,15.2,19.8,30.1,0,0
47,117,2,13.5,0.1,1.7,1.6,2.9,0,0
47,118,13,289.5,21.8,32,29.1,43,0,0
47,119,11,231.5,22.1,34.9,8.7,41.2,0,0.9
47,120,9,244,5.9,13.1,5,86,0,13.1
47,121,10,141,17,0,2,49,0,20.1
47,122,7,28.5,0.4,0.8,0,10.4,0,0
47,123,6,389.5,183.9,11,6,20.1,0,171.1
47,124,10,209.5,12.7,23.3,22.1,31.9,0,0
47,125,3,17,0,2.1,0.4,3.7,0,0
47,126,1,4,0,0.3,0.4,1.1,0,0
47,127,1,6,0,0.5,0.5,1.6,0,0
5,0,3,4,0,0.1,0.4,1.2,0,0
5,1,2,11,0,0.5,0.9,3.5,0,0
5,2,2,4,0,0.2,0.4,1.2,0,0
5,3,1,3,0,0.1,0.2,1,0,0
5,8,1,1,0,0,0.1,0.4,0,0
5,11,3,12,0,0.5,1,4.7,0,0
5,12,6,33,0.9,3.1,3.1,5.9,0,0
5,13,5,24,0,2.7,2.7,6.9,0,0
5,14,11,100,7.9,15,17.1,5.9,0,4.8
5,16,2,23,0.7,2.3,3.7,3,0,0
5,18,2,7,0,0.3,0.1,2.5,0,0
5,19,4,35,0,1,2,10,0,0
5,20,5,24,0,2.4,2.4,5.9,0,0
5,21,1,5,0,0.5,0.5,1.2,0,0
5,22,4,15,0.8,1.3,1.4,4.5,0,0
5,23,3,7,0.4,0.6,0.7,2.1,0,0
5,24,1,4,0.1,0.2,0.2,1.5,0,0
5,25,4,14,0.5,0.6,0.7,5.2,0,0
5,26,6,15,0.1,0.7,0.8,5.1,0,0
5,27,2,4,0,0.2,0.2,1.4,0,0
5,28,5,10,0,0.2,0.8,3.3,0,0
5,29,6,27,0,3.9,0,10,0,0
5,30,6,34,0,2.9,2.1,9,0,0
5,31,5,23,0.7,0.7,1.4,7.4,0,0
5,32,1,7,0.2,0,0.6,2.4,0,0
5,33,1,1,0,0,0.1,0.4,0,0
5,34,9,23,0,0.3,0.9,11.3,0,0
5,35,7,24,1.9,2.2,2.3,7.8,0,0
5,36,6,29,0,0.7,1.4,8.7,0,0
5,37,2,6,0,0.1,0.3,1.8,0,0
5,38,2,16,0,0,1,6.6,0,0
5,40,2,6,0,0.2,0.2,2,0,0
5,41,4,11,0.1,0.5,0.1,3.7,0,0
5,43,3,8,0.2,0,0.4,2.6,0,0
5,44,2,5,0,0,0,2.1,0,0
5,45,1,2,0,0,0,0.9,0,0
5,46,2,6,0,0,0,2.6,0,0
5,52,2,4,0,0,0,2.4,0,0
5,53,5,17,0,0,0,10.1,0,0
5,54,5,32,0,1,1,14,0,0
5,55,5,64.5,0.8,0,11,17.1,0,0
5,56,2,6,0.2,0.3,0,2.5,0,0
5,57,4,12,0.4,0.6,0,5,0,0
5,58,4,23,0.8,0,0.5,8.1,0,0
5,59,3,21,2,1,1,8,0,0
5,60,3,5,0.3,0.5,0,2.2,0,0
5,65,9,83.5,2,3.7,8.3,30,0,0
5,66,1,2,0,0.2,0,1.3,0,0
5,67,1,1,0,0.1,0,0.6,0,0
5,68,2,4,0,0.2,0.2,1.6,0,0
5,69,2,6,0,0.2,0.4,2.3,0,0
5,70,4,8,0,0.3,0.5,3.1,0,0
5,71,1,4,0,0.1,0.3,1.5,0,0
5,73,2,7,0.1,0.3,0.3,2.2,0,0
5,74,1,4,0,0.1,0,1.3,0,0
5,75,3,17,0,0.3,0,5.9,0,0
5,76,3,5,0,0.2,0.3,2,0,0
5,77,1,3,0,0.1,0.3,1.2,0,0
5,79,2,6,0.1,0.2,0.8,1.6,0,0
5,80,4,12,0,0,0,5.8,0,0
5,81,2,3,0,0,0,1.5,0,0
5,82,2,7,0,0.1,0.3,2.8,0,0
5,83,5,11,0,0.1,0.6,4.4,0,0
5,84,2,19,0.4,0.8,1.1,6.2,0,0
5,85,2,5,0,0.2,0.3,1.7,0,0
5,86,1,4,0.2,0,0.1,1.7,0,0
5,87,1,3,0.1,0,0.1,1.3,0,0
5,88,3,14,0,0.3,0.5,5,0,0
5,89,4,8,0,0.1,0.3,2.8,0,0
5,90,3,9,0,0.2,0.3,3.5,0,0
5,91,2,7,0,0.2,0.2,2.7,0,0
5,92,1,2,0,0,0,0.7,0,0
5,93,1,8,0,0.1,0,2.8,0,0
5,94,2,6,0,0.1,0,2.1,0,0
5,96,2,9,0,0,1,2.1,0,0
5,97,1,2,0,0,0.2,0.5,0,0
5,98,4,45,0.8,0,3.3,17.2,0,3.3
5,99,3,9,0.1,0,0.6,3.5,0,0.6
5,100,5,11,0,0,0,5.4,0,0
5,101,1,4,0,0,0,1.9,0,0
5,102,2,4,0.2,0,0,2.1,0,0
5,105,5,9,0,0.6,0,4.5,0,0
5,106,10,44,0,4.4,3.5,9.7,0,0
5,107,11,80,2.2,2.2,13.8,17.6,0,0
5,110,2,5,0.2,0.5,0,1.6,0,0
5,111,9,46.5,1.8,4.7,0,14.8,0,0
5,112,5,8,0.5,0,0,3.5,0,0
5,115,2,3,0.2,0,0,1.3,0,0
5,117,2,5,0.3,0,0.7,1.5,0,0
5,118,4,9,0.4,0.9,0.5,2.8,0,0
5,119,9,25.5,1.2,2.4,1.6,8,0,0
5,120,7,114,0,20.2,19.8,6.9,1.1,5
5,121,2,7,0.4,0.2,0.7,2.2,0,0
5,122,3,9,0,1.1,0,2.3,0,0
5,123,5,15,0,1.9,0,3.9,0,0
5,125,2,7,0,0,0,2.1,0,0
5,126,2,6,0,0,0,1.8,0,0
5,127,3,8,0,0,0,2.4,0,0
32,0,6,125.5,3,29.8,5.1,6,0,0
32,1,5,35.5,0.9,3.1,5,2,0,0
32,2,5,171,1,31,19,11,0,0
32,3,3,18,0.4,2.9,1.8,1.4,0,0
32,4,7,269.5,7.2,31,44,27.8,0,0
32,5,6,414.5,18,65,42,36,0,0
32,6,8,286,17,13,42.1,32.9,0,0
32,7,7,374.5,7,70.9,41,9,0,0
32,8,4,1174,56,196.9,117,103,0,0
32,9,5,347,29,54,31.1,25,0,3
32,10,3,7,0.3,1.1,0.4,1.4,0,0
32,11,8,30,1.2,4.6,1.9,6.2,0,0
32,12,1,5,0.1,0.2,0.4,1.4,0,0
32,13,2,4,0.1,0.1,0.3,1.2,0,0
32,15,2,5,0.2,0,0.3,1.2,0,0
32,16,6,22,1.1,0.4,2.2,5.1,0,0
32,17,2,5,0.3,0,0.5,1.2,0,0
32,18,6,189,11,15,46.6,6.8,0,0
32,19,5,1082.5,179.9,69,100.1,148.9,6.1,87
32,20,5,421.5,3,1,123.9,22.1,0,7
32,21,7,185.5,8.4,35,23.5,11.2,0,0
32,22,4,14,0.9,1.3,0.5,4.2,0,0
32,23,4,11,0.6,1.1,0.4,3.3,0,0
32,24,2,4,0,0.4,0.4,1.2,0,0
32,25,7,599,19,46.8,124.2,45.9,1,9
32,26,12,421.5,11.9,35.8,62.1,62,1,3
32,27,6,16,0.4,0,0.7,5.1,0,0
32,28,2,6,0,0.2,0.2,2.8,0,0
32,29,9,54.5,0,0.8,8,12.1,1.1,0
32,30,13,72,1,2.4,9.4,23.4,0,0
32,31,5,10,0,0.5,1.3,3.2,0,0
32,32,5,14,0,0.8,0.5,4.3,0,0
32,33,3,8,0,0.6,0.2,2.4,0,0
32,34,9,25,1.4,0,0.5,7,0,0
32,35,6,36.5,0,0,1,16.1,0,0
32,36,11,44,2,4,0,11.9,0,0
32,37,6,18,0.9,1.3,0,5,0,0
32,38,11,34,0,3.8,1.1,10.1,0,0
32,39,10,73.5,0,1.7,18.2,7.1,0,0
32,40,5,21,0,0.4,0.6,6.5,0,0
32,41,7,18,0,1.9,2.1,8.1,0,0
32,42,10,487,22.1,58.1,64,76.9,1,29
32,43,8,289.5,1,12.2,32.9,82.8,1,4
32,44,5,17,0.4,0,0.7,5.4,0,0
32,45,8,28,1,1.2,0,9,0,0
32,46,7,36,0,4.2,1.4,8.5,0.7,0
32,47,13,796,44.2,61.1,34.2,203.8,1,8
32,48,9,44,0,4.3,0.9,10.7,0,0
32,49,4,11,0.3,0,1.4,2.7,0,0
32,50,3,6,0,0.2,0.5,1.9,0,0
32,51,6,16,0,0.7,1.4,5,0,0
32,52,4,17,0,2,1.4,3.6,0,0
32,53,9,39,1.8,2.1,0,10,0,0
32,54,7,13,0,0.5,0.8,4.4,0,0
32,55,7,20,0,0.5,1.2,6.9,0,0
32,56,13,395.5,4,35.2,64.1,34.9,0,0
32,57,4,28,0,2.8,3,5.9,0,0
32,58,8,36,0,0,2.1,10.8,0,0
32,59,11,64.5,0,4,11.1,10.8,0,0
32,60,12,54,0,9,5.8,6.9,0,0
32,61,6,28,0.4,2.8,1.5,4.9,0,0
32,62,7,33,0.4,0.5,1.3,9.1,0,0
32,63,11,31,0,0,1.2,13,0,0
32,64,3,8,0.1,0.8,0,2.3,0,0
32,65,12,85,0,17.8,1.2,15,0,0
32,66,7,30,0.5,0.6,0,10.5,0,0
32,67,2,8,0.1,0.2,0,2.8,0,0
32,68,4,16,0.4,0.2,2.3,3,0,0
32,69,7,64,1.5,0.9,8.9,11.9,0,0
32,70,5,22,0,0,0,7.1,0,0
32,71,5,12,0,0,0,3.7,0,0
32,72,3,6,0,0.2,0.2,2.2,0,0
32,74,4,31,0,0.7,0.8,12.7,0,0
32,75,13,87,1.6,1.1,8.2,25.2,0,3
32,76,7,16,0,0,1.3,5.7,0,0
32,77,4,11,0,0,0.9,3.9,0,0
32,78,3,12,0,0,0.7,5.8,0,0
32,79,9,71,0,4,13.2,7.9,0,0
32,80,14,237.5,1,25.9,27.9,72.1,0,19.9
32,81,3,12,0,0,1,3.3,0,0
32,82,3,6,0,0.2,0.2,2.2,0,0
32,83,2,5,0,0.2,0.2,1.8,0,0
32,84,2,4,0.2,0,0.4,1.2,0,0
32,85,2,10,0.5,0,1.3,2.8,0,0
32,86,9,29,0,0,1.1,10.1,0,0
32,88,2,5,0,0,0.5,1.5,0,0
32,89,2,9,0,0,0.7,2.9,0,0
32,90,1,7,0,0.3,0.3,2.3,0,0
32,91,5,30.5,0,1.3,1.3,9.8,0,0
32,92,6,42.5,0,3,7.1,5.9,0,0
32,93,1,1,0,0.1,0.1,0.2,0,0
32,94,1,1,0,0,0.1,0.2,0,0
32,95,4,20,0,0.9,1.1,4.4,0,0
32,96,5,22,1,3,0.6,6.6,0,0
32,97,3,7,0.3,1,0.1,2.1,0,0
32,98,7,60,1.7,5.5,4.4,12,0,0
32,100,4,56,0,4.9,13.1,6,0,0
32,101,11,107,0,24.2,12.9,9,0.7,0
32,103,3,7,0.2,0,0.3,2.1,0,0
32,105,5,17,0,0.4,3.3,4.7,0,0
32,106,4,14,0,0.2,2.7,4,0,0
32,107,1,5,0,0.1,0.9,1.4,0,0
32,108,4,14,0,1.4,1,2.9,0,0
32,109,2,6,0,0.6,0.5,1.2,0,0
32,111,5,21,0,2.2,1.5,4.3,0,0
32,112,5,15.5,0.9,0.6,0,4.8,0,0
32,113,1,5,0.3,0.2,0,1.6,0,0
32,114,2,3,0.1,0.2,0.1,0.9,0,0
32,115,10,35,1,2,1.5,10.5,0,0
32,116,3,13,0,1.9,1.3,1.8,0,0
32,117,6,33,1,3,4,9.9,0,0
32,118,1,3,0,0.1,0.1,1.4,0,0
32,119,2,5,0,0.2,0.2,2.3,0,0
32,121,1,2,0.1,0.2,0.1,0.5,0,0
32,122,1,2,0.1,0.2,0.1,0.5,0,0
32,124,11,144,3,20.8,26.1,10.1,0,5
32,125,10,578.5,19.9,87.1,34.1,167.9,1,33
32,126,12,216.5,30.1,24.9,8.1,49.8,0,0
32,127,3,5,0,0.5,0.5,1,0,0
7,0,5,25,0,0,0.9,8.5,0,0
7,5,1,1,0,0,0.2,0.3,0,0
7,6,1,2,0,0,0.3,0.5,0.1,0
7,7,2,10,0,0,1.4,2.9,0.3,0
7,8,5,30,0.9,4.3,3.6,6.2,0,0
7,9,1,4,0.1,0.6,0.5,0.8,0,0
7,10,8,44,1,2,6,8.9,0,0
7,12,5,25.5,0,2.1,1,8,0,0
7,13,3,18,1.3,3.7,1.8,2.5,0,0
7,14,6,30,1,4.8,2,5.8,0,0
7,16,6,37,0,3,7,4.1,0,0
7,17,3,15.5,0,3.4,3.4,3,0,1
7,18,3,8.5,0.2,0.9,0.3,2.4,0,0
7,19,3,11,0.2,1.1,0.4,3.2,0,0
7,20,1,2,0.1,0,0.1,0.6,0,0
7,21,4,46,2.5,0.8,1.6,14.2,0,0
7,22,2,14,0,2.3,0.3,3.5,0,0
7,23,3,8,0,1.3,0.1,2,0,0
7,25,1,3,0.1,0.1,0.2,1.1,0,0
7,26,3,23,1.7,2,2,5.2,0,0
7,27,2,8,0.6,0.7,0.7,1.8,0,0
7,28,2,4,0,0.2,0.2,1.4,0,0
7,30,1,7,0.3,0.5,0.3,1.6,0,0
7,31,7,39.5,1.4,3.1,1.6,9.3,0,0
7,32,10,51,1,4,6.1,7.1,0,0
7,33,8,42,0,1.9,7,8.1,0,0
7,34,3,6,0.1,0.5,0.6,1.4,0,0
7,35,4,12,0.1,1,1.2,2.9,0,0
7,36,3,6,0.3,0.3,0.9,1.5,0,0
7,37,8,31,0.9,1.4,5.2,8.3,0,0
7,39,3,9,0,0.3,0.3,3.8,0,0
7,40,2,7,0,0.3,0.3,3.3,0,0
7,41,2,7,0,0.2,0.3,3.4,0,0
7,42,2,6,0.2,0,0.3,1.9,0,0
7,44,3,12,0,1,1,3.6,0,0
7,45,1,3,0,0.2,0.3,0.9,0,0
7,46,7,28,0,0.6,1.3,12.7,0,0
7,47,4,12,0,0.3,0.5,5.5,0,0
7,48,5,20.5,0.7,1,0.7,6.6,0,0
7,49,3,7,0.2,0.4,0.2,2.2,0,0
7,50,5,16,0.1,0.4,1.6,4.8,0,0
7,51,4,46,0.5,0.8,4.2,14.2,0,0
7,55,8,23,0,0,0,10.1,0,0
7,58,3,11,0.4,0,0.2,3.9,0,0
7,59,2,5,0.1,0,0.1,1.8,0,0
7,60,4,18,0.1,1.1,1.4,4.3,0,0
7,61,9,82,0.7,5.2,6,19.4,0,0
7,62,8,38,0.6,6.1,0.9,11.7,0,0
7,63,2,18,0.3,2.9,0.3,5.6,0,0
7,64,2,7,0,0.6,0,4.6,0,0
7,65,2,3,0,0.3,0,1.9,0,0
7,66,11,80,0.8,8,4.2,21.7,0,0
7,67,3,8,0,0.8,0.4,2.2,0,0
7,68,13,98.5,1.8,9.8,4.4,33.2,0,0
7,69,13,208.5,6,29.7,9.3,67.9,0,17
7,70,7,412,5.1,41.1,51.9,96.9,0,20
7,71,9,24,0.8,1.3,0,9,0,0
7,73,2,5,0.1,0.1,0.3,1.6,0,0
7,74,2,7,0.2,0.2,0.3,2.3,0,0
7,75,1,2,0,0.1,0.1,0.6,0,0
7,76,2,7,0,0.2,1,1.7,0,0
7,77,1,2,0,0,0.3,0.5,0,0
7,78,1,2,0,0.1,0.3,0.5,0,0
7,79,2,7,0.1,0.2,0.9,1.9,0,0
7,80,1,4,0,0,0.3,1.5,0,0
7,81,1,1,0,0,0,0.4,0,0
7,82,2,4,0,0,0.2,1.5,0,0
7,83,1,2,0,0,0.1,0.8,0,0
7,84,3,7,0.4,0,0.1,3,0,0
7,85,1,2,0.1,0,0,0.9,0,0
7,86,3,6,0.3,0,0,2.7,0,0
7,87,2,4,0.2,0,0,1.8,0,0
7,88,6,18,0,0.6,0,8.2,0,0
7,92,2,5,0,0.1,0,1.8,0,0
7,95,1,2,0,0,0,0.7,0,0
7,97,2,8,0,0.2,0.6,1.6,0,0
7,98,1,2,0,0,0.2,0.5,0,0
7,99,2,7,0,0,0.8,1.6,0,0
7,100,2,5,0,0.1,0,2.3,0,0
7,101,6,13,0,0.2,0,5.9,0,0
7,102,3,6,0.3,0,0,3.2,0,0
7,103,2,3,0.2,0,0,1.6,0,0
7,104,1,4,0,0.3,0,2,0,0
7,105,3,6,0,0.3,0,3,0,0
7,106,11,69,0.9,13.4,4.6,12.4,0,0
7,107,3,4,0,0.8,0.3,0.8,0,0
7,109,2,5,0.2,0.2,0,1.8,0,0
7,111,1,2,0.1,0.1,0,0.7,0,0
7,112,1,6,0.3,0,0.1,2.6,0,0
7,113,1,2,0.1,0,0,0.9,0,0
7,116,2,5,0.3,0,0.7,1.5,0,0
7,117,1,2,0.1,0,0.3,0.6,0,0
7,118,3,5,0.3,0,0.7,1.5,0,0
7,119,2,5,0.3,0,0.7,1.5,0,0
7,121,4,9.5,0,1.1,0.6,3.1,0,0
7,125,8,23,0,0.5,0.7,11.2,0,0
7,126,9,57.5,0.9,5.4,3.2,17.8,0,0
7,127,1,3,0,0.3,0.2,0.9,0,0
33,0,7,836,21,140,133.9,24,1,5
33,1,13,339.5,3,58.9,49,16.1,0,0
33,2,6,200.5,0.9,6,51.1,8,0,4
33,3,11,80.5,2.4,13.2,8.1,5.7,0,0
33,4,4,320.5,10.1,50.9,41.9,25,0,9
33,5,13,301.5,10,26.2,52.7,22.1,0,0
33,6,4,15,0.3,0.6,1.4,3.7,0,0
33,7,5,18,0.4,0.6,1.7,4.4,0,0
33,8,7,387.5,10,43.9,88.1,10.8,0,42
33,9,10,490,8,60.2,79,34.8,0,4.1
33,10,3,10,0.4,1.5,0.6,2.1,0,0
33,11,8,44,0,5,1,10,0,0
33,13,6,26,0.6,0.9,2.2,7.5,0,0
33,14,2,12,0.5,0.2,0.6,2.9,0,0
33,15,2,4,0.2,0,0.2,1,0,0
33,17,3,7,0.5,0,0.7,1.6,0,0
33,18,1,3,0.4,0.3,0.2,0.2,0,0
33,19,4,25.5,3.6,2.6,1.3,2.1,0,0
33,20,4,14,1,2.1,1.2,1.3,0,0
33,21,1,6,0.5,0.9,0.5,0.5,0,0
33,22,3,8,0.5,0.8,0.2,2.4,0,0
33,23,8,160,4,24,22.1,18.9,0,10
33,24,13,99.5,1.9,15.3,14.2,13.7,0,0
33,25,10,44,1,3.7,3.8,12.8,0,0
33,26,11,45,0,3.1,1.8,12.1,0,0
33,27,4,15,0.4,0,0.5,4.9,0,0
33,28,9,25,0,0,0.7,11.3,0,0
33,29,7,18,0,0.6,0.7,8.3,0,0
33,30,10,261,2.8,4.1,12,110.2,0,0
33,31,1,1,0,0.1,0.1,0.3,0,0
33,32,1,4,0,0.3,0.1,1.2,0,0
33,33,2,6,0,0.4,0.2,1.8,0,0
33,34,4,14,0.8,0,0.3,3.9,0,0
33,35,7,58,0,1,13,7,0,0
33,36,9,397,19.1,28.9,45,80.1,0,17.1
33,37,6,41,2.5,2.9,0,11.3,0,0
33,38,6,77,0.9,3.1,7.1,16,0,0
33,39,5,106,2,4.9,28.1,14.1,0,17
33,40,7,18,0,0.4,0.7,5.4,0,0
33,41,4,14.5,0,0.2,0.5,4.6,0,0
33,42,15,326,2,22.8,57.8,21.3,0,0
33,43,9,113,3.1,9.8,12.1,24.1,0,0
33,44,2,9,0.3,0,0.3,2.9,0,0
33,45,2,5,0.2,0,0.2,1.6,0,0
33,46,5,15,0,1.7,0.6,3.5,0.3,0
33,47,10,225.5,73.9,1.8,1,36.1,0,0
33,48,6,23,0.4,0,3.1,5.6,0,0
33,49,3,4,0,0,0.5,1.1,0,0
33,50,6,16,0,0.7,1.3,5.1,0,0
33,51,2,2,0,0,0.2,0.6,0,0
33,52,13,137,0.8,5,24.1,19,0,0
33,53,8,24,0,2.8,2,5.1,0,0
33,54,5,20,0,0.4,1.4,6.8,0,0
33,55,3,8,0,0.3,0.4,2.8,0,0
33,56,12,278,5.2,24,18.8,92.1,0,10
33,57,5,20,0,2,2.1,4.2,0,0
33,58,3,33,0,0.7,5.3,4.6,0,0
33,59,6,16.5,0,0.2,2.6,2.4,0,0
33,60,5,24.5,0.5,2.4,1.4,4.1,0,0
33,61,10,96,0.9,6.3,13.9,14.8,0,4
33,62,14,82,1,3.8,7.2,19.3,0,0
33,63,8,25.5,0.4,0.6,0.7,7,0,0
33,64,8,35,0.8,3.4,0,9.8,0,0
33,65,15,82.5,0.9,8.1,0,24,0,0
33,66,6,19,0.2,0.7,0,6.6,0,0
33,67,6,274,6,7,34.1,85.9,0,24.9
33,68,7,88,1.9,3.2,21.1,9.9,0,1.9
33,69,16,161.5,1.8,7.1,23.7,31.2,0,0
33,70,13,67,0,7.8,10.8,9.3,0,0
33,71,8,37,1,0,3.1,9,0,0
33,72,4,6,0,0.1,0.1,2.3,0,0
33,73,5,24,0,0.7,1.3,8.7,0,0
33,74,5,8,0,0.1,0.5,3.2,0,0
33,75,10,42.5,0,0,1.9,15.1,0,0
33,76,5,20,0,0,1.6,7.2,0,0
33,77,3,10,0,0,0.8,3.7,0,0
33,78,2,7,0,0,0.5,3.3,0,0
33,79,6,12,0,0,0.5,5.9,0,0
33,80,7,28,0,0,2.2,7.6,0,0
33,81,17,53,0,0.9,5.3,17.9,0,0
33,82,6,17,0,0.6,0.6,6.2,0,0
33,83,4,18,0,0.4,0.7,6.7,0,0
33,84,7,29,1,0,4.9,13.1,0,0
33,85,4,10,0.5,0,1.1,3,0,0
33,86,7,26,0,0,0.8,10.4,0,0
33,87,1,4,0,0,0.1,1.6,0,0
33,88,2,7,0,0,0.6,2.2,0,0
33,89,5,14.5,0,0,1.3,4.5,0,0
33,90,2,3,0,0.1,0.2,0.9,0,0
33,91,3,6,0,0.1,0.4,1.9,0,0
33,92,6,32,0,2.1,2.3,7.3,0,0
33,93,3,11,0,0.8,0.8,2.5,0,0
33,94,4,6,0,0.2,0.4,1.2,0,0
33,96,2,4,0.2,0.6,0,1.2,0,0
33,97,2,4,0.2,0.5,0.1,1.2,0,0
33,98,1,4,0.1,0.4,0.3,0.8,0,0
33,99,1,2,0.1,0.2,0.1,0.4,0,0
33,100,5,44,0,1.8,6.5,5.7,0.9,0
33,101,2,3,0,0.1,0.5,0.4,0,0
33,102,1,5,0.1,0,0.1,1.6,0,0
33,103,2,8,0.2,0,0.2,2.4,0,0
33,104,1,4,0,0.1,0.8,1.1,0,0
33,105,1,1,0,0,0.2,0.3,0,0
33,107,1,2,0,0,0.4,0.6,0,0
33,108,1,1,0,0.1,0.1,0.2,0,0
33,109,1,3,0,0.3,0.2,0.6,0,0
33,110,2,2,0,0.2,0.2,0.4,0,0
33,112,11,78,3,3,9,13.8,0,0
33,113,2,11,0.7,0.4,0,3.4,0,0
33,114,3,4,0.1,0.3,0.1,1.2,0,0
33,115,3,7,0.3,0.4,0.3,2.1,0,0
33,116,3,13,0,1.9,1.3,1.8,0,0
33,117,1,3,0,0.4,0.3,0.4,0,0
33,120,1,4,0.1,0.4,0.3,0.9,0,0
33,121,1,3,0.1,0.3,0.2,0.7,0,0
33,122,5,13,0.3,1.3,1,2.9,0,0
33,124,5,37.5,0,0.9,9.1,5,0,0
33,125,11,217,24.9,29.9,18.2,37,0,0
33,126,11,74.5,1.6,7.5,6.9,14.5,0,0
33,127,2,8,0.2,0.8,0.6,1.6,0,0
68,1,2,4,0.1,0.2,0.9,0.4,0,0
68,2,3,26,0.7,3.7,1.4,5.1,0,0
68,3,10,53,5.1,5.2,5.3,4.4,0,0
68,4,6,39,2.9,10.1,3.9,2.1,0,0
68,5,3,376,4,70,49.1,21.8,0,4
68,6,4,13,0.4,1.3,1.3,1.9,0,0
68,7,9,382.5,9,26.8,79.1,25.1,0,8
68,8,10,58.5,0,8.7,9.1,4.3,0,0
68,9,10,766.5,16.9,37.9,112,155.1,1,0
68,10,8,980,22.1,66.9,173,105.9,0,2
68,11,2,17,0.7,0.8,1.8,2.9,0,0
68,12,8,67,2.8,5.1,3.8,11.2,0,0
68,13,16,185,1.9,41.8,23.2,9,0,0
68,14,15,461,7,25,112,17,2,0
68,15,5,1553,34,141,321.9,68,7,33
68,16,12,250,10.8,34.3,28.3,33.9,2.9,0
68,17,7,1394.5,48.9,82.1,352,57.1,3,69
68,18,12,403.5,12.9,37,63.1,29,1,0
68,19,9,664,20.7,65.2,120.4,39.9,4,0
68,20,15,354.5,13.1,49.9,52.3,17.9,0.9,0
68,21,7,753,21.1,83.9,131,32.9,3,0
68,22,9,164,7.1,31.1,11.1,12.8,0,0
68,23,6,113.5,4,15,16.9,1,1,0
68,24,3,9,0.3,2.2,0.9,0.5,0,0
68,25,9,149,1.9,25.9,22.9,5.5,1,0
68,26,10,90,6.7,15,7.4,3,0,0
68,27,10,98.5,4,21,2.1,6.9,0,0
68,28,8,247,0,58.7,23,6.9,0,0
68,29,13,826.5,20,78,194,29.1,0.9,71
68,30,17,370.5,36.1,42.1,26.2,42.8,0,0
68,31,12,145,0.8,18.1,12.2,22,0,0
68,32,9,54,2.2,6.2,2.8,10,0,0
68,33,9,250,2.2,15,14.9,57,0,0
68,34,17,143,3.2,24.1,11.8,18.1,0,0
68,35,9,98,5.9,15.8,14,4.2,0,0
68,36,7,391.5,2.1,19,75,38.9,0,9
68,37,9,681.5,9.9,50.2,99,87,0,0
68,38,8,119,2.9,3.9,14.2,21,0,0
68,39,10,120,1,7.8,14.8,20.1,0,0
68,40,10,215.5,1.9,5,44,22.1,0,0
68,41,16,245,2.1,20.1,45.2,20.6,0,0
68,42,13,391.5,2.9,29.2,64,30,0,0
68,43,14,317,7.9,23.1,34.8,61.1,0,0
68,44,16,123.5,5.1,8,3.8,34.1,0,0
68,45,10,135.5,8.1,6.8,13.2,20,0,0
68,46,13,64,0,4.1,9,12.9,2.1,0
68,47,10,162,4.2,6.9,18.9,34.1,0,0
68,48,12,70,2,14.9,4.1,11.1,0,0
68,49,12,57,1,3.7,2,16.1,0,0
68,50,12,151,3.8,5.3,13,32,0,0
68,51,14,246.5,4.2,11,35,45.1,0,0
68,52,6,123,0,3.1,23.9,19,0,0
68,53,6,49.5,0,2.8,3.8,11.6,0,0
68,54,6,29,0,0.7,2.9,7.3,0.7,0
68,55,4,11,0,0.2,1.1,2.8,0.3,0
68,56,5,18,0.4,1.2,0.6,4.9,0,0
68,57,14,110.5,1.8,8.2,9.2,24.9,0,0
68,58,11,230,0,30.1,32.1,26,1,10
68,59,9,645,3,65,123.9,59.1,0,36
68,60,7,37,0,5,2.1,7.8,0,0
68,61,5,35.5,0,3.9,5.2,4.9,0,0
68,62,11,32,0,4,4.2,8.8,0,0
68,63,9,68.5,1.1,6.1,3.9,16.1,0,0
68,64,9,57.5,2,1,8.8,10.3,0,0
68,65,7,91,1,6.9,4.2,21.9,0,0
68,66,5,23,0,2.5,3.5,5.9,0,0
68,67,2,4,0,0.4,0.6,1.1,0,0
68,68,3,17,0,1.1,1.3,5.1,0,0
68,69,6,18,0,1.1,1.5,5.4,0,0
68,70,2,10,0,0,1.3,2.3,0,0
68,71,2,5,0,0,0.6,1.2,0,0
68,72,1,3,0,0.2,0.3,0.6,0,0
68,74,1,1,0,0,0.1,0.3,0,0
68,75,6,66,1,1.9,10.1,14.9,0,0
68,76,4,11,0,0,0.5,4.1,0,0
68,77,6,28,0,2.2,2.9,6,0,0
68,78,3,18,0,0.8,1.8,4.6,0,0
68,79,1,1,0,0,0.1,0.3,0,0
68,80,2,3,0.1,0,0.2,1.1,0,0
68,81,5,7,0.1,0.1,0.5,2.7,0,0
68,85,4,27.5,0,2.6,1.7,9.3,0,0
68,86,5,34.5,0,0.6,3.3,13.1,0,0
68,87,4,110,7,7,20,4,0,3
68,88,5,25,1,2.9,2.1,6.1,0,0
68,89,9,58,0.8,1.3,7.8,16,0,0
68,90,2,15.5,0.4,0.7,2.5,2.4,0,0
68,91,1,5,0.1,0.2,0.8,0.8,0,0
68,92,7,155.5,2,13,12,45,0,0
68,93,5,38,0,3,4.5,3.8,0,0
68,94,5,87.5,0,4.4,18.3,7.2,0,0
68,95,3,5,0,0.5,0.7,0.8,0,0
68,96,1,2,0,0.1,0.1,1,0,0
68,97,5,34,0,0,1,12,0,0
68,98,5,22,0,1,1.2,8.3,0,0
68,106,4,55,0,2.9,0,24.6,0,0
68,107,6,68.5,0,2.9,6,24.1,0,5
68,108,2,14,0,0,1.4,5.6,0,0
68,115,2,14,0,0.5,0.7,5.6,0,0
68,116,3,38,0,1.3,3.6,11.4,0,0
68,117,6,25,0,0.6,2.5,7.5,0,0
68,120,5,114.5,2.1,10.1,16,18.9,0,0
68,121,5,17,0.5,0.6,0.8,4.7,0,0
68,122,9,44.5,1,2.6,2.9,17.8,0,0
68,125,2,6,0,0.5,0.9,0.9,0,0
68,127,3,10,0,0.4,0.2,4.5,0,0
22,0,9,608,23.9,62,43.1,136,5,15
22,1,14,50,3.2,5,1.6,13.4,0,0
22,2,8,30,1.8,1.9,1.2,9.1,0,0
22,3,5,18.5,1.2,1.3,0.7,5.6,0,0
22,4,2,9,0,0.9,0.5,2.7,0,0
22,5,1,6,0,0.6,0.3,1.8,0,0
22,6,1,3,0,0.3,0.2,0.9,0,0
22,7,4,18,0,1.8,1,5.4,0,0
22,10,4,40,0.9,1.1,3.1,14,0,0
22,12,3,7,0.2,0.8,0.4,2,0,0
22,13,3,89,0.2,0.7,29.3,2.7,0,9
22,15,2,4,0.2,0,0.2,1.2,0,0
22,16,1,8,0,0.3,0,2.7,0,0
22,17,5,16,0,0.6,0,5.6,0,0
22,18,1,2,0.1,0.1,0,0.9,0,0
22,19,12,71,0,8.1,6.1,14.7,0,0
22,20,6,18,0,1.8,0.5,6.9,0,0
22,21,4,10,0,1,0.2,3.9,0,0
22,25,1,3,0.2,0.2,0.1,0.7,0,0
22,26,2,10,0.5,0.8,0.2,2.5,0,0
22,27,2,2,0.2,0.2,0,0.4,0,0
22,28,2,5,0,0,0,1.7,0,0
22,29,2,8,0,0,0,2.6,0,0
22,30,3,13,0,0,0,4.4,0,0
22,32,1,2,0,0,0,0.8,0,0
22,33,1,4,0,0,0.1,1.5,0,0
22,34,3,5,0,0,0.2,2,0,0
22,35,4,5,0,0,0.1,2,0,0
22,36,10,34,0,1.2,1.3,9.3,0,0
22,37,3,14,0,0.4,0.6,3.9,0,0
22,38,2,3,0,0.5,0.3,0.6,0,0
22,39,13,136.5,2,6.1,18,37.9,0,0
22,41,3,11,0,0.3,0,4.9,0,0
22,42,2,5,0,0.1,0,2.2,0,0
22,44,7,19,0,1.3,0,6.6,0,0
22,45,13,364,6,43.9,63.1,5.8,1,0
22,46,9,37,0,3.1,6.1,3.1,0.8,0
22,47,8,49,0,7,1.8,13,0,0
22,48,3,6,0,0.7,0.6,1.7,0,0
22,49,3,6,0,0.9,0.6,1.5,0,0
22,50,10,273,17,50.9,33.1,9.1,2,4
22,51,5,1162.5,97,192,163,78,0,55
22,52,3,2374,228,155,383,587,3,334
22,53,4,5994,1206,887,272,1128,6,1027
22,54,4,3175,623,243,329,575,3,313
22,55,5,1366,183.1,275.1,96,107.9,3,311.1
22,56,4,1812.5,338.9,294,115.1,79,1,34
22,57,4,2004.5,43,695.1,193.9,16,0,397
22,58,6,300,26.9,45,31.1,27.1,0,0
22,59,6,123,3.8,18.7,12.3,16.8,0,0
22,60,8,29,0.6,4.1,1.7,6.8,0,0
22,61,4,10,0.2,1.5,0.7,2.3,0,0
22,62,3,13,0,0,1.5,3,0,0
22,63,4,30.5,0,0,3.7,6.9,0,0
22,64,3,21,1.2,2.9,2.9,1.7,0,0
22,65,5,15,1,2,2,1.1,0,0
22,66,7,20,0,1.6,1,5.4,0,0
22,67,1,4,0,0.3,0.2,1.1,0,0
22,68,2,6,0.3,0.3,0.1,1.7,0,0
22,69,1,2,0.1,0.1,0,0.6,0,0
22,70,1,2,0,0.1,0.1,0.7,0,0
22,71,4,7,0.1,0.2,0.4,2.3,0,0
22,72,4,15,0.1,0.2,0.4,5.3,0,0
22,73,10,49.5,0.6,0.7,0.9,17.6,0,0
22,74,7,48,0,2.9,2,13.1,0,0
22,75,3,6,0,0,0.2,2.1,0,0
22,76,4,11,0,1.6,1.2,2.1,0,0
22,77,9,74.5,1.2,6,12.9,10.9,0,0
22,78,8,34.5,0.9,2.3,4.7,3.3,0,0
22,79,16,332.5,15.9,61.9,26.2,52.9,0,0
22,80,12,254.5,19.9,56.2,32.2,10.7,0,34
22,81,5,33,1.1,2,4.9,3.9,0,0
22,82,4,10,0,1,1,2.5,0,0
22,83,10,29,0,5.8,2.9,5.3,0,0
22,84,2,8,0.2,0.8,1,1.2,0,0.2
22,85,3,10,0.3,0.9,1.1,1.7,0,0.1
22,86,4,20,0,0.4,0.8,5,0,0
22,87,5,14,0,0.2,0.7,3.4,0,0
22,88,15,140.5,2.2,0,10.1,43.9,0,0
22,89,9,53,1.5,4.9,10.6,5.5,0,1.6
22,90,2,9,0,0.5,0.9,1.6,0,0
22,91,6,31,0,1.8,3.1,5.6,0,0
22,92,6,13,0.5,0.8,1.3,3.5,0,0
22,93,4,9,0.4,0.5,0.9,2.3,0,0
22,94,14,291,15.9,41,39.9,34.2,0,0
22,95,11,245,24,23.1,20,58.8,0,22
22,96,7,46,2.1,7.9,4,7,0,0
22,97,15,108.5,0.7,12.3,13.5,11.7,0,0
22,98,4,18,0.3,1.5,0,5.4,0,0
22,99,1,7,0.2,0.5,0,2.1,0,0
22,100,6,36,2.9,1.8,2.6,7.2,0,0
22,101,2,3,0.3,0.1,0.2,0.6,0,0
22,102,2,8,0,0.3,0.4,2.6,0,0
22,103,2,4,0,0.1,0.2,1.3,0,0
22,104,7,455,31.9,77.1,59,21,0,0
22,105,4,15,0,0.6,0,5.6,0,0
22,106,1,2,0.2,0,0.1,0.6,0,0
22,107,1,1,0.1,0,0,0.3,0,0
22,108,8,299.5,3,49,48.1,40,0,20
22,109,2,10,0.2,1.3,0.7,1.8,0,0
22,110,1,2,0.1,0.3,0.1,0.9,0,0
22,111,1,2,0.1,0.3,0.1,0.9,0,0
22,112,2,10,0,0.8,0.8,2.5,0,0
22,114,3,22,0.8,2.7,2.7,3.2,0,0
22,115,5,69.5,0,9.9,12.9,3.1,0,0
22,116,17,198.5,0,37,29.9,7.3,0,0
22,117,6,16,0.5,2.5,1.1,2.9,0,0
22,118,6,24,0,2.7,1.1,5.4,0,0
22,120,4,13,0.2,0.5,0.6,4.4,0,0
22,121,1,7,0.1,0.3,0.3,2.3,0,0
22,122,2,11,0,1.6,0.6,2.8,0,0
22,123,8,24,0,3.4,1.4,6.2,0,0
22,126,4,14,0,1.3,0.5,4.4,0,0
22,127,1,4,0,0.4,0.1,1.3,0,0
21,0,15,597,29.1,38.8,114.9,40.1,0,0
21,1,12,126,10,12,18.8,10.1,0,0
21,4,3,13.5,0.6,1.1,0,4.2,0,0
21,5,3,7,0.3,0.6,0,2.1,0,0
21,6,2,11,0.4,1.1,1.6,1.1,0,0
21,8,4,10,0,0,2.4,2,0,0
21,9,3,5,0,0,1.2,1,0,0
21,10,2,5,0.3,0.1,0.6,1,0,0
21,11,4,13,0.6,0.2,1.7,2.6,0,0
21,12,1,2,0.1,0,0.1,0.6,0,0
21,13,5,15.5,1.2,0,0.5,4.8,0,0
21,14,5,15,0,0.5,1,6,0,0
21,15,1,3,0,0.1,0.2,1.2,0,0
21,16,4,9,0,0.6,1.2,2.4,0,0
21,17,3,15,0,0.9,2,3.9,0,0
21,18,4,14,0.6,1.4,2.2,0.9,0,0
21,19,13,226.5,6.3,16.1,38.4,19.9,0,0
21,20,8,41,2.8,0.9,2.2,7.3,0,0
21,21,1,6,0.4,0.1,0.3,1.1,0,0
21,22,5,11,0.6,0,1,2.7,0,0
21,24,6,18.5,0,1.1,0.7,6.7,0,0
21,25,3,6,0,0.4,0.2,2.2,0,0
21,26,3,9,0.5,0.7,0.2,2.2,0,0
21,27,1,4,0.2,0.3,0.1,1,0,0
21,28,5,11,0.3,1.1,0.6,3.5,0,0
21,29,5,11,0.3,1.1,0.6,3.5,0,0
21,30,5,20,0.2,0.5,4.9,3.1,0,0
21,31,1,1,0,0,0.2,0.2,0,0
21,32,1,3,0,0,0.1,1.1,0,0
21,34,2,14,0,1.1,0.7,3.8,0,0
21,35,8,35,0,2.8,1.5,9.7,0,0
21,36,11,107,5.8,8.9,12.1,26.4,0,0
21,37,10,41,0.7,2.4,1.9,12.1,0,0
21,38,4,13,0,0.4,0.9,4.8,0,0
21,39,2,4,0,0.1,0.3,1.5,0,0
21,40,1,3,0.1,0,0,1,0,0
21,41,9,31,0,3.1,0,8.9,0,0
21,42,5,59,1.3,4,9.6,4.7,0,0
21,43,4,24,0.4,4,0.6,3.2,0,0
21,44,6,18,0.6,1.1,0.9,5.5,0,0
21,45,2,3,0.1,0.2,0.2,0.9,0,0
21,46,7,46,5.1,3.8,4,6.2,0,0
21,47,11,79,5.2,15.8,6.1,1.9,0,0
21,48,6,723.5,19,120.1,120.1,12.9,1,8
21,49,11,332.5,12,85.9,26.1,8.9,1.2,0
21,50,17,187,8.9,21.7,23.3,17,0,0
21,51,3,565,104,43.1,49.9,73,1,0
21,52,0,3879,383,213,288,1107,9,213
21,53,0,4859,399,531,371,1566,5,387
21,54,0,3347,555,440,259,630,2,237
21,55,0,1772,244,244,186,148,0,83
21,56,3,1148,125.1,323.9,51,28,0,163
21,57,6,24,0.8,7.2,0,5.1,0,0
21,58,7,282.5,16,31.7,47.1,26.2,0,16
21,59,8,532,3.9,44.1,124.9,17.2,0,26
21,60,9,29,1.1,4.7,1.2,4.1,0,0
21,61,8,35.5,1,7.1,3.8,5.2,0,0
21,62,2,4,0.2,0.4,0.2,0.6,0,0
21,63,1,3,0.1,0.3,0.2,0.5,0,0
21,65,4,24,0,1.3,3.5,5,0,1.8
21,66,11,149,1.8,12,18.9,28,0,4
21,67,4,10,0,0.6,0.4,3.6,0,0
21,68,6,21.5,0,0.7,1.4,6.5,0,0
21,69,6,24,0,0.8,1.6,7.2,0,0
21,70,7,20,0,0.7,1.3,6.8,0,0
21,71,4,17,0,0.6,1.1,5.9,0,0
21,72,11,49,0,1,2.9,15.9,0,0
21,73,4,29,0,0,2.1,12,0,0
21,74,2,18,0.2,0.2,0.5,6.6,0,0
21,75,5,25.5,0.2,0.3,0.9,9.2,0,0
21,77,6,23,0,0,0,12,0,0
21,78,7,39,0.6,2.1,3.7,11,0,0
21,79,8,665,36.9,99.2,33,218.9,0,83
21,80,9,371.5,31.8,25.2,37,121.8,0,10
21,81,10,86.5,3,6.3,15.7,11.3,0,0
21,82,8,58,1.6,3.2,11.4,5.7,0,0
21,83,4,14,0.4,0.6,2.8,1.4,0,0
21,84,1,1,0,0.1,0.1,0.3,0,0
21,85,4,12,0,1.2,0.7,3.6,0,0
21,86,1,1,0,0.1,0,0.3,0,0
21,87,10,25,1,1.5,0.3,7.2,0,0
21,88,11,50.5,1.7,2.4,0.7,17.2,0,0
21,89,1,2,0.1,0.1,0,0.7,0,0
21,90,3,10,0,0.5,0.7,2.3,0,0
21,91,3,14,0,0.9,0.9,3.2,0,0
21,92,7,41.5,2.6,5.4,6.1,1.7,0,0
21,93,1,6,0.4,0.8,0.9,0.2,0,0
21,94,4,45,5.6,4.7,6.6,0.9,0,0
21,95,2,45,28,0,0,0,0,24
21,96,2,144.5,2,8,39,4,0,0
21,97,8,63,3.6,7.1,8.2,8.1,0,0
21,98,12,49,2.8,0,7,8.1,0,0
21,99,8,189,0,20.1,40,10.9,0,0
21,100,8,56,0.9,7,2.1,12,0,0
21,101,1,4,0.2,0.2,0.3,1.3,0,0
21,102,4,16,0,1,2.4,2.8,0,0
21,103,4,30,0,2,4.6,5.1,0,0
21,104,7,434.5,29.1,71.1,45,50.8,0,0
21,105,15,182.5,9.9,31.1,23.5,24.7,0,0
21,107,6,23,2.1,0.4,0.6,7.1,0,0
21,108,6,19,0,1.5,1.3,5.7,0,0
21,109,3,7,0,0.6,0.4,2.1,0,0
21,110,1,1,0.1,0.1,0.1,0.4,0,0
21,111,1,2,0.1,0.3,0.1,0.9,0,0
21,114,10,41,0,3.1,3.5,10,0,0
21,115,15,183,0,27,26.9,16.2,0,4.9
21,116,7,32,0,8,5.1,1.1,0,0
21,117,1,1,0,0,0.1,0.4,0,0
21,118,2,4,0,0.1,0.3,1.5,0,0
21,120,3,9,0.2,0.3,0.3,3.1,0,0
21,122,4,20,0.4,0.5,0.7,7,0,0
21,123,1,1,0,0,0,0.4,0,0
21,124,2,4,0,0.3,0.1,1.3,0,0
21,125,2,3,0,0.3,0.1,0.9,0,0
21,126,4,6,0,0,0,3,0,0
21,127,2,3,0,0,0,1.5,0,0
34,0,6,629,23,110.9,88.1,21,0,0
34,1,3,8,0.5,1,0,1.2,0,0
34,2,2,7,0.3,1,0.6,1.1,0,0
34,3,4,10,0.4,1.4,0.8,1.6,0,0
34,4,4,16.5,0.7,1.8,0.8,4.2,0,0
34,5,2,3,0.1,0.3,0.2,0.8,0,0
34,6,6,17,0.3,2.7,1.5,2.4,0,0
34,7,6,15,0.3,2.4,1.2,2.1,0,0
34,8,5,106,4,14.1,3,20,0,0
34,9,6,32,0,4.5,2.4,4,0,0
34,10,6,27.5,1,2.8,1.2,6,0,0
34,11,7,23,0.5,0.7,2.3,6.4,0,0
34,12,1,2,0.1,0,0.1,0.5,0,0
34,13,1,1,0,0,0.1,0.2,0,0
34,15,1,3,0.2,0.1,0.2,1,0,0
34,16,2,10,0.6,0.2,0.9,2.3,0,0
34,18,4,6,0.4,0.6,0,1.4,0,0
34,19,4,27,1.4,2.4,0.9,6.5,0,0
34,20,2,2,0.2,0.2,0,0.6,0,0
34,21,7,42,2.8,4.1,4.2,8,0,0
34,22,6,49,1.2,10,8.9,0.9,0,0
34,23,13,279.5,0,14.9,65,17.1,0,0
34,24,14,99,2,12.1,15.1,10.9,0,0
34,25,13,91.5,2.7,9.1,3.4,20.9,0,0
34,26,4,17,0,0.9,0.8,6,0,0
34,27,5,15,0,0.9,0.7,5.3,0,0
34,28,7,28,0,0.4,1.6,7.6,0,0
34,29,7,24,0,0.2,1.5,6.5,0,0
34,30,8,41,0.8,1.5,4.1,10.1,0,0
34,31,1,4,0.1,0.1,0.4,1,0,0
34,32,2,6,0,0.1,0.2,1.7,0,0
34,33,4,23,0,0.4,1.1,6.5,0,0
34,34,7,33,0,0.6,0,11.2,0,0
34,35,15,138,5.9,13.1,9.9,26,0,0
34,36,12,590.5,27.9,22.9,55,175.1,1,21
34,37,6,13,0,0.5,0.8,4.5,0,0
34,38,4,13,0,0.2,0.4,5,0,0
34,39,5,12,0,0,0.4,4.8,0,0
34,40,7,66,1,2,8,8.9,0,0
34,41,6,46,0,0.9,7,9.1,0,0
34,42,7,86,3.8,7.1,11,13,0,0
34,43,4,15.5,0,0,0,6.2,0,0
34,44,4,9,0,0,0.6,3.5,0.2,0
34,45,3,8,0,0,0.6,3,0.2,0
34,46,2,5,0,0.1,0.2,1.7,0,0
34,47,4,8,0,0.1,0.3,2.9,0,0
34,48,9,44,0.6,2.3,0,16.5,0,0
34,49,2,5,0.1,0.2,0,1.9,0,0
34,50,6,22,0,1.4,0.8,7.6,0,0
34,51,7,271.5,2,5.9,21.2,102.9,0,5
34,52,5,153,3,13.1,10,50.9,0,5
34,53,6,15,0.4,0,1.5,3.2,0,0
34,54,3,9,0.2,0.2,0.5,2.7,0,0
34,55,5,21,0.4,0.6,0.9,6.5,0,0
34,56,2,6,0,0.2,0.4,2.1,0,0
34,57,6,39,0,0.9,2.2,12.9,0,0
34,58,4,9,0,0.3,0.3,3.3,0,0
34,59,5,17,0,0.4,0.7,6.2,0,0
34,60,6,74.5,0,3.5,2,20.9,0,0
34,61,11,279,1,21.1,26.9,67.9,0,1
34,62,14,93.5,1,11.2,10,14,0,0
34,63,9,19,0,1.3,0.6,7,0,0
34,64,15,85.5,0.8,4,1.2,24.3,0,0
34,65,12,51,0.6,0.9,0,18.9,1,0
34,66,11,68.5,3,6.9,5.1,15.1,0,0
34,67,11,411,19.1,40.1,22.9,111.9,0.9,7
34,68,9,173,0,41.8,5,31.2,0,3
34,69,8,36,0,3.9,1.2,12.9,0,0
34,70,10,32,0,0,3.2,11,0,0
34,71,10,107,0.9,0,20.1,20,0,6
34,72,8,40,0,1,4,10,0,0
34,73,8,32,0,0,1.8,9.9,0,0
34,74,10,47,0,1,4.9,12,0,0
34,75,6,20,0.4,0,1,6.6,0,0
34,76,5,18,0,0,0,8.6,0,0
34,78,1,3,0,0.1,0.2,1.3,0,0
34,79,8,19,0,0.4,1.1,8.4,0,0
34,80,1,1,0,0,0,0.3,0,0
34,81,4,18,0,0,1.1,5,0,0
34,82,1,2,0,0,0.1,0.7,0,0
34,83,4,13,0,0,0.5,4.5,0.2,0
34,84,4,21,0,0.7,1,6.7,0,0
34,85,6,25,0,0.8,1.2,8,0,0
34,86,4,11,0,0,1.1,4.4,0,0
34,87,6,19,0,0,1.8,7.6,0,0
34,88,3,11.5,0,0.3,0.3,5.1,0,0
34,89,5,15,0,0.3,0.4,6.8,0,0
34,90,1,4,0,0,0.1,1.6,0,0
34,91,2,8,0,0,0.2,3.2,0,0
34,92,7,46,0,3.8,4.2,11.9,0,0
34,93,8,92,0,10,13.1,7.9,0,5
34,94,4,15,0,0.6,0.9,3.3,0,0
34,97,2,10,0,0,0.3,3.9,0,0
34,98,3,7,0,0,0.1,2.8,0,0
34,99,3,12,0,0,0.4,4.5,0,0
34,101,2,8,0.2,0,0.3,2.4,0,0
34,102,1,2,0,0,0.2,0.6,0,0
34,104,3,17,1.1,2,0,3.7,0,0
34,105,5,16,0.9,2.2,0,3.3,0,0
34,106,3,3,0,0,0,1.8,0,0
34,107,3,11,0.6,0,0,6.4,0,0
34,108,3,10,0,0.7,0.9,3.3,0,0
34,109,7,15,0,1.2,1.3,4.8,0,0
34,110,8,49,1,3.9,1.1,15.1,0,0
34,111,4,6,0,0.6,0.2,1.8,0,0
34,112,4,9,0.2,0.7,0.2,2.5,0,0
34,113,2,8,0.1,0.5,0.3,2.3,0,0
34,114,1,3,0.1,0.2,0.1,0.8,0,0
34,115,1,5,0.1,0.3,0.2,1.4,0,0
34,116,1,3,0,0.1,0.1,1.4,0,0
34,117,2,4,0,0.1,0.1,1.9,0,0
34,118,3,9,0,0.3,0.3,4.2,0,0
34,119,1,1,0,0,0,0.5,0,0
34,120,1,5,0.1,0.6,0.3,1.2,0,0
34,122,1,6,0.1,0.7,0.4,1.4,0,0
34,125,2,8,0,0.5,0.5,2.5,0,0
34,127,3,8,0,0.4,0.5,2.7,0,0
42,0,10,273.5,8,25.2,45.8,17.9,0,0
42,1,4,12.5,0,0.8,0.5,6.2,0,0
42,2,9,34.5,0,1.9,2.9,10.2,0,0
42,3,2,11,0,0.3,0.4,4.2,0,0
42,4,6,28,0,1.7,2.2,6.7,0,0
42,5,8,47.5,3,8.2,1.8,10.2,0,0
42,6,8,109,11.1,12,10.1,9.9,0.8,0
42,7,11,394,93.2,24.1,45.1,19.7,0,68
42,8,10,258,3,27,31,30.1,0,2
42,9,11,185,5,11.1,22.8,34.1,0,0
42,10,3,16,0.5,1.6,0,4.7,0,0
42,11,6,22,0.4,2.3,0,6.5,0,0
42,12,5,12,0,0,0.4,4.8,0,0
42,13,7,25,0,0,1,10,0,0
42,14,8,26.5,0.2,0.6,0.8,9,0,0
42,15,8,23,0.3,0.3,0.7,7.9,0,0
42,16,8,28,0,0,1,10.1,0,0
42,17,7,30,0,2,0,9,0,0
42,18,10,32,0,0.4,0.9,10.8,0,0
42,19,9,32,0,0,1,11,0,0
42,20,4,15,0,0,0.2,5.7,0,0
42,21,9,20,0,0,0.2,7.8,0,0
42,22,12,272.5,8,7,35,78.8,0,6
42,23,11,45,0,4.1,1.8,13,0,0
42,24,11,107.5,2.1,4.6,14.3,16,0,0
42,25,13,48,0,4.1,0.7,14.4,0,0
42,26,7,19.5,0.5,0,0,7.7,0,0
42,28,3,11,0,0.1,0.4,3.5,0,0
42,29,5,23,0,0.4,0.7,7.4,0,0
42,30,8,136,2.1,9,31,7,0.9,0
42,31,12,595.5,40.7,58,59.3,142.9,0,13
42,32,7,40,0,2.7,4.2,11.3,0,0
42,35,1,2,0,0.2,0.2,0.6,0,0
42,36,3,6,0.3,0.1,0.6,1.4,0,0
42,37,2,6,0.3,0.1,0.6,1.3,0,0
42,38,6,25,0.5,0,1.8,7,0,0
42,39,3,10,0.1,0,0.6,2.9,0,0
42,40,7,19,0,0.2,1.2,5.7,0.5,0
42,41,5,19,0,0.2,1.1,5.8,0.5,0
42,42,10,23,0,0,0.8,10.7,0,0
42,43,9,66,0,0,7,15.9,0,0
42,44,10,598,1.9,12,174,15.2,0,13
42,45,16,291.5,1.8,89.1,16,31.9,0,5
42,46,5,11,0,0,0.2,3.8,0,0
42,47,4,20,0,0,0.5,6.6,0,0
42,48,5,21,0,1.2,0.5,6.3,0.7,0
42,49,2,4,0,0.2,0.1,1.2,0.1,0
42,50,2,8,0.1,0.2,0.6,2.2,0,0
42,51,11,55,0.5,1.2,4.4,15.1,0,0
42,52,8,35,0,1,4.1,8.9,0,0
42,53,4,14,0,0,1.4,4.1,0,0
42,54,7,32,1.8,2.2,1,9.1,0,0
42,55,13,135,3.8,6.1,14.3,40.7,0,6
42,56,7,40,0,3.4,1.3,12.6,0,0
42,57,3,10,0,0.9,0.3,3.1,0,0
42,58,9,565.5,38,74,105.4,87.8,0,85
42,59,13,665.5,45,39,55.2,173.8,3.9,12
42,60,11,46,0.9,2.4,2.8,14,0,0
42,61,6,25,0.5,1.3,1.4,7.6,0,0
42,62,3,22,0.8,1.6,0.4,6.4,0,0
42,63,4,17,0.6,1.2,0.2,5,0,0
42,64,6,22,0,0.9,1.6,8,0,0
42,65,6,22,0,1,1.7,7.9,0,0
42,66,8,44,0,0,2.2,14.9,0,0
42,67,6,61,0,4.1,2.9,20.1,0,0
42,68,9,27,0,1.7,2.5,8.5,0,0
42,69,6,22,0,1.3,1.9,7,0,0
42,70,14,148.5,11.8,13.1,11.2,30,0,0
42,71,6,85,0,20,8.9,10.1,0,0
42,72,11,31,0,2.2,0.9,9.9,0,0
42,73,12,55,0,2.5,5.2,11,0,0
42,74,7,26,0,0.9,2.2,6.5,0,0
42,75,9,35,0,5.1,4.1,3.8,0,0
42,76,4,12,0.2,0,1.1,3.5,0,0
42,77,2,9,0.3,0,0.7,2.6,0,0
42,78,6,15,0.3,1.2,1,4.9,0,0
42,79,6,645,158,136.1,29,37.9,1,110
42,80,5,418.5,22.9,31,13,188,2,2
42,81,8,66,0,13.2,6.7,8.1,0,0
42,82,6,46,0,4.9,7.1,6,0,0
42,83,2,6,0,0.9,0.1,2.1,0,0
42,84,4,28,0,5.5,0,8.5,0,0
42,86,4,21,0,0.4,0.7,8.2,0,0
42,87,3,4,0,0,0.1,1.6,0,0
42,88,1,3,0,0.2,0.2,1,0,0
42,89,2,7,0,0.4,0.4,2.4,0,0
42,90,4,15,0,1.1,1.5,4.5,0,0
42,91,1,3,0,0.2,0.3,0.9,0,0
42,92,5,33,0,0,2.6,9.6,0,0
42,93,1,5,0,0,0.4,1.4,0,0
42,94,5,35,0,3.7,3.7,5.2,0,0
42,95,11,54,1.2,9.1,1.8,10.9,0,0
42,96,9,50,1,1.7,7.3,7.1,0,1
42,97,4,29,0,1.8,1,7.5,0,0
42,98,3,10,0,0.4,1.1,3.9,0,0
42,99,1,1,0,0,0.1,0.4,0,0
42,100,4,25,0,1.1,6.9,3.9,0,1.1
42,101,2,6,0,0,0.8,1.8,0,0
42,102,6,32,0,1.5,4.2,8.6,0,0
42,103,6,21,0,1,2.7,5.6,0,0
42,104,1,7,0,0,0.2,2.9,0,0
42,105,6,16,0,0,0.5,6.6,0,0
42,106,6,38,0,2,6.2,5.9,0,0
42,107,3,9,0.3,1.4,0.5,2.8,0,0
42,110,8,22,0,1,0,10,0,0
42,111,7,39,0.8,1.1,3.1,11,0,0
42,112,1,4,0,0.2,0.2,1.3,0,0
42,113,5,20,0,0.8,0.9,6.6,0,0
42,114,8,24,0,0.9,0,11.1,0,0
42,115,3,6,0,0.2,0,2.8,0,0
42,116,6,175,76.9,11.1,2,5.1,0,7
42,117,5,428.5,143,8,5.9,43.1,0,47.1
42,119,9,139,7,25,17,7,0,0
42,120,9,48,0,4,4.3,10.8,0,0
42,121,5,22.5,4.1,0,2,5.8,0,0
42,122,4,11,0.5,1.1,0.6,2.2,0,0
42,123,1,5,0.2,0.6,0.2,1,0,0
42,126,2,3,0,0.3,0.3,0.4,0,0
42,127,4,37.5,0,2.9,3.7,6.4,0,0.8
45,0,3,22,0.8,0,0.8,8,0,0
45,1,3,8,0.3,0,0.3,2.9,0,0
45,2,6,20,0.4,0,2,5,0,0
45,3,5,21,0.4,0,2.1,5.3,0,0
45,4,7,172,0,13.9,31.9,28.1,0,14
45,5,7,23,1,1.1,2.1,6.9,0,0
45,6,10,39,0,5,2.1,10.1,0,0
45,7,8,21,0,1,2,7.8,0,0
45,8,12,72,0,8.6,9.1,12.2,0,0
45,9,9,195.5,2.1,10.1,33,28.8,0,10
45,10,1,3,0,0.2,0.2,0.7,0,0
45,11,4,8,0.4,0.4,0.4,2,0,0
45,12,14,66,3.8,5.3,1,13.9,0,0
45,13,4,17,0.4,1.7,0.4,4.4,0,0
45,14,6,16,0,1.6,0.7,5.7,0,0
45,15,7,26,0,2.6,1,9.4,0,0
45,16,8,23.5,0,0,1,9.7,0,0
45,17,10,37,2.1,2.9,0,8.2,0,0
45,18,5,29,0,0.5,1.6,7.1,0,0
45,19,8,27,0,0.5,1.5,6.6,0,0
45,20,9,24,0,0.7,1.3,6.8,0.4,0
45,21,8,26,0,0.9,1.2,7.4,0.4,0
45,22,7,26,0,0.3,0.9,7.8,0,0
45,23,7,23.5,0,0.2,0.8,7,0,0
45,24,5,21,0,0.3,0.9,6.5,0,0
45,25,7,25,0,0.6,0.8,7.9,0,0
45,26,7,221.5,0,21.1,25.9,44,1,14
45,27,5,20,0,0,0.7,8.1,0,0
45,29,3,8,0.2,0.5,0.2,2.5,0,0
45,30,1,1,0,0.1,0,0.3,0,0
45,32,1,3,0,0.2,0.4,0.5,0,0
45,33,4,25,0,1.3,3.5,4.4,0,0
45,34,3,34,0,1.2,3.2,6.5,0,0
45,35,3,19,0,0.6,1.8,3.6,0,0
45,36,1,7,0.2,0.2,0.5,2.2,0,0
45,37,2,10,0.2,0.3,0.8,3.2,0,0
45,38,3,22,0,0.5,2.6,4.7,0,0
45,39,9,213,1.8,33,34.2,21,0,19
45,40,2,4,0.1,0,0.2,1.3,0,0
45,41,1,2,0,0,0.1,0.7,0,0
45,42,3,7,0.1,0,0.3,2.4,0,0
45,43,4,10,0.1,0,0.5,3.4,0,0
45,44,1,3,0,0.1,0.1,0.7,0,0
45,45,6,59,0,0,10.8,17.2,0,6
45,46,4,20,0,0,1.6,8.1,0,0
45,47,2,7,0,0,0.6,2.8,0,0
45,48,5,40,0,12,5.9,0,0,4.9
45,49,9,724.5,6,67,125.8,129.1,2,28
45,50,5,22,0,1.8,1.5,5.6,0,0
45,51,1,8,0,0.7,0.5,2.1,0,0
45,52,2,4,0,0.2,0.8,0.8,0,0.6
45,53,2,9,0,0.4,1.8,1.8,0,1.3
45,54,4,7,0,0.3,1.1,1.7,0,0
45,55,7,17,0,5.6,0,5.1,0,0
45,56,4,6,0,0.4,0,2.4,0,0
45,58,9,47,1.2,2.8,4.1,8,0,0
45,59,5,16,0.3,0.4,1.8,4.1,0,0
45,60,9,41,0,5.9,7.1,5,0,0
45,63,2,6,0,0.2,0.2,2.4,0.2,0
45,64,5,18,0,0,0.4,8.1,0,0
45,65,6,38,0,1,0,19,0,0
45,66,11,60,3.2,6,5.1,14.7,1,0
45,67,3,20,0.4,1.1,1.4,5.6,0,0
45,68,10,29,0,0.9,1.2,15,0,0
45,69,14,138,4,31,9,21,0,0
45,70,11,79,1.8,3.7,9.2,15.8,0,0
45,71,6,25,0.7,1.2,2.8,5,0,0
45,72,9,33,0,3,1.8,12.1,0,0
45,73,6,28,0,2.6,2.8,6.9,0,1.1
45,74,4,7,0,0.8,0.9,2.1,0.4,0
45,75,4,9.5,0,1.1,1.3,2.9,0.3,0
45,76,3,16,0,0,0.3,7.2,0,0
45,77,2,2,0,0,0,1,0,0
45,78,6,18,0,1.8,0.6,4.9,0,0
45,79,5,16,0,1.6,0.5,4.5,0,0
45,80,7,24,0.7,2.4,1.3,6.4,0,0
45,81,11,40.5,2.1,4.8,5.2,11,0,0
45,82,3,9.5,0,0.5,0.6,2.7,0,0
45,83,8,28,0,1.4,1.5,8.3,0,0
45,84,3,5,0,0,0.2,2,0,0
45,85,2,4,0,0,0.2,1.6,0,0
45,86,11,104.5,0,0.8,30.2,11,0,2.1
45,87,16,78,0,3.2,9.5,20.1,0,0
45,88,1,2,0,0.1,0.2,0.7,0,0
45,89,4,11,0,0.5,1.2,3.7,0,0
45,90,9,38,0,2.8,2.1,9,0,0
45,91,2,4,0,0,0.4,1.2,0,0
45,92,3,9,0,0.2,0.5,3.5,0,0
45,94,2,8,0,0.6,0.4,1.6,0,0
45,95,1,5,0,0.4,0.3,1,0,0
45,96,5,83.5,4.9,12,1,21,0,2.9
45,97,11,83,0,7,14.9,8.8,0,0
45,98,1,5,0.1,0.3,0.1,1.5,0,0
45,99,6,31,0.7,1.7,0.8,9.3,0,0
45,100,3,60,0.9,1.1,6,21,0,0
45,101,5,21,0,0.8,1.4,6.3,0,0
45,103,3,12,0,0.2,0.7,3.9,0,0
45,104,3,14,0,0.6,0.4,5,0,0
45,105,2,4,0,0.2,0.2,1.4,0,0
45,106,5,12,0,0,0.5,6,0,0
45,107,2,3,0,0,0.1,1.5,0,0
45,108,2,5,0,0.3,0.1,1.6,0,0
45,109,6,20,0,1.3,0.5,6.3,0,0
45,110,4,16,0,1.8,0,5.2,0,0
45,111,3,9,0,1,0,3,0,0
45,112,2,5,0,0.1,0.1,1.8,0,0
45,113,6,22,0,0.5,0.7,7.6,0,0
45,114,5,30,0.8,0,3.2,5.8,0,0
45,115,2,7,0.2,0,0.7,1.3,0,0
45,116,6,20,0,1.9,2.1,4.2,0,0
45,117,4,26,0,2.3,2.8,5.6,0,0
45,118,4,16,0.8,0.9,1.6,3.5,0,0
45,119,7,326,36,3.1,3.1,116.9,0,53.1
45,120,8,42,0,0,1.2,16.9,0,2.9
45,121,10,329,27.2,9,48.1,53.8,0,4.8
45,122,6,58,0.7,5,8.5,6.4,0,0
45,123,1,5,0.1,0.4,0.7,0.6,0,0
45,124,2,5,0,0.4,0.5,1.3,0,0
45,125,12,125.5,2,12,21.3,13.8,0,0
45,126,5,70,0,6.1,13.3,2.7,0,0
45,127,2,5,0,0.4,1,0.1,0,0
12,0,4,30.5,0,2.7,2,9,0,0
12,1,8,39,3.9,6.1,2,7,0,0
12,2,14,107.5,5.1,10,10.8,37.2,0,0
12,3,6,33,0,1.2,3.7,8.3,0,0
12,4,4,30,0,1.1,2.7,7.6,0,0
12,5,9,31,1.8,2.1,4.1,4,0,0
12,6,4,11,0,2.3,1.3,1.8,0,0
12,7,6,72,1,3,8.1,13.9,0,0
12,8,3,9,0.1,0.7,1.6,0.9,0,0
12,9,14,190.5,0.8,20.1,38.1,4,0,0
12,10,4,42,2,6,3,5,0,0
12,11,1,2,0.1,0.2,0.2,0.4,0,0
12,12,1,1,0,0.1,0,0.3,0,0
12,13,3,15,0,1.2,0.6,3.9,0,0
12,15,4,32,0,0,0,14,0,0
12,16,2,5,0,0.3,0.2,1.3,0,0
12,17,1,4,0,0.3,0.1,1,0,0
12,18,2,12,0,0.4,0.5,4.7,0,0
12,19,3,32,0.9,5,2.1,4.9,0,0
12,20,4,23,0.4,2.2,1.6,5.4,0,0
12,22,10,298.5,21.2,18.8,19,75.1,0,6
12,23,2,12,0,2.2,1.7,0.8,0,0
12,24,12,123.5,4.1,7,17.9,25.2,0,0
12,25,7,52,0,5.1,5.8,14.1,0,6.9
12,26,1,5,0.2,0.2,0.2,1.4,0,0
12,27,3,6,0.1,0.2,0.3,1.8,0,0
12,28,9,66,0,4.5,9.1,11.7,0,0
12,30,4,11,0,0,0,5,0,0
12,31,3,7,0,0,0,3.2,0,0
12,32,2,9,0,0.3,0.4,3.3,0,0
12,33,8,20,0,0.7,0.9,7.3,0,0
12,34,3,12,0.8,0.2,0.4,3.4,0,0
12,35,1,2,0.1,0,0.1,0.6,0,0
12,36,5,22,0,1,0.6,7.8,0,0
12,37,1,7,0,0.3,0.2,2.5,0,0
12,38,1,13,0,0.4,0,4.8,0,0
12,39,5,23,1,0,0,11,0,0
12,40,5,15.5,0,2.3,0,4.6,0,0
12,41,3,4,0,0.5,0,1.2,0,0
12,42,9,26.5,1.1,1.5,0,10.2,0,0
12,43,2,13,0.6,0.6,0,5.1,0,0
12,44,2,6,0,0.2,0.2,2.2,0,0
12,45,4,10,0,0.2,0.3,3.7,0,0
12,46,1,5,0.2,0.6,0,1.8,0,0
12,47,14,419.5,17.9,39.9,26.2,114,0,1
12,48,12,225.5,4.7,30.4,29.8,16.1,0,0
12,49,20,172.5,2.7,14.6,17.7,30.7,0,0
12,50,11,50.5,1,7,4.1,10.1,0,0
12,51,16,204,3.9,25,27.2,26,0,0
12,52,12,49,0.8,7.1,1.2,12.7,0,0
12,53,3,61,2,12,8,1,0,0
12,54,10,215,1.9,26.3,40,7.8,0,0
12,55,7,129,3,16.8,18,13.1,0,0
12,56,3,189,0,39,32,3,0,0
12,57,2,4,0,0.4,0,1.4,0,0
12,58,1,2,0.1,0.2,0,0.7,0,0
12,59,5,17,1.1,1.2,0,6.2,0,0
12,60,9,104,1,31,3,10.1,0,0
12,61,4,11,0.3,1.8,0.6,1.7,0,0
12,62,3,10,0,0,1.5,3,0,0
12,63,8,155.5,2,13.1,28.9,10.9,0,0
12,64,5,11,0,0.1,0.3,3.3,0,0
12,65,5,17,0,0.2,0.5,5.1,0,0
12,66,2,2,0,0.2,0,0.8,0,0
12,68,1,3,0,0.3,0.1,1,0,0
12,69,1,3,0,0.3,0.1,1,0,0
12,71,1,1,0,0,0.2,0.3,0,0
12,72,4,7,0,0,0.2,2.8,0,0
12,73,8,29,0,0,1,11.5,0,0
12,75,5,9,0,0.6,1.5,2.1,0,0.1
12,76,4,13,0,0,0.5,5.1,0,0
12,77,4,9,0,0,0.3,3.5,0,0
12,78,2,7,0,0,0.2,3.1,0,0
12,79,1,1,0,0,0,0.5,0,0
12,80,3,7,0,0,0.2,2.5,0,0
12,81,2,8,0,0,0.3,2.7,0,0
12,82,3,12,0,0,1.4,4.4,0,0
12,83,4,5,0,0,0.5,2,0,0
12,84,2,13,0,0.7,0.3,3.9,0,0
12,85,3,11,0,0.6,0.3,3.3,0,0
12,86,1,4,0.1,0.2,0.3,1.2,0,0
12,87,1,1,0,0,0.1,0.3,0,0
12,89,3,12,0.5,0.1,0,3.6,0,0
12,90,1,6,0.2,0.1,0,1.8,0,0
12,91,2,7,0.2,0.1,0,2.1,0,0
12,92,2,9,0,0,0.3,3.2,0,0
12,94,4,21,1,0.6,1.3,5.7,0,0
12,95,12,61,1.3,8.8,3.1,16,0,0
12,96,12,59,2.1,5.9,1,15.9,0,0
12,97,4,26,0,1.5,3.5,5.4,0,0
12,98,6,17,0,1.3,1.4,5.1,0,0
12,100,2,5,0.1,0.3,0.3,1,0,0
12,103,1,3,0,0.2,0.2,0.6,0,0
12,104,1,3,0,0.3,0,0.9,0,0
12,105,9,74.5,0.9,4.9,5.3,24.9,0,0
12,106,1,2,0,0.2,0,0.6,0,0
12,107,1,4,0,0.4,0,1.3,0,0
12,108,1,1,0,0.1,0,0.3,0,0
12,109,5,20,0,1.4,0,6.5,0,0
12,110,4,16,0,1.6,0,6.3,0,0
12,111,4,11,0,1.1,0,4.3,0,0
12,112,2,6,0,0,0.2,2,0,0
12,114,4,10,1.6,0.4,0,3,0,0
12,115,11,110,9.3,1.6,0,44.7,0,0
12,116,3,9,0,0.5,0,3.7,0,0
12,117,6,12,0,0.8,0,4.8,0,0
12,118,4,12,0,0.6,0.6,2.9,0,0
12,119,2,11,0,0.5,0.6,2.5,0,0
12,120,1,1,0,0.1,0,0.3,0,0
12,122,1,1,0,0.1,0,0.3,0,0
12,124,1,6,0.2,0,0,2.9,0,0
12,125,5,11,0.4,0,0,5.3,0,0
12,127,9,82,0.8,12.3,7.7,25.1,0,2.9
43,0,5,14,0,1,0.5,6.9,0,0
43,1,9,356.5,8,11.1,50.9,63,0,0
43,2,5,53,1.1,0,13,4,0,0
43,3,4,18,0,0.5,0.6,6.8,0,0
43,4,9,43,0,2.7,3.5,10.1,0,0
43,5,12,53,1,3.1,4.1,10.8,0,0
43,6,7,663,14,212.8,65.1,21,0,97
43,7,4,2546.5,147,152,270.1,753,4,146
43,8,7,333,9,20.9,57,38,1,8
43,9,7,27,0,0,3.9,7.1,1,0
43,10,6,24.5,1,1.1,1.9,6.9,0,0
43,11,11,262,2.9,7.9,50.8,50.2,1.2,19
43,12,10,176,0,4.9,38,19.1,0,0
43,13,7,15,0,0,0.6,6,0,0
43,14,15,54.5,0,2.5,3.1,15.4,0,0
43,15,9,39.5,1.9,0.9,1.1,13.1,0,0
43,16,9,42.5,1,1.7,2.2,9,0,0
43,17,9,37,0.7,0.9,1.1,13,1.3,0
43,18,4,12,0,0.1,0.4,4.1,0,0
43,19,4,9,0,0,0.4,3.1,0,0
43,20,8,26,0,0,0.3,10,0,0
43,21,10,39,0,0.9,3.1,10.1,0,0
43,22,11,224,5.1,6,32,47,0,13
43,23,9,34,0.8,1,3,8.2,0,0
43,24,4,15,0,1.3,0.2,4.5,0,0
43,25,12,41.5,0,2,0,17.9,0,0
43,26,4,14,0.3,0,0,5.5,0,0
43,28,5,21,0,0.2,0.8,6.7,0,0
43,29,3,7,0,0,0.3,2.2,0,0
43,30,4,13,1.5,4.4,0,1.9,0,0
43,31,4,36,4.4,11.7,0,5.3,0,0
43,32,4,11,0,0.8,1.1,3.2,0,0
43,33,2,6,0,0.4,0.6,1.7,0,0
43,34,5,58.5,0,5.8,4,18.3,0,0
43,35,10,168.5,0,17.8,25,17.1,0,12
43,36,3,17,0.7,0.4,1.8,3.8,0,0
43,37,2,13,0.5,0.3,1.4,2.9,0,0
43,38,4,8,0.1,0,0.6,2.3,0,0
43,39,8,34,1.1,3.9,2,9,0,0
43,40,2,7,0,0.1,0.4,2.1,0.2,0
43,41,4,13,0,0.1,0.8,4,0.3,0
43,42,3,8,0,0,0.3,3.7,0,0
43,43,2,5,0,0,0.1,2.4,0,0
43,44,5,29,0,0.5,2,6.8,0,0
43,45,7,27,0,0.6,1.8,6.3,0,0
43,46,2,11,0,0,0.2,3.7,0,0
43,47,13,89,0.6,21.9,1.2,15.9,0,0
43,48,8,47,0,1,3.9,12.1,2,0
43,49,4,11,0,0.6,0.2,3.3,0.4,0
43,50,2,14,0.1,0.3,1.1,3.9,0,0
43,51,2,3,0,0.1,0.3,0.8,0,0
43,52,9,27,0,0,2.7,8.1,0,0
43,53,9,27,0,1.3,2.8,8.9,0,0
43,54,4,36,1,0,5,6,0,0
43,55,8,50,1.1,1.1,5.9,13,0,0
43,56,10,51,0,6.7,7,8.2,0,0
43,57,4,10,0,0.9,0.3,3.1,0,0
43,58,5,16,0.2,1.8,0.9,3.7,0,0
43,59,9,56,1,6.3,3.1,13,0,0
43,60,9,192,5.9,18,9.3,54.9,0,5
43,61,12,115.5,3.1,10,13.8,13.1,0,3.1
43,62,3,11,0.4,0.8,0.2,3.2,0,0
43,63,2,5,0.2,0.3,0.1,1.5,0,0
43,64,10,51,0,2.7,3.3,21.8,0,0
43,65,13,63,1.9,3,7.8,16.2,0,0
43,66,11,85,0,5.8,12,22.1,1,0
43,67,8,47,0,0,2.9,14.1,0,0
43,68,6,35,0.8,3.2,1,13,0,0
43,69,18,219,8.1,36.9,21.3,23.6,0,1
43,70,13,726.5,147,147.1,32,64.9,0,68.1
43,71,11,199,17.1,35.9,27.9,19,0,1
43,72,7,21,0,1.1,0,10.9,0,0
43,73,14,134.5,1,7,13.3,37,0,2
43,74,5,18,0,0.7,1.5,4.5,0,0
43,75,1,5,0,0.2,0.4,1.2,0,0
43,76,2,11,0.3,0,1,3.1,0,0
43,77,1,3,0.1,0,0.2,0.9,0,0
43,78,6,24,0.5,1.9,1.2,8.1,0,0
43,79,5,106,2,25,14,8.9,0,7
43,80,7,166,29,60.1,0.9,0,0,0
43,81,8,34,0,3.3,6.9,2.9,0,0
43,82,4,9,0,1.3,0.1,3.2,0,0
43,83,4,14,0,1.9,0.4,4.9,0,0
43,84,2,7,0,1.4,0,2.1,0,0
43,85,1,1,0,0.2,0,0.3,0,0
43,86,3,11,0,0.2,0.3,4.4,0,0
43,87,5,36,0,0,3.1,16,0,0
43,88,4,13,0,0.8,0.8,4.4,0,0
43,89,1,2,0,0.1,0.1,0.7,0,0
43,90,6,20,0,1.4,2.1,5.9,0,0
43,91,7,25,0,0,1,10,0,0
43,93,11,95,0.9,5,7.1,19.9,0,0
43,94,7,33,0,2.9,7,4.1,0,0
43,95,3,12,0,1.3,1.3,1.8,0,0
43,96,1,2,0,0.1,0.1,0.5,0,0
43,98,2,2,0,0,0.2,0.8,0,0
43,99,1,1,0,0,0.1,0.4,0,0
43,100,5,20,0,0,2.4,6.4,0,0
43,101,2,6,0,0,0.7,1.9,0,0
43,102,2,3,0,0.1,0.4,0.8,0,0
43,103,10,44,0.8,2.9,2,13.2,0,0
43,104,2,5,0,0,0.1,2.1,0,0
43,105,4,10,0,0,0.3,4.1,0,0
43,106,8,24,0.6,3.8,1.4,7.6,0,0
43,107,5,7,0.2,1.2,0.5,2.1,0,0
43,109,4,15,0,0.5,0.9,4.5,0,0
43,110,5,24,0,0.8,1.2,7.2,0,0
43,111,4,14,0,0.5,0.7,4.2,0,0
43,112,4,12,0,0.5,0.6,3.9,0,0
43,113,4,12,0,0.5,0.6,3.9,0,0
43,114,8,64,2,3.9,4,19.1,0,0
43,115,5,214,1.1,67,15.9,1,0,5
43,116,2,11,0.5,0.9,0.6,1.7,0,0
43,117,3,85,26.4,2.2,2.4,5.3,0,1
43,118,6,35,0,0,5.1,7.9,0,3
43,119,9,413.5,1,10.7,7,191.1,0,63
43,120,7,223.5,4.2,12.9,45,12.9,0,0
43,121,9,486,21.1,115,55,23.9,1,22
43,122,3,16,0.6,1.7,0.9,3.2,0,0
43,123,2,13,0.6,1.4,0.6,2.6,0,0
43,126,1,2,0,0.2,0.2,0.3,0,0
43,127,1,9,0,0.7,0.9,1.5,0,0.2
13,0,4,14,0,1.2,0.9,4.2,0,0
13,1,6,40,0,4,0,10.1,0,0
13,2,15,131.5,3.8,9.1,19.6,13.2,0,0
13,3,2,19,0,0.7,2.2,4.8,0,0
13,4,5,97.5,2,11,14.9,10,0,0
13,5,6,26,0,1,2.4,6.5,0,0
13,6,2,5,0,1,0.7,0.8,0,0
13,7,4,54,1,10.5,7.2,2.6,0,0
13,8,11,136.5,1.8,10.9,24.1,13.6,0,0
13,9,2,6,0.1,0.5,1,0.6,0,0
13,10,1,16,0.5,1.8,1.8,2.8,0,0
13,11,2,17,0.5,1.9,2,2.9,0,0
13,12,2,31,0,2.6,1.3,8,0,0
13,13,6,60,0,5,9.8,11,0,0
13,14,3,37,0.9,1.1,3,9.9,0,0
13,17,3,22,0,1.4,0.7,5.7,0,0
13,18,3,16,0,0.5,0.6,6.3,0,0
13,19,9,56,0,14.8,2.1,5.2,0,0
13,20,5,49,1.1,3,4.9,8,0,0
13,21,4,20,0.4,2,1.3,4.7,0,0
13,22,8,108,31,8,4,20,0,22
13,23,2,37,0,6.8,5.3,2.3,0,0
13,24,8,27,0,8.1,0.9,4,0,0
13,25,12,97,1.9,3,6.1,25,0,0
13,26,2,12,0.4,0.5,0.5,3.5,0,0
13,27,1,4,0.1,0.1,0.2,1.2,0,0
13,28,2,7,0,0.5,0.9,1.3,0,0
13,29,5,13,0,0.8,1.8,2.5,0,0
13,30,3,8,0,0,0,3.7,0,0
13,31,11,41,0,4.1,1.2,12.7,0,0
13,32,4,14,0,0.3,0.5,5.3,0,0
13,33,6,31.5,1,1.1,4,6.9,0,0
13,34,4,29,2,0.7,0.8,8,0,0
13,35,9,46,0,2,8.1,12,0,2
13,36,2,4,0,0.2,0.2,1.4,0,0
13,37,4,9,0,0.3,0.2,3.3,0,0
13,38,5,10,0,0.3,0,3.7,0,0
13,39,4,12,0,0.4,0,4.4,0,0
13,40,11,171,3.2,10.8,12.9,43.1,0,2
13,41,2,14,0,2.1,0,4.2,0,0
13,42,1,2,0.1,0.1,0,0.8,0,0
13,43,8,56,0,5.9,6.9,10.1,0,0
13,44,4,13,0,0.2,0.4,4.8,0,0
13,45,4,14,0,0.2,0.5,5.1,0,0
13,46,10,42,1.8,4.4,0,15.1,0,0
13,47,14,62,0,4.7,5.3,21.7,0,0
13,48,16,312,3.1,31.7,53.1,34,1,3
13,49,6,202.5,2.1,12.9,52.9,6,0,0
13,50,8,43,0.4,3,3.2,12.5,0,0
13,51,7,24,0.4,1.6,1.9,6.8,0,0
13,52,13,44,0,1.3,0,16.3,0,0
13,53,7,20,0,0.5,0,7.5,0,0
13,54,7,151.5,2.1,17.8,28.1,15.1,0,0
13,55,9,246,1.2,16,59.9,9.9,0,0
13,56,3,10.5,0,1.1,0,3.5,0,0
13,57,3,13,0,1.4,0,4.3,0,0
13,58,4,8,0.5,0.7,0,2.8,0,0
13,59,1,1,0.1,0.1,0,0.3,0,0
13,60,7,58,0.8,9.5,3.2,9.2,0,0
13,61,4,145,3.9,19.1,23,10,1,5
13,62,4,9,0,0,1.3,2.7,0,0
13,63,5,21,0,0,3,6.3,0,0
13,64,5,18,0,0.2,0.5,5.4,0,0
13,65,4,17,0,0.3,0.5,5.1,0,0
13,66,7,21,0,1.8,0,8.4,0,0
13,67,1,2,0,0.2,0,0.8,0,0
13,68,2,3,0,0.3,0,1.1,0,0
13,69,2,10,0,1,0.3,3.3,0,0
13,70,4,15,0,0.3,2.9,4,0,0
13,71,6,64,1,4.9,6.9,20.7,0,0
13,72,6,14,0,0,0.5,5.5,0,0
13,73,2,6,0,0,0.2,2.4,0,0
13,74,4,12,0,0.6,2,2.8,0,0.2
13,75,12,102,0,4,14.4,30,1,3.3
13,76,4,16,0,0,0.5,6.3,0,0
13,77,5,16,0,0,0.4,6.4,0,0
13,78,2,5,0,0,0.1,2.2,0,0
13,79,2,8,0,0,0.3,3.5,0,0
13,80,4,9,0,0,0.4,3.1,0,0
13,81,2,5,0,0,0.2,1.7,0,0
13,83,4,10,0,0,1.1,3.8,0,0
13,84,4,10,0,0.6,0.2,3,0,0
13,85,2,3,0,0.2,0.1,0.9,0,0
13,86,3,8,0.1,0.4,0.7,2.4,0,0
13,87,3,8,0.1,0.4,0.7,2.4,0,0
13,88,2,5,0.2,0,0,1.5,0,0
13,89,1,6,0.2,0.1,0,1.8,0,0
13,93,1,1,0,0,0,0.4,0,0
13,94,10,23,0.9,0.6,1.5,6.3,0,0
13,96,5,25,0,1.4,3.4,5.3,0,0
13,97,1,1,0,0.1,0.1,0.2,0,0
13,98,1,2,0,0.1,0.2,0.6,0,0
13,99,3,6,0,0.3,0.6,1.8,0,0
13,100,4,17,0.3,0.9,1.2,3.1,0,0
13,101,2,6,0.2,0.3,0.4,1.1,0,0
13,102,2,13,0.2,0.8,0.9,2.4,0,0
13,103,2,20,0.3,1.2,1.3,3.8,0,0
13,104,1,3,0,0.3,0,0.9,0,0
13,105,11,44.5,0,6.1,7.9,7,0,0
13,107,1,3,0,0.3,0,0.9,0,0
13,108,1,2,0,0.1,0,0.7,0,0
13,109,1,2,0,0.1,0,0.7,0,0
13,110,4,17,0,1.7,0,6.6,0,0
13,111,3,3,0,0.3,0,1.2,0,0
13,112,3,18,0,0,0.8,5.8,0,0
13,113,1,2,0,0,0.1,0.6,0,0
13,114,2,3,0.5,0.1,0,0.9,0,0
13,115,1,4,0.7,0.1,0,1.2,0,0
13,118,5,20,0,0.8,0.9,4.8,0,0
13,121,1,2,0,0.1,0,0.7,0,0
13,122,3,10,0.2,0.4,0,3.2,0,0
13,124,1,1,0,0,0,0.5,0,0
13,125,4,7,0.3,0,0,3.2,0,0
13,126,1,3,0.1,0.3,0.2,1,0,0.1
13,127,1,3,0.1,0.3,0.2,1,0,0.1
36,0,7,424.5,8.3,18.9,140,7.9,1,14
36,1,11,422,54.9,31.1,103.2,13.8,0,42
36,2,8,532,10.9,47.1,144,12.1,0,5
36,3,8,317.5,11.1,19,84.9,7.1,0,26
36,4,6,137.5,0.4,8.4,35,3.2,0,0
36,5,2,7,0.2,1.4,0,1.2,0,0
36,6,3,4,0,0.4,0.4,0.7,0,0
36,7,12,362.5,5.4,23.6,67.7,26.4,2,0
36,8,9,741.5,20,53.9,125,110.1,0,34
36,9,10,519.5,11.9,38,87.1,46,0,7
36,10,10,23,0,1.1,2.2,9.7,0,0
36,11,12,366.5,4.9,14,84.2,25,0,0
36,12,8,305,8,25.1,59.1,36.8,0,11
36,13,6,15,0.5,1.6,0,5.5,0,0
36,14,9,45,1.9,2.1,0,14,0,0
36,15,8,43,1.8,8,2.1,5.1,0,0
36,16,1,5,0.2,0.3,0.1,1.3,0,0
36,17,3,6,0.3,0.6,0,1.5,0,0
36,18,6,124,3,37,5,17,0,0
36,19,13,323.5,4.2,29,66.8,22.1,1,0
36,20,5,19,0,0,0.7,6.2,0,0
36,21,11,62,2,4.8,5.3,11.9,0,0
36,22,9,18,0,0.8,1,6.2,0,0
36,23,11,33,0,1.9,1.1,12.1,0,0
36,24,10,62,0.8,5,3.1,15.1,0,0
36,25,8,338,20.1,20.1,29.9,101.9,0,24
36,26,17,233.5,6,26.9,29,27.1,0,0
36,27,11,29.5,0,0.6,1.3,11.9,0,0
36,28,10,45,0,2.8,3.1,12.9,0,0
36,29,17,142.5,2.8,19,9.1,25.2,0,0
36,30,13,133,0,9.1,20.8,23.1,0,4
36,31,3,20,0,0,0.7,6.4,0,0
36,32,5,12,0,0,0,4.7,0,0
36,33,2,3,0,0,0,1.2,0,0
36,34,15,206,3.8,16.5,22.8,54.7,0,0
36,35,8,27,0,1.4,0.5,8.9,0,0
36,36,2,5,0,0.1,0.2,1.8,0,0
36,37,5,21.5,0,0.4,1,7.5,0,0
36,38,2,4,0,0,0,1.8,0,0
36,39,3,10,0,0,0.1,4.3,0,0
36,40,10,70,1,2,3.1,21,0,0
36,41,9,304.5,7,26.1,28,72,1,7
36,42,7,52,0.9,1.2,5.9,12.9,0,0
36,43,4,15,0,0.3,0,5.1,0,0
36,44,5,12,0,0,0.4,4.2,0,0
36,45,2,10,0,0,0.3,3.5,0,0
36,46,5,11,0,0,0.2,4.2,0,0
36,47,4,15,0,0,0.3,5.7,0,0
36,48,6,73,0,3.7,15.5,6.6,0,0
36,49,10,84,0,0.8,16.1,14.1,0,0
36,50,7,93,1.1,10,10,13,0,0
36,51,4,187.5,1,16,32,17,0,5
36,52,6,13,0,1.1,0.5,4.7,0,0
36,53,6,14,0,1.1,0.5,5.1,0,0
36,54,8,35,0,0,2.3,8.7,1,0
36,55,10,31,0,2.1,0,10.2,0,0
36,56,4,8,0,0,0,3.2,0,0
36,57,5,15,0,0,0,6,0,0
36,58,5,15,0.5,0.9,0.7,4,0,0
36,59,7,25,0.7,1.6,1,6.8,0,0
36,60,4,18,0,0.5,0.5,6.8,0,0
36,61,5,18,0,0,1,9.9,0,0
36,62,8,49,0,2,1.1,14.9,0,0
36,63,7,24,0,0,1.1,9.8,0,0
36,64,11,36,0,0,3.4,10.8,0,1.9
36,65,18,180.5,5.9,10.1,11.9,58.2,0,3
36,66,8,30,0,2.4,0,12.5,0,0
36,67,9,57.5,0,1.7,11.1,8.1,0,0
36,68,15,118,4.8,2.1,8.1,36,0,0
36,69,9,44,1.1,2,4,14,0,2
36,70,6,20,0.3,0.6,1.8,5.4,0,1.1
36,71,5,17,0.4,0.6,1.3,4.5,0,1
36,72,10,82,0,7.7,11.3,16,0,8
36,73,14,81,1.2,4.8,6.9,19.9,0,0
36,74,8,34,0,1.9,3,9,0,0
36,75,9,25,0,0,0,13,0,0
36,76,14,51,0,0.8,0,20.1,0,0
36,77,8,30,0,0,2.4,10.6,0,0
36,78,1,2,0,0.2,0.2,0.5,0,0
36,79,8,16,0,1.6,1.8,4.1,0,0
36,81,5,25,0,1.3,1.8,8.5,0,0
36,82,6,13,0,0.6,0,6,0,0
36,83,1,2,0,0.1,0,0.9,0,0
36,86,2,7,0,0,0.2,2.8,0,0
36,87,5,24,0,0,1,11,0,0
36,88,6,25,0.3,1.7,0.9,6.4,0,0
36,89,4,15,0.1,1,0.6,3.8,0,0
36,90,7,25,0,1,0,11.8,0,0
36,91,1,2,0,0,0.3,0.5,0,0
36,92,7,48.5,0,0,5.9,13.1,0,0
36,93,6,26,0,0,4.9,6.6,0,0
36,95,1,2,0,0.1,0.2,0.6,0,0
36,97,1,2,0,0.1,0.1,0.7,0,0
36,98,2,9,0.3,1.2,0.6,2.4,0,0
36,99,6,14,0.5,1.9,0.9,3.7,0,0
36,102,6,27,0,1.9,3.7,5.7,0,0
36,103,7,81,1,1.9,15,13.1,0,4
36,104,7,24,0,0.9,1.4,7.2,0,0
36,105,7,21,0,0.9,1.1,6.3,0,0
36,106,4,16,0.4,0.7,0,6.4,0,0
36,107,2,3,0,0.2,0,1.2,0,0
36,109,10,78,2.9,7,4.1,18,0,0
36,110,6,29.5,0,1.6,1.7,7.8,0,0
36,111,1,5,0,0.3,0.3,1.3,0,0
36,112,2,19,0,2.1,0,5.3,0,0
36,113,3,10,0,1.2,0,2.8,0,0
36,114,3,11,0.5,0.6,0.6,2.2,0,0
36,115,11,68,0.5,1.1,1.3,23,0,0
36,116,10,43,1.5,1,1.9,11.9,0,0
36,117,2,4,0.2,0,0.2,1.2,0,0
36,118,2,3,0,0.1,0,1.1,0.1,0
36,119,4,9,0.1,0.2,0,3.2,0.3,0
36,120,4,17,0,0.9,1,4.1,0,0
36,121,3,9,0,0.5,0.5,2.2,0,0
36,122,2,3,0,0.1,0.3,0.8,0,0
36,124,1,3,0,0.1,0.1,1,0,0
36,125,2,5,0,0.1,0.1,1.8,0,0
36,126,1,1.5,0,0,0.1,0.5,0,0
36,127,1,1,0,0,0,0.4,0,0
40,0,9,165.5,4,17.7,28.1,20.1,0,0
40,1,10,59.5,1.8,8,2.9,11.2,0,0
40,2,5,80,7,6,8.1,20,0,5
40,3,10,342,6.9,39.1,54.1,23.9,0,4
40,4,4,17,0.2,1.7,0.5,4.4,0,0
40,5,7,43,0,2.1,4,11.8,0,0
40,6,7,27,1.6,1.1,0.9,7.2,0,0
40,7,3,16,1,0.7,0.5,4.2,0,0
40,8,7,41,0,2.8,3.3,10.8,0,0
40,9,7,194,1,7.9,31.1,23.9,0,0
40,10,12,245,6,19.9,36.9,41,0,6
40,11,10,36,0,1.3,0.5,10.7,0,0
40,12,8,42,0,3.1,1.9,7.8,0,0
40,13,7,141,1.9,1,18.2,35.9,1,3
40,14,8,45,0,2.2,4.9,7.8,0,0
40,15,8,31,1.2,0.5,1.7,12,0,0
40,16,12,385.5,3.8,29.1,52.8,76.2,1.1,9
40,17,6,19,0.6,0,1.3,5.9,0,0
40,18,2,6,0,0,0,2.3,0,0
40,19,11,30.5,0,0,0,11.8,0,0
40,20,12,211,2.9,12.3,22.8,59.9,0,3
40,21,11,52,0,2.9,3.1,11.2,0,0
40,22,5,22,0.4,1,0,6.6,0,0
40,23,12,37.5,0.8,5,2.3,13,0,0
40,24,11,1035,37,79.1,101.8,335,1,49
40,25,13,224,2.2,23.9,26,42,0,6
40,26,12,39,0,1.7,0,18.1,0,0
40,27,6,18,0,1.8,0.8,6.6,0,0
40,28,9,35,0.9,1.4,4,14.7,0,0
40,29,6,33.5,0,2.6,0.6,13.6,0,0
40,30,4,16.5,0,0.9,0.5,4.7,0,0
40,31,6,19,0,1,0.3,5.6,0,0
40,32,5,11,0.5,0.2,0,4.4,0,0
40,33,5,12.5,0.6,0.1,0,5,0,0
40,34,3,12,0,0,0.9,2.9,0,0
40,35,8,33.5,0,0,2.3,8.1,0,0
40,38,6,24,0,0,2,12,0,0
40,39,3,9,0,0.3,0.9,3.3,0,0
40,40,6,18,0.3,0,0.7,5.6,0,0
40,41,3,7,0.1,0,0.3,2.2,0,0
40,42,6,21,0,0.8,1.2,5.7,0,0
40,43,6,19,0,0.6,1.1,5.2,0,0
40,44,8,44.5,0,3.3,4.9,9,0,0
40,45,9,397.5,78,6,62,20,0,87
40,46,5,31,0,1,5.1,6.9,0,0
40,47,5,27,0,0.9,2.1,10,0,0
40,48,9,41,0,2.1,3.7,10.6,0,0
40,49,6,61.5,0,3.1,4,16.9,0,0
40,50,13,486.5,31.1,71.9,52.1,83,0,1
40,51,7,1284,44.9,38.1,249.1,281,1,117
40,52,14,353,10.9,22.2,60.9,36.1,0,0
40,53,9,119,1,7.7,7.2,41,0,0
40,54,7,56,1,3.1,3,16,0,0
40,55,10,94,0.9,19,4.9,21.1,0,0
40,56,8,54,0,1.8,1,23,0,0
40,57,11,54,2.2,3.9,0.8,18.1,0,0
40,58,12,66,0.8,6.1,4.9,15,0,0
40,59,16,220,1,45.2,25.1,22.6,0,0
40,60,16,109,3.7,22.7,6.4,17.4,0,0
40,61,12,148,10.8,13,10.1,38,0,7
40,62,5,34.5,0,2.3,1.1,8.8,0,0
40,63,7,58.5,0,1.1,9,7.9,0,0
40,64,9,38.5,0.9,1.2,1.9,11.9,0,0
40,65,15,101.5,1.7,1.8,7.4,42,0,0.8
40,66,12,94,2.7,8.1,7.2,21.9,0,0
40,67,13,151.5,4,3.8,11.2,47.8,0,0
40,68,9,126,1,20.9,11.1,13,0,2
40,69,16,308,7.9,23.1,39.2,50,0,11.1
40,70,2,11,0.1,1.1,1,2.3,0,0
40,71,13,77,0,11.6,12.1,9.4,0,0
40,72,11,92,0,3.9,18.2,9.7,0,0
40,73,9,27,1.2,1.3,0.4,8.2,0,0
40,74,11,113,2.3,4.9,16.9,23.9,0,4.9
40,75,11,64,1.3,2.8,4,23,0,0
40,76,8,137.5,0.9,12,9.1,38,0,1.9
40,77,10,50,0,4.2,0,17.9,0,0
40,78,9,41,1.2,2.9,4.1,9.8,0,0
40,79,13,267,10.1,58.9,40.1,14.1,0,7
40,80,9,126.5,0.9,9.2,30.8,6.1,0,9.9
40,81,7,31.5,0.9,1.5,0.9,11.7,0,0
40,82,3,10,0.2,1.3,1.4,1.2,0,0
40,83,6,32,0.9,1,5.9,5,0,0
40,84,11,80,0,8.2,7.8,23.1,0,0
40,85,11,103,2,7.1,17.1,16.9,0,2
40,86,7,18,0,0.4,0.7,6.1,0,0
40,87,7,64,0,1,5,25,0,0
40,88,8,22,0.2,0.9,0.4,7.3,0,0
40,89,5,18,0.2,0.8,0.2,6,0,0
40,90,5,23,0,1.3,1.3,7.9,0,0
40,91,5,7,0,0.5,0.5,2.3,0,0
40,92,8,43.5,0,0.9,3.9,15.1,0,0
40,93,6,42,0,2.5,5.8,8.1,0,0
40,94,11,64.5,0,6,8,11.1,0,0
40,95,9,219.5,4,55.8,23.1,11,0,33
40,96,10,898,97,195.9,53.1,163.9,2,181
40,97,6,29,1.1,4.8,1.1,4.1,0,0
40,98,2,3,0,0.1,0.3,1.2,0,0
40,99,1,2,0,0.1,0.2,0.8,0,0
40,100,1,2,0,0.1,0.1,0.5,0,0
40,101,2,11,0,0.6,0.4,2.6,0,0
40,102,1,5,0,0.1,0.7,1,0,0
40,103,4,16,0.1,0.4,2.3,3.1,0,0
40,104,8,36,0.8,2,1.2,16,0,0
40,105,2,2.5,0.2,0,0.2,0.8,0,0
40,106,11,55.5,0.7,3.8,4.1,16.7,0,0
40,109,4,7,0,0.3,0.4,2.1,0,0
40,110,5,42,0,1,7.8,3.1,0,0
40,111,9,153,0,35,19,9.1,0,0
40,112,6,235,10,86.1,3,3.9,0,0
40,113,5,17,0,0.7,0.9,6.2,0,0
40,114,6,49,0.9,0,7,7,1.1,0
40,115,3,12.5,0.5,0,1.2,3.9,0,0
40,118,1,2,0.7,0,0,0.3,0,0.2
40,120,1,7,0,0.5,0.2,2,0,0
40,121,3,13,0,0.8,0.5,3.7,0,0
40,122,1,3,0.1,0.2,0,0.9,0,0
40,123,3,9,0.2,0.7,0,2.7,0,0
40,124,3,8,0,0.5,0,3.2,0,0
40,126,1,2,0,0.1,0,0.8,0,0
40,127,1,1,0,0.1,0,0.4,0,0
4,0,3,10,0,0.5,0.8,3.2,0,0
4,1,1,2,0,0.1,0.2,0.6,0,0
4,2,2,6,0,0.3,0.5,1.9,0,0
4,3,2,7,0,0.3,0.6,2.2,0,0
4,4,1,3,0,0,0.4,0.9,0.1,0
4,11,6,10,0,0.4,0.6,4,0,0
4,12,4,11,0,1.2,1.2,3.2,0,0
4,13,6,20,1,0,2,8,0,0
4,14,12,60,2.3,5.8,7.6,11.1,0,0
4,15,2,16,0.6,1.5,2.1,2.9,0,0
4,16,2,6,0.2,0.6,1,0.7,0,0
4,17,1,2,0.1,0.2,0.3,0.2,0,0
4,18,4,14,0,0.5,0.3,5.1,0,0
4,19,7,29,0,1.2,0.5,10.4,0,0
4,20,8,61,1,0,5.9,19.9,0,0
4,21,3,12,0,1.2,1.2,2.8,0,0
4,22,1,3,0.2,0.2,0.3,0.9,0,0
4,23,1,9,0.5,0.8,0.8,2.7,0,0
4,24,2,7,0.2,0.2,0.5,2.7,0,0
4,25,2,8,0.3,0.3,0.5,3,0,0
4,26,2,16,0.3,0.6,0.9,5.3,0,0
4,27,5,22,0.4,1,1.1,7.3,0,0
4,28,2,10,0,0.3,0.7,3.4,0,0
4,29,1,9,0,0.3,0.6,3.1,0,0
4,30,6,80,1,5.1,5,23,0,3
4,31,5,11,0.3,0.3,0.8,3.4,0,0
4,32,5,13,0.3,0,1.2,4.6,0,0
4,33,4,13.5,0.3,0,1.2,4.7,0,0
4,34,3,6,0,0.1,0.2,2.9,0,0
4,35,2,2,0,0,0,1,0,0
4,37,2,11,0,0.2,0.5,3.3,0,0
4,38,3,10,0,0,0.6,4.1,0,0
4,39,2,8,0,0,0.5,3.3,0,0
4,40,5,22,0.3,0.9,0.4,7.3,0,0
4,41,4,15,0.2,0.6,0.3,5,0,0
4,42,1,7,0.2,0,0.3,2.3,0,0
4,43,3,10,0.4,0,0.4,3.2,0,0
4,44,1,4.5,0,0,0,1.9,0,0
4,45,1,6,0,0,0,2.6,0,0
4,46,7,28,0,0,0,12,0,0
4,55,6,70,1.1,4.1,14,5.9,0,0
4,56,5,31,0,0,0,12.9,0,0
4,57,3,10,0.3,0.5,0,4.2,0,0
4,58,3,7,0.2,0,0.1,2.5,0,0
4,59,3,5,0.1,0,0.1,1.8,0,0
4,60,1,5,0.4,0.4,0,2.2,0,0
4,62,3,8,0.6,0.7,0,3.5,0,0
4,63,3,7,0.4,0.7,0,3.1,0,0
4,64,3,10,0,0.3,0.7,3.7,0,0
4,65,5,19.5,0,0.6,1.4,7.3,0,0
4,68,2,2,0,0,0.2,0.8,0,0
4,69,1,3,0,0.1,0.2,1.1,0,0
4,70,1,2,0,0.1,0.1,0.8,0,0
4,72,1,1,0,0,0.1,0.3,0,0
4,73,4,14,0.3,0.5,0.6,4.4,0,0
4,74,7,23,0,0.4,0,7.8,0,0
4,75,1,3,0,0.1,0,1,0,0
4,76,3,7,0,0.3,0.5,2.8,0,0
4,77,3,8,0,0.3,0.6,3.2,0,0
4,78,2,4,0,0.2,0.6,1,0,0
4,79,4,12,0.1,0.3,1.5,3.3,0,0
4,80,5,10,0,0,0,4.8,0,0
4,82,3,12,0,0.2,0.5,4.8,0,0
4,83,7,44,1,0,2.1,18.9,0,0
4,84,5,30,1,3,2,8,0,0
4,85,7,25,0.4,1,1.5,8.1,0,0
4,86,3,5,0.3,0,0.1,2.1,0,0
4,87,1,3,0.1,0,0.1,1.3,0,0
4,88,9,31,0,4,0,11,0,0
4,89,5,12,0,0.1,0.5,4.3,0,0
4,90,3,8,0,0.2,0.3,3,0,0
4,91,4,9,0,0.1,0.2,3.6,0,0
4,92,3,12,0,0,0,4.3,0,0
4,93,3,4,0,0,0,1.5,0,0
4,95,1,2,0,0,0,0.7,0,0
4,97,2,7,0,0,0.8,1.6,0,0
4,99,1,1,0,0,0.1,0.4,0,0.1
4,100,6,22,0,2.1,0,9.8,0,0
4,101,5,10,0,0,0,4.8,0,0
4,104,1,2,0,0.1,0,1,0,0
4,105,1,1,0,0.1,0,0.5,0,0
4,107,2,6,0,0.6,0.5,1.3,0,0
4,108,5,16,0.5,0.6,0,5.9,0,0
4,110,4,87.5,1,16,13,3,0,10.9
4,111,1,5,0.2,0.5,0,1.6,0,0
4,112,1,2,0.1,0,0,0.9,0,0
4,114,3,5,0.3,0,0,2.2,0,0
4,116,1,4,0.2,0,0.5,1.2,0,0
4,118,11,78,0.9,9,10.1,14.2,0,0
4,119,13,617,48.2,94.1,42,189.8,2,38
4,120,7,799,172,58,79,104.9,1,77
4,121,7,50,2.6,1.8,4.4,15.8,0,0
4,122,6,53,2,7,3.1,9,0,0
4,123,3,10,0,1.3,0,2.5,0,0
4,125,2,9,0,0,0,2.7,0,0
4,126,1,5,0,0,0,1.5,0,0
4,127,1,1,0,0,0,0.3,0,0
3,0,3,5,0,0,0.2,2.3,0,0
3,1,5,22,0,0,0.9,10.5,0,0
3,2,2,4,0,0,0.6,1,0.2,0
3,3,1,5,0,0,0.7,1.4,0.2,0
3,12,1,3,0.3,0.4,0.5,1,0,0
3,13,1,1,0.1,0.1,0.2,0.3,0,0
3,14,2,7,0.3,0.6,0.4,2.2,0,0
3,15,5,28,0,2,2.1,7,0,0
3,16,2,7,0.4,0.7,0.4,3,0,0
3,17,6,15,0.9,1.5,1,6.1,0,0
3,18,1,3,0.3,0.3,0.3,0.6,0,0
3,20,3,9,0.3,0.5,1.7,1.9,0,0
3,21,5,20,0.7,1.2,3.8,4.1,0,0
3,23,1,1,0,0,0,0.5,0,0
3,24,2,6,0.2,0.3,0.5,1.9,0,0
3,25,1,7,0.2,0.3,0.6,2.3,0,0
3,26,2,7,0.4,0.4,0,2.7,0,0
3,28,1,18,0,0.5,1,7.5,0,0
3,29,5,18,0,0.5,1.1,7.4,0,0
3,30,2,4,0,0.8,0,1.5,0,0
3,31,3,10,0,1.9,0,3.6,0,0
3,32,3,12,0.2,0.4,0.9,3.4,0,0
3,33,3,14,0.2,0.5,1,4,0,0
3,34,4,9,0.1,0.2,1,2.3,0,0
3,36,3,8,0,0.4,0.3,2.8,0,0
3,37,1,1,0,0.1,0,0.3,0,0
3,38,3,7,0,0.2,0.2,2.6,0,0
3,39,1,3,0,0.1,0.1,1.1,0,0
3,40,10,169,49.1,13.1,6.1,12.7,0,0
3,41,13,504.5,44,44.2,59.9,125.9,0,59
3,42,4,13.5,0,1.7,0.4,3.7,0,0
3,43,2,5,0,0.6,0.1,1.4,0,0
3,44,1,1,0,0.1,0,0.4,0,0
3,45,1,5,0.1,0.4,0,1.8,0,0
3,54,3,4,0.1,0.3,0.1,1.2,0,0
3,55,2,7,0.3,0.3,0.3,2.2,0,0
3,56,3,5,0,0.5,0.6,1.8,0,0
3,59,1,3,0,0.3,0.4,1,0,0
3,60,5,18.5,0,0,0.4,8.1,0,0
3,63,5,22,0,0,0.8,10.6,0,0
3,65,7,30,0,1,2,9,0,0
3,66,4,11,0,0,0.5,5,0,0
3,67,2,9,0,0,0.4,4.1,0,0
3,68,4,11,0,0,0.4,5.1,0,0
3,69,6,19,0,0,0.5,9,0,0
3,70,2,2,0,0.2,0,0.6,0,0
3,71,2,10,0,0.6,0,3.2,0,0
3,72,1,1,0,0.1,0.1,0.2,0,0
3,73,8,55,1.6,5.1,5.8,9.3,0,0
3,74,2,7,0.2,0.3,0,2.6,0,0
3,75,3,11,0.3,0.5,0,4.1,0,0
3,76,4,12,0,0.2,0,4.8,0,0
3,77,6,18,0,0.3,0,7.2,0,0
3,78,3,5.5,0,0,0,2.8,0,0
3,79,5,19,0,0,0,9.7,0,0
3,80,8,56,3,5,2,19.9,1,0
3,81,3,47,0,3,1.1,24.9,0,0
3,83,1,8,0,0,0.2,3.4,0,0
3,84,1,3,0.1,0.1,0,1.1,0,0
3,85,7,31,0.8,1.3,0,11.6,0,0
3,86,3,9,0,0,0,3.4,0,0
3,87,1,4,0,0,0,1.5,0,0
3,88,3,9,0.4,0.9,0.9,1.9,0,0
3,89,14,252,7.8,15.1,20.4,100.7,0,18
3,90,13,145.5,1.7,32.1,3,50.1,0,16
3,91,6,16,0.7,1,1.6,4.1,0,0
3,93,1,2,0,0.1,0.1,0.8,0,0
3,94,1,1,0,0,0.1,0.4,0,0
3,95,1,3,0,0.1,0.1,1.2,0,0
3,96,3,4,0,0,0.1,1.9,0,0
3,97,3,4,0,0,0.1,1.9,0,0
3,98,1,4,0,0.2,0.1,1.6,0,0
3,99,1,1,0,0.1,0,0.4,0,0
3,100,2,4,0,0.6,0.2,1.4,0,0
3,101,7,20,0,3.2,0.9,6.7,0,0
3,102,1,1,0,0,0,0.4,0,0
3,103,5,13,0.2,0.4,0.4,4.6,0,0
3,104,4,16,0,0,0.7,6.6,0,0
3,105,2,9,0,0,0.4,3.7,0,0
3,107,1,1,0,0,0.1,0.4,0,0
3,108,3,6,0,0.4,0,2.6,0,0
3,109,7,27,0,1.5,0,11.6,0,0
3,110,4,53.5,2.1,0,3.9,23.1,0,0
3,111,13,76,0.9,10.8,9.1,12.1,0,0
3,112,1,3,0,0.2,0.4,0.8,0,0.2
3,113,7,25,1.1,3,0,8.9,0,0
3,114,1,1,0,0.1,0.1,0.3,0,0.1
3,115,1,2,0,0.1,0.3,0.6,0,0.1
3,117,1,2,0,0.2,0.1,0.6,0,0
3,118,6,11,0,1.5,0.7,3.3,0,0
3,119,12,374,31,35.1,65.9,34.1,0,8
3,120,6,930.5,160.9,206,20.2,124.9,2,128
3,121,14,132,8.9,25.8,11.2,14.7,0,1
3,122,2,7,0,0.3,0.6,2.5,0,0
3,123,2,6,0,0.3,0.5,2.1,0,0
3,124,1,1,0,0,0,0.5,0,0
3,125,2,3,0,0,0,1.4,0,0
3,126,1,3,0,0,0,1.4,0,0
3,127,1,3,0,0,0,1.4,0,0
39,0,4,10,0,1,0.7,2.9,0,0
39,1,7,18,0,1.8,1.3,5.2,0,0
39,2,2,5,0.1,0.6,0.3,1.1,0,0
39,3,2,7,0.1,0.8,0.4,1.6,0,0
39,4,8,54,1.9,7,1.2,13,0,0
39,5,10,24,0,4.9,0,9.2,0,0
39,6,3,8,0,0.8,0.8,1.7,0,0
39,7,1,1,0,0.1,0.1,0.2,0,0
39,8,3,10,0,0.5,0.2,3,0,0
39,9,8,30,0,1.5,0.5,9,0,0
39,10,7,18,1.1,0.5,2,4.7,0,0
39,11,7,34,0,1.8,1.8,9.3,0,0
39,12,8,36,0,2,6.1,7.9,0,0
39,13,8,35.5,0,1.2,7.7,5.2,0,0
39,14,6,29,0.6,1.9,2.9,6.2,0,0
39,15,6,13,0.5,0.8,1.3,2.6,0,0
39,16,8,62.5,0,12.9,4.2,9.9,0,0
39,17,9,41,0,1,2.1,10.8,0,0
39,18,5,30,0,1.1,0.5,11.3,0,0
39,19,5,12,0,0.4,0.1,4.7,0,0
39,20,9,32,0,2.1,1,9.8,0,0
39,21,3,7.5,0,0.3,0,3.5,0,0
39,22,8,30,0,1.1,0,12,0,0
39,23,8,28,0,2,0,11.1,0,0
39,24,10,38,0.8,1.1,2,10,0,0
39,25,7,25,0,1.9,1.3,6,0,0
39,26,6,17,0,0,0,5.1,0,0
39,27,10,37.5,0.3,0,0,11.2,0,0
39,28,14,236,1,14.1,30.1,60.9,0,13
39,29,9,30,0,0,2.4,10.5,0,0
39,30,2,6,0,0.3,0,2.7,0,0
39,31,5,18,0,0.9,0,8.1,0,0
39,32,1,1,0,0,0,0.3,0,0
39,33,3,12,0,0,0.4,3.6,0,0
39,34,1,2,0.1,0.2,0.2,0.4,0,0
39,35,9,55,2.4,4.9,5,12.1,0.7,0.7
39,36,3,18,0,1,2.7,3.6,0,0
39,37,2,6,0,0.3,0.9,1.2,0,0
39,38,5,16,0,0.9,0.4,4.5,0,0
39,39,7,123,0,1,18.1,30.9,0,4
39,40,2,8,0.4,0,0,2.8,0,0
39,41,3,10,0.5,0,0,3.5,0,0
39,42,8,30,0,0.4,1.5,9,0.7,0
39,43,9,27,0,0,0,10.8,0,0
39,44,6,23,0,1.3,1.5,7.9,0,0
39,45,7,41,0,6,2.9,12,0,0
39,46,6,24,0,0.8,2.4,5.3,0,0
39,47,8,27,0,0.9,2.7,6,0,0
39,48,3,21,0,0.8,0.9,5.4,0,0
39,49,2,9,0,0.3,0.3,2.4,0,0
39,50,5,15,0,1.4,0.5,4.7,0,0
39,51,10,1060.5,24,97,173,181,0,109
39,52,11,328,22.9,15.8,51.2,53.1,0.8,29
39,53,7,35,0.7,1.5,2.1,10.4,0,0
39,54,7,18,0.3,1.4,0.6,5,0,0
39,55,10,52,0,2.2,3.9,13.1,0,0
39,56,9,50,0,2.1,5,14.1,0,0
39,57,8,51.5,0,2.9,7.1,8.9,0,0
39,58,11,187.5,5.1,4.2,26.8,37.8,0,6
39,59,8,57,0,3.9,7,12,0,0
39,60,8,24,0.5,1.5,0.8,7.5,0,0
39,61,8,38,0,3.8,4.1,7.2,0,0
39,62,4,17,0,0,1.4,5.1,0,0
39,63,14,86.5,0,4.1,7.9,28.8,0,0
39,64,5,24,0,0,1,11,0,0
39,66,10,52,2.1,1,1.1,19.8,0,0
39,67,15,143,0.9,17.3,9.1,29.9,0,0
39,68,7,49,0,9.9,2.1,9,0,0
39,69,8,37,0,0.5,0.6,12.5,0,0
39,70,5,19,0,1,2.2,4.4,0,0
39,71,14,100,0,5.9,15,20,0,0
39,72,5,19,0,0.3,1.2,5.4,0,0
39,73,1,1,0,0,0.1,0.3,0,0
39,74,13,46,1.4,4.7,5,10,0,0
39,75,12,31,0,4.2,1.4,12.7,0,0
39,76,9,30,0,0.6,1,10.5,0,0
39,77,10,48.5,0,6,6.1,7.1,0,0
39,78,8,26,0,1.7,2.1,8.8,0,0
39,79,7,28,4.2,0.8,0,9,0,0
39,80,14,83,2,4.9,7.1,22.1,0,0
39,81,5,43,0.8,4,4,8,0,1.6
39,82,4,10,0.1,0,0,4.5,0,0
39,83,3,14,0.3,0,0,6.3,0,0
39,84,3,31,0,4,7,2,0,0
39,85,4,6,0,0,0.8,2.3,0,0
39,86,13,72,0,5.1,8.1,19.9,0,0
39,87,10,43,1.9,0,3.8,15,0,0
39,88,4,12,0.2,1,0.4,4.2,0,0
39,89,4,14,0.3,1,0.6,5,0,0
39,90,5,18,0.4,0.6,0.8,7.7,0,0
39,91,5,10,0.1,0.3,0.6,4.3,0,0
39,92,10,105.5,0,3.9,18.2,18.1,0,0
39,93,10,50,0,7,4,11,0,0
39,94,2,7,0,0.2,0.7,2.1,0,0
39,95,5,12,0,0.3,1.2,3.6,0,0
39,96,6,21,0,1.3,0.8,7.6,0,0
39,99,4,11,0,0.6,0.5,3.9,0,0
39,100,4,9,0,1.3,0.9,2,0,0
39,102,4,20,0,0.6,1.8,6,0,0
39,103,3,7,0,0.1,0.7,2.1,0,0
39,104,1,6,0,0.1,0.8,1.5,0,0
39,105,5,19,0,0.3,2.4,4.9,0,0
39,106,4,21,0,0.3,2.8,5.3,0,0
39,107,2,4,0,0.1,0.5,1,0,0
39,108,2,8,0,0,0.4,4.2,0,0
39,109,3,7,0,0,0.4,3.7,0,0
39,110,10,48.5,0.7,3,3.9,15.3,0,0
39,111,5,15,0.3,0.9,1.2,4.6,0,0
39,112,10,653,144.9,27.1,34.1,148,2,78
39,113,8,40,4.9,1.1,3.1,10,0,0
39,115,2,6,0,0.4,0.8,1.2,0,0
39,116,5,61,20.1,2.2,2.8,3.1,0,0.5
39,117,1,3,0.4,0.2,0.3,0.3,0,0.1
39,119,2,8,0.2,0.2,0,2.8,0.2,0
39,122,4,11,0,0.4,1.1,2.9,0,0
39,123,1,6,0,0.2,0.6,1.6,0,0
39,124,5,10,0,0.1,0.4,3.5,0,0
39,125,3,16,0,0.4,0.5,5.6,0,0
39,126,1,2.5,0,0.1,0.1,0.8,0,0
39,127,1,1,0,0,0,0.4,0,0
2,0,1,2,0,0,0.1,0.9,0,0
2,5,1,1,0,0,0.2,0.3,0,0
2,14,3,7,0.3,0.6,0.4,2.2,0,0
2,15,4,24,1.3,1.8,1.3,7.6,0,0
2,16,3,9,0.5,0.9,0.6,3.8,0,0
2,17,12,79,2,12.9,13.5,16.5,0,0
2,18,5,49,7.7,2.9,5.3,12.1,0,0
2,19,3,11,1,1.1,1.2,2.2,0,0
2,20,1,3,0.1,0.2,0.6,0.6,0,0
2,21,1,1,0,0.1,0.2,0.2,0,0
2,22,2,13,0.4,0.4,0,6.1,0,0
2,23,6,11,0.4,0.4,0,5.1,0,0
2,24,9,43,1.6,1.6,3.7,13.9,0,0
2,25,1,2,0.1,0.1,0.2,0.6,0,0
2,26,8,29,1.4,1.9,0,11.2,0,0
2,27,7,104,5.9,6,6.9,35.1,0,3
2,28,7,30,0,2.1,3.9,6,0,0
2,29,8,32,1,3.1,5.1,8.9,0,0
2,30,3,8,0,1.5,0,3,0,0
2,31,7,21,0,3.9,0,7.8,0,0
2,32,4,12,0.2,0.4,0.8,3.4,0,0
2,33,5,18,0.2,0.7,1.3,5.2,0,0
2,34,6,84,1.6,2.7,11,21,0,0
2,35,4,73,4,3,8.1,22.9,0,0
2,36,4,9,0,0.5,0.3,3.1,0,0
2,37,5,28,0,1.8,0.6,9.7,0,0
2,38,7,25,0,1,0.5,9,0,0
2,39,3,8,0,0.3,0.1,2.9,0,0
2,40,2,3,0.1,0.3,0.5,0.3,0,0
2,41,8,158.5,14,16.6,26.5,10.9,0,0
2,42,6,38,1,1.9,4,10,0,0
2,43,1,7,0,0.8,0.3,1.9,0,0
2,44,3,8,0.2,0.8,0,2.7,0,0
2,45,5,9,0.1,0.9,0,3.2,0,0
2,56,1,2,0,0.2,0.2,0.7,0,0
2,61,1,2,0,0,0,0.9,0,0
2,62,1,2,0,0,0.1,0.9,0,0
2,63,1,1,0,0,0,0.5,0,0
2,65,1,3,0,0.1,0.2,0.9,0,0
2,66,1,1,0,0,0,0.5,0,0
2,67,3,3,0,0,0,1.5,0,0
2,69,5,10,0,0,0.4,4.6,0,0
2,70,4,17,0,1.1,0,5.5,0,0
2,71,1,2,0,0.1,0,0.7,0,0
2,72,5,20,0.6,2,2,3.4,0,0
2,73,11,425,43.7,37.2,31.1,109.1,0,14
2,74,11,117.5,26.7,12,7,14.1,0,3
2,75,3,11,0.3,0.3,0,4.2,0,0
2,76,7,32,0,2.1,3.1,12.9,0,0
2,77,5,10.5,0,0.2,0,4.2,0,0
2,79,1,5,0,0,0,2.5,0,0
2,80,11,54,0.8,4.7,7.7,7.4,0,0
2,81,1,4,0.1,0.3,0.6,0.5,0,0
2,82,2,5,0,0,0.1,2.2,0,0
2,83,2,4,0,0,0,1.8,0,0
2,84,2,6,0.2,0.3,0,2.2,0,0
2,86,1,4,0,0,0,1.5,0,0
2,87,2,9,0,0,0,3.5,0,0
2,88,2,6,0.3,0.6,0.6,1.3,0,0
2,89,8,77.5,2.8,9.3,8.4,16.7,0,0
2,90,9,192.5,6.3,13.5,34.1,32.5,0,18
2,91,1,2,0.1,0.1,0.2,0.5,0,0
2,92,2,11,0,0.3,0.5,4.4,0,0
2,93,4,6,0,0.2,0.4,2.4,0,0
2,95,2,4,0,0.2,0.2,1.6,0,0
2,96,6,20,0,0.4,0.7,8.9,0,0
2,97,2,4,0,0,0.2,1.8,0,0
2,99,2,4,0,0.3,0.1,1.6,0,0
2,100,3,10,0,1.7,0.4,3.3,0,0
2,101,2,3,0,0.5,0.1,1,0,0
2,102,1,2,0,0.1,0.1,0.7,0,0
2,103,6,23,0.4,0.9,0.9,7.9,0,0
2,104,9,27,1.1,2.9,1.8,8.1,0,0
2,105,4,9,0,0,0.5,3.6,0,0
2,108,1,2,0,0.1,0,0.9,0,0
2,109,13,244.5,18.8,33.9,31.3,16.1,0,0
2,110,11,89,2.1,16.1,8.8,14.1,0,0
2,111,15,94,3,14.2,10.9,14.9,0,0
2,112,5,30,0,1.9,2.3,7.8,0,0
2,113,4,10,0,0.6,1.4,2.8,0,0.6
2,114,3,9,0,0.6,1.2,2.5,0,0.6
2,115,1,4,0,0.3,0.5,1.1,0,0.3
2,117,7,18,0.3,1.8,0.7,5.1,0,0
2,118,7,28,0,3.5,1.7,8.5,0,0
2,119,10,137.5,1.8,14,33.1,10.1,0,1.9
2,120,6,489.5,19,40,26,178,0,0
2,121,9,79,1.8,13.1,7.9,17.1,0,0
2,122,5,8,0,0.3,0.8,2.9,0,0
2,123,1,4,0,0.2,0.3,1.4,0,0
2,125,1,3,0,0,0,1.4,0,0
2,126,3,13,0,0,0,6.1,0,0
2,127,1,4,0,0,0,1.9,0,0
1,11,1,1,0.1,0.1,0.2,0.3,0,0
1,15,5,8,0.8,0.9,1.4,2.6,0,0
1,16,4,12,0.3,1.1,2.1,2.5,0,0
1,17,13,51,2,5.9,9.2,8.1,0,0
1,18,6,19,0.6,0.6,3.2,5.4,0,0
1,19,10,32,0.9,3.1,2.3,7.8,0,0
1,20,7,25,0,5.7,0,5.1,0,0
1,21,8,35,1.1,2.1,7,7.8,0,0
1,22,1,2,0.1,0.1,0,0.9,0,0
1,23,3,5,0.2,0.2,0,2.3,0,0
1,24,4,7,0.7,0.2,0.5,2.9,0,0
1,25,1,4,0.4,0.2,0.2,1.7,0,0
1,26,2,7,0.5,0.7,0.2,2.4,0,0
1,27,4,16,1,1.6,0.5,5.6,0,0
1,28,4,14.5,0.7,0.7,0.7,5.9,0,0
1,29,3,7,0.3,0.4,0.4,2.8,0,0
1,30,10,124,3,23.9,10.1,25,0,0
1,31,4,12,0.7,0.7,0,5.3,0,0
1,32,5,14,2.2,0.6,0.8,4.6,0,0
1,33,1,3,0.5,0.1,0.2,0.9,0,0
1,34,1,8,0,1,0.4,2,0,0
1,35,4,18,0,2.3,1,4.4,0,0
1,36,3,8.5,0,0.1,0.5,3.7,0,0
1,37,6,15,0,0.2,0.8,6.6,0,0
1,38,6,58.5,2,3.9,4,21.1,0,0
1,39,6,39,0,3.1,6,7.9,1,0
1,40,1,1,0,0.1,0.1,0.3,0,0
1,41,4,7,0.1,0.5,0.5,2.2,0,0
1,42,5,13,0,1.4,0.4,5.1,0,0
1,43,2,4,0,0.4,0.1,1.6,0,0
1,44,2,3,0,0.2,0.1,1,0,0
1,45,1,6,0,0.4,0.2,2,0,0
1,46,4,6,0.1,0.6,0,2.2,0,0
1,47,2,3,0,0.3,0,1.1,0,0
1,56,3,12.5,0,1.4,1.5,4.2,0,0
1,57,6,30,1,1,0,11,0,0
1,60,1,1,0,0,0,0.5,0,0
1,63,6,29,0.7,0.9,1,14.8,0,0
1,64,2,5,0,0.1,0.4,1.8,0,0
1,66,3,12,0,0.4,0.8,4.3,0,0
1,67,2,9,0,0.3,0.6,3.2,0,0
1,68,3,4,0,0,0,2,0,0
1,69,1,1,0,0,0,0.5,0,0
1,70,1,4,0,0,0.1,1.8,0,0
1,71,7,19,0,0,0.4,8.4,0,0
1,72,2,5,0,0.7,0.5,0.8,0,0
1,73,14,61,0,8.8,5.9,10.5,0,0
1,74,8,41,0,4.9,5.1,10,0,0
1,75,5,14,1.1,0.6,0,5,0.6,0
1,76,1,4,0,0,0.1,1.5,0,0
1,77,8,31,0,0,0.7,11.7,0,0
1,78,1,5,0,0.2,0,2.3,0,0
1,79,3,7,0,0.3,0,3.2,0,0
1,80,2,7,0,0,0.1,3.1,0,0
1,81,3,7,0,0,0.2,3.1,0,0
1,82,3,6,0,0,0.5,2.1,0,0
1,83,5,12.5,0,0,1,4.3,0,0
1,84,8,29,0,0.6,1.4,10,0,0
1,85,3,7,0,0.1,0.4,2.4,0,0
1,86,2,3,0,0,0,1.2,0,0
1,87,5,21,0,1.9,2.1,6.9,0,0
1,88,3,8,0,0.4,0,3.6,0,0
1,89,2,4,0,0.2,0,1.8,0,0
1,90,2,4,0,0.1,0,1.9,0,0
1,91,2,5,0,0.2,0,2.3,0,0
1,93,5,15,0,0.5,0.8,6,0,0
1,94,3,6,0,0.6,0.3,1.5,0,0
1,95,1,4,0,0.4,0.2,1,0,0
1,96,2,4,0,0.3,0.1,1.6,0,0
1,97,2,2,0,0.2,0,0.8,0,0
1,98,2,5,0,0.3,0.1,2,0,0
1,99,1,2,0,0.1,0.1,0.8,0,0
1,100,1,3,0.1,0.1,0.1,1,0,0
1,101,1,4,0.1,0.1,0.1,1.4,0,0
1,102,1,7,0.5,0.5,0.5,1.7,0,0
1,103,6,81,5,4,5,29,0,3
1,104,2,4,0,0.6,0.4,0.8,0,0
1,105,2,6,0.1,0.8,0.6,1.1,0,0
1,106,2,6,0,0,0.3,2.4,0,0
1,107,1,2,0,0,0.1,0.8,0,0
1,108,3,5,0,1,0.5,1,0,0
1,109,11,155,9.1,14.9,30,11.9,0,7
1,110,6,336,20.1,28,26.2,94.8,2,12
1,111,9,34,1.1,2.2,0,11.8,0,0
1,112,6,12,0,0.7,0,6.5,0,0
1,113,6,53,3,0.9,10.2,10.9,0,0
1,114,10,162,7.5,17.6,7.2,47.9,0,0.8
1,115,3,9,0.1,0.8,0.4,3.1,0,0
1,117,1,1,0,0.1,0,0.3,0,0
1,118,2,3,0,0.3,0.1,0.9,0,0
1,119,1,3,0.1,0.3,0.1,0.8,0,0
1,120,6,173,4,6.1,2,80,0,0
1,121,9,192.5,2.2,51.9,17.2,9,0,11
1,122,6,17,0.5,1.2,2.5,5.4,0,0
1,123,4,8,0.3,0.5,1.2,2.5,0,0
1,124,6,21,0.4,1.5,0.6,6.4,0,0
1,125,6,19,0.6,1.3,0.6,5.7,0,0
1,126,6,14,0,1.4,0.5,5.1,0,0.5
1,127,1,5,0.1,0.5,0.2,1.8,0,0.1
0,5,1,2,0,0,0.3,0.5,0.1,0
0,15,2,5,0.5,0.6,0.8,1.7,0,0
0,16,9,28,0.6,2.5,5.1,6,0,0
0,17,2,5,0.1,0.5,0.9,1,0,0
0,18,2,6,0.3,0.3,0.9,1.6,0,0
0,20,2,3,0,0.7,0,0.6,0,0
0,21,7,19,0.7,0,1.2,9.1,0,0
0,25,3,8,0.8,0.4,0.5,3.4,0,0
0,26,2,5,0.4,0.5,0.1,1.7,0,0
0,27,1,3,0.2,0.3,0.1,1,0,0
0,28,5,21,1,1,2,6.8,0,0
0,29,5,40,1,1.1,3,13.9,0,0
0,30,8,65,2,4,6,21,0,2.1
0,31,3,8,0.4,0.4,0,3.6,0,0
0,32,1,2,0.3,0.1,0.1,0.7,0,0
0,34,1,6,0,0.7,0.3,1.5,0,0
0,35,3,8,0,1,0.5,1.9,0,0
0,36,3,11,0,0.3,0.5,4.8,0,0
0,37,3,8.5,0,0.2,0.4,3.7,0,0
0,38,2,7,0.1,0.3,0.6,2.5,0,0
0,39,8,27,0.6,0.9,2.5,9.5,0,0
0,40,3,19,0.5,1.1,1.1,6,0,0
0,41,3,8,0.2,0.5,0.5,2.5,0,0
0,42,2,3,0,0.3,0.1,1.2,0,0
0,43,2,6,0,0.7,0.2,2.3,0,0
0,44,8,56,2,2.1,11.1,14.9,0,0
0,45,9,65,3,5.5,3.5,16.1,0,0
0,46,1,3,0.1,0.3,0,1,0,0
0,47,2,10,0.2,0.9,0,3.5,0,0
0,51,1,5,0.2,0.2,0.2,1.6,0,0
0,53,1,1,0,0.1,0,0.3,0,0
0,57,5,23.5,2,2.2,0,9.9,0,0
0,58,2,2,0,0.2,0.2,0.8,0,0
0,60,1,11,0,0,0.2,4.8,0,0
0,61,2,9,0,0,0.2,3.9,0,0
0,62,2,5,0.1,0.2,0.2,2.5,0,0
0,63,1,1,0,0,0.1,0.5,0,0
0,65,2,2,0,0,0.2,0.8,0,0
0,66,1,3,0,0.1,0.2,1.1,0,0
0,69,4,19,0,0,0,9.5,0,0
0,70,1,1,0,0,0,0.5,0,0
0,71,2,6,0,0,0.2,2.6,0,0
0,72,4,9,0,1.2,0.9,1.6,0,0
0,73,6,71,3,7.9,3,18,0,0
0,74,5,8,0.5,0.3,0,2.9,0.3,0
0,75,3,3,0.3,0,0,1.2,0,0
0,77,1,7,0,0,0.2,2.6,0,0
0,78,5,9,0,0.3,0,4.2,0,0
0,79,2,3,0,0.1,0,1.4,0,0
0,80,1,1,0,0,0,0.5,0,0
0,81,5,10,0,0,0.2,4.5,0,0
0,82,3,7,0,0,0.6,2.4,0,0
0,83,5,23,0,0,0,16,0,0
0,84,1,4,0,0.1,0.2,1.4,0,0
0,85,1,1,0,0,0.1,0.3,0,0
0,88,1,3,0,0.1,0,1.4,0,0
0,89,4,15.5,0,0.6,0,7.1,0,0
0,90,3,5,0,0.2,0,2.3,0,0
0,94,2,18,0,1.9,0.6,4.6,0,0
0,95,7,25,0,0.9,2,14.1,0,0
0,96,3,9,0,0.6,0.3,3.6,0,0
0,97,1,4,0,0.2,0.1,1.6,0,0
0,100,1,1,0,0,0,0.4,0,0
0,101,2,6,0.1,0.2,0.2,2.1,0,0
0,102,7,21,1.3,1.3,1.8,5.3,0,0
0,103,6,120,5,22.9,20.1,15,0,10
0,104,10,68,1.5,8.8,7,12,0,0
0,105,1,8,0.2,1,0.8,1.4,0,0
0,106,1,3,0,0,0.1,1.3,0,0
0,108,1,2,0,0.4,0.2,0.4,0,0
0,109,9,26,0,5.4,2.4,5,0,0
0,110,15,289,10,64,13.9,50.1,0,12
0,112,1,2,0,0.1,0,1.1,0,0
0,113,4,4,0,0.4,0,2,0,0
0,114,2,6,0.1,0.5,0.3,2,0,0
0,115,1,3,0.1,0.2,0.2,1,0,0
0,116,3,9,0.2,0.9,0.4,2.5,0,0
0,118,1,3,0.1,0.3,0.1,0.8,0,0
0,119,1,4,0.1,0.4,0.2,1.1,0,0
0,120,1,13,0.8,1.3,1,2.7,0,0
0,121,8,213,11.9,8.9,43,36.1,0,11
0,122,2,4,0.2,0.2,0.6,1.2,0,0
0,123,9,113,3,17.9,14.9,16,0,0
0,124,3,15,0.3,1,0.5,4.6,0,0
0,125,2,6,0.2,0.4,0.2,1.8,0,0
0,126,9,86.5,1,11.9,16.1,8,0,4
0,127,5,20,0.4,2,0.6,7.2,0,0.5
19,0,3,125,0,5.9,27,23.1,0,0
19,1,10,150,1,30,15,10.9,0,0
19,2,10,92,2,22.3,10.8,8,0,0
19,3,10,75,10.9,13,4.9,4.2,0,0
19,4,7,123,8,9,30.1,4.8,1,0
19,5,2,1892,154,208,398,117,2,92
19,6,11,522.5,16,68.9,103.1,24.1,0,2
19,7,5,24,2.2,4.1,1.8,2.6,0,0
19,8,4,36.5,0,2,5.6,6.6,0,0
19,9,2,15,0,0.8,2.3,2.7,0,0
19,10,1,4,0,0.2,0.6,0.8,0,0
19,11,1,2,0,0.1,0.3,0.4,0,0
19,12,7,34,0,4.9,4.1,6.9,0,0
19,13,18,223.5,2.8,15.5,54.9,10.8,0,0
19,14,8,103,0.9,6,25,4.1,0,0
19,16,5,15,0,2,5,4,0,3
19,17,11,160.5,2.7,9.1,20,33.1,0,0
19,18,5,293,12.9,20,58,19,1,0
19,19,12,80.5,3.8,8.8,7.3,13,0,0
19,20,6,30,0.6,1.7,1.3,8.3,0,0
19,21,3,7,0.1,0.4,0.3,2,0,0
19,22,2,3,0.1,0.6,0,0.9,0,0
19,25,1,4,0,0.2,0.1,1.2,0,0
19,26,2,6,0,0.3,0.2,1.8,0,0
19,27,5,15,0,0.9,0.4,4.5,0,0
19,28,1,2,0,0.1,0.2,0.5,0,0
19,29,5,12,0.1,0.7,1,2.8,0,0
19,30,7,148,5,7,10.1,50.9,0,0
19,31,4,7,0.3,0.7,0.7,1.4,0,0
19,32,1,5,0.3,0.1,0,1.9,0,0
19,35,5,14,0.7,0.3,0,5.4,0,0
19,36,5,15,0,0,0.3,5.9,0,0
19,37,3,5,0,0,0,2,0,0
19,38,6,17,0,0,0.6,6.5,0,0
19,39,2,5,0,0,0.2,1.9,0,0
19,40,2,8,0.2,0.9,0,2.4,0,0
19,41,7,21,0.6,2.2,0,6.3,0,0
19,42,6,25.5,0.5,2.6,0,8.6,0,0
19,43,11,46.5,0,6,0.8,13.2,0,0
19,44,5,22,0.3,0.5,0.6,7.6,0,0
19,45,1,1,0,0,0,0.4,0,0
19,46,2,8,0.2,0.6,1,0.9,0,0
19,47,1,9,0.2,0.6,1.1,1.1,0,0
19,48,13,478.5,16.9,32.1,50.9,109.8,0,0
19,49,18,427.5,28.2,42,52.7,42,0,0
19,50,8,643.5,29,84.2,98.9,40.9,0,0
19,51,10,833.5,13.2,193.9,134.2,14.9,1,10
19,52,11,356,13,11,71,25.1,0,23
19,53,10,1020,53.1,143.1,115.9,148.9,0,77.9
19,54,2,2564,315,350,453,110,0,283
19,55,10,961.5,51,27.8,309.2,14.9,1,41
19,56,4,15.5,0.9,0.4,0.6,4.1,0,0
19,57,2,31,1.8,0.6,1.1,8.3,0,0
19,58,10,28.5,2.2,6.1,0,5.9,0,0
19,59,9,28.5,0,4,0,9.1,0,0
19,60,13,63,2.1,18.3,2.9,4.8,0,0
19,61,9,44,0,13,1,6,0,0
19,62,9,56,1,10.1,6,5.1,0,0
19,63,10,48,0,4.1,0,12.1,0,0
19,64,6,108,0,15.8,16.2,6,0,0
19,65,3,7,0,0.3,0.7,1.8,0,0
19,66,3,7,0.1,0,0.4,2,0,0
19,67,3,15.5,0.4,0,0.9,4.3,0,0
19,69,4,26.5,0,0.9,3.1,5.3,0,0
19,70,5,11,0,0,0.5,4.3,0,0
19,71,5,19,0,0,1.3,7.2,0,0
19,72,12,116.5,2,6.9,19,12.1,0,0
19,73,9,249,1,16.8,29.2,72.2,0,0
19,74,3,20,0,0.4,0.6,7,0,0
19,75,4,19,0,0.4,0.7,6.5,0,0
19,76,5,57,1,0,7,21.1,0,1.1
19,77,13,65,2.1,3.7,4.1,17,0,0
19,78,4,18,0.4,0.6,0,8.2,0,0
19,79,6,15,0.3,0.5,0,6.8,0,0
19,80,10,205.5,22,9.9,12.1,69.1,0,0
19,81,7,43.5,1.8,2.2,12,5.9,0,8.1
19,82,2,6,0.1,0.3,0,2.6,0,0
19,87,1,3,0,0.1,0.2,0.9,0,0
19,88,4,17,0.3,0.5,0,7.7,0,0
19,89,9,39,0,6.7,2,9.1,0,0
19,94,4,14,0,1.4,0.6,4.5,0,0
19,95,3,17,0,1.7,0.6,5.5,0,0
19,97,1,3,0,0.1,0.3,0.8,0,0
19,102,9,1090,70,396.3,61.9,37.8,1,263
19,103,4,1429.5,202,302,42.9,298,0,98
19,104,6,331,57.9,23,9.1,77,0,0
19,105,10,234.5,5,22.2,29.9,45,0,0
19,106,4,10,0,0.5,0.6,3,0,0
19,108,1,2,0,0.1,0,0.8,0,0
19,109,1,5,0,0.2,0,2,0,0
19,110,1,4,0,0.1,0,1.7,0,0
19,111,3,10,0,0.4,0,4,0,0
19,113,1,4,0,0.3,0.2,1.1,0,0
19,115,1,4,0,0.3,0.2,1.1,0,0
19,116,3,4,0.3,0.1,0,1.6,0,0
19,117,2,4,0.2,0.1,0,1.6,0,0
19,118,4,6,0.1,0.8,0.5,1.7,0,0.1
19,119,11,83,1.6,13.4,6.8,23.1,0,1.5
19,120,1,1,0,0.1,0.1,0.3,0,0
19,122,2,3,0,0,0,1.5,0,0
19,124,3,5,0,0.3,0,1.7,0,0
19,125,1,1,0,0.1,0,0.3,0,0
19,126,3,8,0,0.9,0.4,2.1,0,0
19,127,8,39,0,4.5,1.7,10.3,0,0
17,0,7,63,0,7.6,12,1.8,0,0
17,1,10,595.5,6.8,55,97,69.1,2.1,8
17,2,9,317,4.2,38.1,62.9,5.8,1,0
17,3,13,107.5,3,27.1,4,7,0,0
17,4,7,1062,25,135,220.1,22.9,0,0
17,5,3,2086.5,208,181.1,295.9,530,5,89
17,6,2,3185,318,727,243,319,1,752
17,7,8,1176.5,44,124,257,34,0,0
17,8,8,322.5,11.9,30,72.9,2.2,0,0
17,9,8,159.5,24.5,3.7,26.7,13.3,0,0
17,10,7,98.5,2.2,17.9,11,10.9,1,0
17,11,4,17,0.3,1.7,2,1.7,0.4,0
17,12,7,25,0.7,3.8,2.5,2.8,0,0
17,13,3,16,0.3,2.5,1.6,1.9,0,0
17,14,3,16,0.4,0.8,2,2.5,0,0
17,15,4,10,0.4,0.6,1,1.6,0,0
17,16,5,22,0.7,1.3,1.3,6.8,0,0
17,17,4,13,0.4,0.8,0.8,4,0,0
17,18,10,42,0,3.3,5.9,7.9,0.9,0
17,20,13,135,10.2,14,20.7,8.3,0,0
17,22,2,5,0.1,0.9,0,1.6,0,0
17,24,8,51,5.9,3,6.1,10.1,0,0
17,25,4,10,0.4,1,0.2,2.6,0,0
17,26,8,123,2.9,11.1,6.1,39,0,0
17,27,5,38,2.2,1.5,5.6,3.6,0,0
17,28,3,9,0.1,0.5,0.7,2.1,0,0
17,29,6,19,0.2,1,1.6,4.5,0,0
17,30,4,16,0,0,0.6,6.7,0,0
17,31,4,10,0,0,0.5,4.2,0,0
17,32,2,8,0.2,0.2,0,2,0,0
17,33,3,9,0.1,0.3,0,2.3,0,0
17,34,8,45,0,2.1,3.8,13,0.8,0
17,35,5,66.5,3.1,1.9,5.1,17,0,2
17,36,5,65,3,0.7,2.8,20.6,0,0
17,37,4,13,0,0.3,1.3,3.4,0,0
17,38,8,85.5,0,0,14,17,0,0
17,39,6,18.5,0,0.6,1.9,4.9,0,0
17,40,2,9,0,0.4,0.2,3,0,0
17,41,7,28,0,1.3,0.7,9.2,0,0
17,42,3,7,0,0.6,0,3.1,0,0
17,43,6,16,0,1.3,0,7.2,0,0
17,44,3,21,0.2,1.4,0.9,5.9,0,0
17,45,2,4,0,0.2,0.2,1.2,0,0
17,46,3,12,0,1.4,1,1.9,0,0
17,47,6,30,0,3.6,2.4,4.8,0,0
17,48,17,172,0.9,40.8,24.3,2.8,0,0
17,49,2,9,0,0.6,1.2,1.5,0,0
17,50,9,40,3.1,4.9,1.5,12.6,0,0
17,51,8,41,2,4.1,0,8.9,0,0
17,52,7,35,1.6,3.4,0,9.1,0,0
17,53,10,71,5.6,12,6.4,7,0,0
17,54,5,212,19,24,14.1,20,1,8
17,55,5,26,2.7,1.6,1.2,4,0,0
17,56,4,25,0.7,1.6,0.8,6.1,0,0
17,57,1,8,0.3,0.5,0.3,1.9,0,0
17,58,10,48,0,6.4,2.9,12.8,0,0
17,59,7,29,1,7.1,1.1,4.8,0,0
17,60,1,3,0,0.1,0.1,1,0,0
17,61,3,10,0,0.3,0.3,3.4,0,0
17,62,2,5,0,0.1,0.2,1.7,0,0
17,63,3,10.5,0,0.2,0.3,3.7,0,0
17,64,2,2,0,0,0,0.8,0,0
17,65,2,5,0,0,0.1,2.1,0,0
17,66,4,14.5,0.3,0,0.8,4.1,0,0
17,67,1,2,0,0,0.1,0.6,0,0
17,68,3,7,0,0,0,2.7,0,0
17,69,4,20.5,0,0,0,7.7,0,0
17,70,4,13,0,0.6,1.6,3.2,0,0
17,71,8,22,0,0,0,13.1,0,0
17,72,1,2,0,0.1,0.1,0.9,0,0
17,73,3,12,0,0.5,0.9,5.1,0,0
17,74,3,7,0,0.3,0.4,3.1,0,0
17,76,3,9.5,0,0,0.7,2.2,0,0
17,78,2,3,0,0,0.2,0.7,0,0
17,79,6,33,0,0,2.3,7.6,0,0
17,80,3,5,0,0.3,0.2,1.8,0,0
17,81,8,25,0,1.5,0.7,9.3,0,0
17,82,1,5,0.4,0.2,0,1.8,0,0
17,83,8,37,0,1.1,3.8,10,0,0
17,84,10,46,1.1,3.1,4.9,13.1,0,0
17,85,9,30,0.4,1.1,0,12.4,0,0
17,86,10,40,2.1,4.8,3.2,12,0,0
17,87,9,32,1.4,0.8,2.2,12.8,0,0
17,88,9,22,0,0.6,0.9,8.2,0,0
17,89,8,49,2.9,2,8.2,4.9,0,0
17,90,5,9,0,0,0,3.3,0,0
17,92,6,13,0.2,0,0.3,5,0.7,0
17,93,2,3,0,0,0.1,1.1,0.2,0
17,94,4,11,0.4,0,0.7,4.1,0,0
17,95,4,20,0.9,0,1.1,7.3,0,0
17,97,4,28,0,7.3,2.6,2.4,0,0
17,98,6,40,0.7,5,3.8,6.5,0,0
17,99,9,93,0,9.1,15,11.8,0,0
17,100,13,138,8.2,15,24.1,10.7,0,0
17,101,13,97,0,14.2,9.7,12.3,0,0
17,102,11,225,17.1,22.8,11.2,60.9,0,0
17,103,9,103,7.2,20.1,3,19.8,0,0
17,104,10,185,6.1,16.9,5.1,66.1,3,0
17,105,12,140,2,21.9,11.8,22.2,0,0
17,106,1,11,0,0.6,0.6,3.4,0,0
17,107,1,3,0,0.1,0.2,0.9,0,0
17,111,2,2,0,0,0,0.8,0,0
17,113,1,1,0,0.1,0,0.3,0,0
17,114,11,106,1.2,21.9,12.9,15.2,0,1
17,115,4,45,0.7,0,8.2,7.3,0,0.7
17,116,5,12,0.2,0.7,0.5,4.8,0,0
17,117,1,4,0.1,0.2,0.2,1.6,0,0
17,118,1,2,0,0.1,0.1,0.8,0,0
17,119,4,15,0.3,0.9,0.7,5.9,0,0
17,120,1,2,0,0.2,0.2,0.6,0,0
17,121,1,4,0,0.3,0.3,1.3,0,0
17,122,4,7,0,0.4,0.3,2.8,0,0
17,123,4,9,0,0.6,0.3,3.7,0,0
17,124,3,11,0,0.6,0.2,3.8,0,0
17,125,1,2,0,0.1,0,0.7,0,0
17,127,1,3,0,0.2,0.1,1,0,0
18,0,12,190,2.9,15.9,37,14.3,0,0
18,1,13,297,4.1,23.2,47,36.8,0,0
18,2,14,263.5,3,17,60,12.1,0,0
18,3,10,697,20,79.1,117,65,1,0
18,4,3,1926.5,106.1,309.9,308,183,1,71
18,5,2,3010.5,315,363.9,551.1,524,5,254
18,6,6,750.5,41.1,76.1,152.8,64.1,0,75
18,7,9,41,3.9,6.7,3.4,4.3,0,0
18,8,7,66,1.1,3.1,13,6.9,0,0
18,9,2,6,0,0.4,1,1,0,0
18,10,1,4,0,0.2,0.6,0.8,0,0
18,11,1,4,0,0.2,0.6,0.8,0,0
18,12,4,30,1,6,2,2,0,0
18,13,7,258,1,22,44,30,0,0
18,14,5,40,0.9,1.7,6.6,6.6,0,0
18,15,2,8,0.2,0.3,1.4,1.3,0,0
18,16,7,108,1.8,11.2,27,4.9,1,0
18,17,12,298,7.1,15.8,66.9,27.1,0,0
18,18,11,289,5.1,20.9,59.8,17.1,0,0
18,19,6,68,8,8,4.9,12.2,0,4
18,20,7,226.5,6,29,37,20,0,36
18,21,5,14,0.2,0.8,0.6,4,0,0
18,22,2,4,0.2,0.8,0,1.2,0,0
18,23,1,2,0.1,0.4,0,0.6,0,0
18,24,1,2,0,0.1,0.1,0.6,0,0
18,27,5,12,0,0.6,0.5,3.6,0,0
18,28,1,5,0.1,0.3,0.3,1.2,0,0
18,29,1,4,0.1,0.2,0.3,0.9,0,0
18,30,2,11,0.4,1,1.2,2.2,0,0
18,31,4,16.5,0.5,1.5,1.8,3.3,0,0
18,32,1,4,0.2,0.1,0,1.5,0,0
18,35,5,16,0.9,0.4,0,6.1,0,0
18,36,6,33.5,0,3,4.2,3.9,0,0
18,37,6,18,0,0,0.3,7.2,0,0
18,38,3,6,0,0,0.3,2.1,0,0
18,39,2,14.5,0,0,0.7,5.4,0,0
18,40,3,5,0.2,0.5,0,1.5,0,0
18,41,3,12,0.2,1.3,0,3.6,0,0
18,42,3,9,0.2,0.9,0,3,0,0
18,43,2,16,0.3,1.6,0,5.4,0,0
18,44,5,18,0.2,0.3,0.7,6.2,0,0
18,45,10,37,1,3.9,1,10.1,0,0
18,46,2,11,0.3,0.8,1.4,1.2,0,0
18,47,10,97,2.5,7.1,11.8,11.3,0,0
18,48,8,954,18.9,170.1,151.1,26,10,35
18,49,7,597.5,6.3,72.1,130,5.9,1,11
18,50,13,113,3.9,13.1,20,10,0,0
18,51,10,48,2.1,10.8,4.9,7.2,0,0
18,52,1,2,0.1,0.3,0.1,0.3,0,0
18,53,9,110,7.9,11.6,10.1,16.6,0,5
18,54,5,927,126,124.1,113,39,0,8
18,55,14,148,6.8,20,18.9,10.1,0,0
18,56,11,64.5,1.9,9,2.1,12.3,0,0
18,57,1,6,0.4,0.1,0.2,1.6,0,0
18,58,8,131.5,3,32.2,21.8,2,0,0
18,59,9,65,1.7,6.1,2.2,13,0,0
18,60,4,12,0,0.5,0.7,6.3,0,0
18,61,4,9,0,0.4,0.5,4.6,0,0
18,62,3,6,0,0.5,0,1.5,0,0
18,63,2,9,0,0.7,0,2.3,0,0
18,64,8,355,4,25.9,47.9,55.1,0,1
18,65,6,61,0,0.8,5.1,17.3,0,0
18,66,1,2,0,0,0.1,0.6,0,0
18,68,2,4,0,0.2,0.4,0.8,0,0
18,69,2,4,0,0.2,0.4,0.8,0,0
18,70,1,2.5,0,0,0.2,0.9,0,0
18,71,4,10,0,0,0.5,3.9,0,0
18,72,8,67,0.9,5.2,4.1,13.8,0,0
18,73,9,47,1,3.9,8,4.9,0,0
18,74,5,14,0,0.2,0.5,4.9,0,0
18,75,3,7,0,0.1,0.2,2.5,0,0
18,76,7,39,0,1.6,5.6,9.9,0,3.3
18,77,2,9,0,0.4,1.3,2.3,0,0.7
18,78,1,2,0,0.1,0,0.9,0,0
18,79,6,48,0,5.9,6.2,7,0,0
18,80,6,65,0,4,11.9,10.1,0,0
18,81,8,35,0,3,3.1,7.9,0,0
18,82,3,8,0.2,0.3,0,3.5,0,0
18,83,8,35,0.6,1.5,0,15.1,0,0
18,84,2,26,0,0.8,1.6,7.6,0,0
18,87,1,2,0,0.1,0.1,0.6,0,0
18,88,1,2,0,0.1,0,0.9,0,0
18,89,5,23,0.5,0.7,0,10.3,0,0
18,90,2,5,0,0,0,1.8,0,0
18,91,2,9,0,0,0,3.4,0,0
18,95,5,36,1,3,4,5,0,0
18,96,5,18,0,0.5,1.9,4.8,0,0
18,97,2,16,0,0.4,1.7,4.3,0,0
18,98,9,184,1.1,23.1,27,18.9,0,12
18,99,6,44,0.9,4,3,7.1,0,0
18,100,1,2,0,0.3,0,0.5,0,0
18,101,7,27,0,3.8,0.7,6.7,0,0
18,102,6,55,1,3.9,2,23.1,0,2.9
18,103,2,908,84,102,61,281,0,107
18,104,11,67.5,1.1,9.9,2,16,0,0
18,105,22,225,4,30,20.8,35.9,0,0
18,106,8,54,0,5,5.3,12.8,0,0
18,107,1,2,0,0.1,0.1,0.6,0,0
18,114,10,83,2.9,10.3,0,20.8,0,0
18,115,3,7,0,0.4,0.3,2.1,0,0
18,116,9,36,1.8,0.9,0,14.6,0,0
18,118,1,2,0,0.3,0.2,0.6,0,0
18,119,3,7,0.1,1.1,0.6,2,0,0.1
18,120,1,2,0,0.2,0.2,0.6,0,0
18,121,1,8,0,0.6,0.6,2.6,0,0
18,122,3,9,0,0,0,4.6,0,0
18,123,6,13,0,0,0,6.6,0,0
18,124,2,5,0,0.3,0.1,1.7,0,0
18,126,1,2,0,0.3,0.1,0.5,0,0
18,127,4,12,0,1.4,0.6,3.2,0,0
15,0,8,73,0.7,4.3,12,11.8,0,0
15,1,4,94,0,4,11.1,18.9,0,0
15,3,2,13,0.2,1.3,1.1,3.3,0,0
15,4,12,71.5,1,15.8,9.3,6,0,0
15,5,9,235,2,28.1,41.9,16.1,1,0
15,6,12,97,0.7,9.1,15.1,11.1,0,0
15,7,3,200,3,12,40,12.9,0,0
15,8,7,37,1.1,3.4,4,8.8,0,0
15,9,2,6,0.2,0.6,0.6,1.5,0,0
15,10,5,25,0,6.9,0,5,0,0
15,11,10,142.5,0,21.9,26.9,6.1,0,0
15,12,10,332.5,7.9,36.1,64.1,23.9,1,15
15,13,9,46,2,0.9,8.3,4.8,0,0
15,14,7,214,1,22.8,45.5,8.9,0,0
15,15,9,243,3,19.1,32.9,28,0,0
15,16,6,58,0.8,7.1,5.4,11.6,0,0
15,17,13,188,2.9,28.1,34.1,9,0,0
15,18,14,116,0,6.1,23.8,12,0,0
15,19,12,126,11.1,10.4,18.9,9.7,0,0
15,20,7,255.5,16.9,27,40.1,30,0,0
15,21,10,139.5,9,19.1,19.2,5.7,0,0
15,22,12,167,8.7,22.1,15.2,17,0,0
15,23,8,38.5,2.8,4.8,5.1,7.2,0,0
15,24,7,65.5,0.9,16.9,4.6,2,0,0
15,26,10,55,0,3.1,5.9,13,0,0
15,27,2,4,0.2,0,0.4,1.2,0,0
15,28,4,7,0.1,0.5,0.7,1.6,0,0
15,29,5,25,0.6,1.8,2.4,5.7,0,0
15,30,3,528.5,35,10,10,241.1,0,23
15,31,13,283.5,21.1,29.9,36.8,48.1,0,0
15,32,4,9,0.3,0.6,0.9,1.8,0,0
15,33,2,9,0.3,0.7,0.8,1.8,0,0
15,34,3,8,0,0.5,1.1,1.3,0,0
15,35,1,4,0,0.3,0.5,0.7,0,0
15,36,7,27,0,0,0.7,10.1,0,0
15,37,3,6,0,0,0,2.4,0,0
15,38,5,13,0.7,0,0,5.6,0,0
15,39,3,10,0.5,0,0,4.4,0,0
15,41,8,106.5,0.9,4.2,9.1,28.8,0,0
15,42,4,40,1.1,1.9,2.1,12.9,0,0
15,43,3,7,0,0,0.3,2.5,0,0
15,44,4,17,0,0.9,1.3,5.2,0,0
15,45,13,107.5,2,19.5,10.1,14.2,0,0
15,46,7,277,2,34.8,48.2,4.9,0,5
15,47,8,32,1.9,6.2,0,6.9,0,0
15,48,16,60,0,10,1.5,15.5,0,0
15,49,18,221,4.1,24.8,25.7,32.3,0,0
15,50,4,9,0,0.6,0,3.6,0,0
15,51,12,395.5,23,44.1,64,21,0.8,10
15,52,9,50,0,7.9,2.1,7.9,0,0
15,53,4,43,0.7,8,5.1,5.1,0,0.8
15,54,6,1020,28.9,154.1,171.1,57.9,0,20
15,55,11,601.5,6.8,67.1,126.1,18.2,0,4
15,56,5,10,0,0.4,1.8,2.1,0,0
15,57,5,32,0,2,5.6,6.7,0,0
15,58,12,90,0,16.2,8.9,11,0,6
15,59,6,387,4,41,64.1,41.9,0,8
15,60,8,26,1.7,2.7,0.8,4.7,0,0
15,61,5,43,6,2,0,8,0,0
15,62,6,24,2.9,3.3,0,4.9,0,0
15,63,8,22,0,1.2,1.7,7.3,0,0
15,64,2,5,0,0.5,0.3,0.9,0,0
15,65,3,13,0,1.3,0.7,2.5,0,0
15,66,1,5,0,0,0,1.9,0,0
15,67,1,1,0,0,0,0.4,0,0
15,69,5,20,0,1.1,0.6,5,0,0
15,70,4,8,0,0.8,0.1,2.8,0,0
15,71,2,2,0,0.2,0,0.8,0,0
15,72,1,3,0,0,0.1,1.5,0,0
15,73,3,11,0,0,0.5,5.3,0,0
15,74,7,16,0,0,0.2,7.3,0.6,0
15,75,3,9,0,0,0.2,4.1,0.3,0
15,76,8,26,0,0,1.8,9.2,0,0
15,78,1,1,0,0.1,0,0.3,0,0
15,79,5,16,0,0.6,0.2,5.3,0,0
15,80,6,17,0,0,1,7.4,0,0
15,81,2,4,0,0,0.3,1.7,0,0
15,82,5,13,0,0.2,0.9,4.3,0,0
15,83,2,4,0,0,0.2,1.4,0,0
15,84,1,2,0,0.1,0.2,0.6,0,0
15,85,1,3,0.1,0.1,0.2,0.9,0,0
15,87,1,2,0,0.1,0.2,0.6,0,0
15,88,6,19,0.6,0.3,0,5.7,0,0
15,89,2,3,0.1,0,0,0.9,0,0
15,90,12,55,1.5,2.8,4.5,20.5,0,0
15,91,6,14,0.6,0.8,1.2,5,0,0
15,92,1,1.5,0,0,0,0.6,0,0
15,93,3,10,0,0,0.3,3.6,0,0
15,94,4,11,0.3,1.1,1.1,2.4,0,0
15,95,4,18,0.5,1.9,1.9,3.7,0,0
15,96,3,6,0,0.8,0.2,1.6,0,0
15,97,8,47,1,8,3.9,6,0,0
15,98,1,2,0,0.1,0.2,0.6,0,0
15,99,3,6,0,0.3,0.6,1.8,0,0
15,100,6,22,0,1.3,0.9,5.7,0,0
15,101,10,333,9.2,59.7,65.1,19,0,49.9
15,102,10,99.5,4.1,5.9,9,22,0,0
15,103,2,5,0.2,0.4,0.5,1.4,0,0
15,104,7,121,3,4.1,2,43.9,0,0
15,105,9,69,2,12,6.2,11.9,0,0
15,106,1,5,0,0.5,0,1.6,0,0
15,107,4,8,0,0.8,0,2.4,0,0
15,108,5,16,0.4,1,0.5,5.8,0,0
15,109,5,26,0.5,1.8,0.7,9.4,0,0
15,110,5,14,0,0.8,0,4.7,0,0
15,114,2,4,0,0,0.2,1.2,0,0
15,116,2,7,0,0.5,0.3,3,0,0
15,117,1,2,0,0.2,0.1,0.8,0,0
15,119,2,3,0,0.2,0,1.2,0,0
15,120,4,11,0.1,0.5,0,3.6,0,0
15,121,1,2,0,0.1,0,0.7,0,0
15,122,5,10,0.7,0.5,0.2,3.3,0.3,0
15,123,3,5,0.3,0.3,0,1.7,0.2,0
15,124,11,76,5,12.8,5.1,16.1,0,0
15,125,10,144.5,9.1,19,11.8,35.1,0,10
15,126,1,3,0.1,0,0,1.3,0,0
15,127,2,7,0.2,0,0,3.2,0,0
16,0,2,5,0,0.6,1,0.1,0,0
16,1,6,85,6,13,11,2.1,0,0
16,2,2,3,0.1,0.6,0.3,0.3,0,0
16,3,4,46,2,9.2,5.6,3.7,0,0
16,4,9,387.5,17,53.1,51.3,25.9,0,0
16,5,13,413.5,16,51.1,60.8,31.9,3.9,0
16,6,7,1212,48.1,334.9,124.1,24.8,0,123
16,7,4,426,0,16,122,1,1,0
16,8,3,9,0.6,0.3,1.4,1.3,0,0
16,9,9,381.5,15.1,34.9,76.9,9,1,5
16,10,9,767.5,24,67,146.1,133,1,55
16,11,9,54.5,0.7,5.9,6.1,5.9,1.2,0
16,12,11,167,6.9,29,22.8,11.1,0,0
16,13,11,151.5,3.9,14.8,15.1,24.2,0,0
16,14,9,257.5,3.5,16.5,44.8,20.9,0,0
16,15,8,348,15.1,18.9,52,60.1,0,5
16,16,10,125.5,4,20.9,16.1,7,0,0
16,17,7,28,2.8,3,0,8.2,0,0
16,18,2,7,0,0.5,1,1.3,0.2,0
16,19,7,58,1.9,6,7,11.2,0,0
16,20,10,233,11,18,31.9,36,0,0
16,21,5,122,0,8.2,32,4.8,0,0
16,22,2,6.5,0.2,1.2,0,2.1,0,0
16,23,6,13,0.4,2.4,0,4.1,0,0
16,24,13,281,6.9,17.1,48.1,43.9,0,0
16,25,9,40,1.5,4,0.9,10.5,0,0
16,26,10,132,5.1,12.9,19,18,0,3.9
16,27,5,15,0.9,0.6,2.1,1.5,0,0
16,28,5,21,0.3,1.3,1.5,4.9,0,0
16,29,6,36,0,0,3,10,0,0
16,30,11,88,9.8,8.1,10.1,12.1,0,0
16,31,12,410,27.9,50.2,77.1,25.8,0,48
16,32,7,34,0.6,0.7,0,8.9,0,0
16,33,2,5,0,0.2,0,1.3,0,0
16,34,5,13,0,0.5,1.2,3.9,0.1,0
16,35,1,1,0,0,0.1,0.3,0,0
16,36,2,4,0,0,0.4,1.1,0,0
16,37,3,7,0,0.2,0.7,1.8,0,0
16,38,4,11,0,0.5,1.1,2.8,0,0
16,39,2,8,0,0.2,0.8,2.2,0,0
16,40,3,8,0,0.4,0.1,2.7,0,0
16,41,6,72.5,0.8,3.9,4.2,23,0,0
16,42,3,5,0,0.5,0,2.2,0,0
16,44,12,81.5,1.5,8.2,4.9,16.4,0,0
16,45,11,223,6.9,20.7,13.2,60,0,4
16,46,9,92.5,7.1,15,7,12.8,0,0
16,47,4,8,0,0.9,0.7,1.3,0,0
16,48,5,21,0,1.4,2.8,3.5,0,0
16,49,7,30,2.3,4.8,0,6,0,0
16,50,4,67,3,13.9,7,5.1,0,0
16,51,16,327.5,7,71.1,44.7,10.2,0,0
16,52,4,7,0.3,0.7,0,1.8,0,0
16,53,9,103.5,1,11.2,18,7.8,0,0
16,54,9,663.5,33,105,90,44.1,0,7
16,55,10,80.5,6,13.6,2.9,8,0,0
16,56,6,17,0.3,1.2,0.5,4.3,0,0
16,57,6,12,0.1,0.8,0.4,3.1,0,0
16,58,7,304,2.9,70.1,33.1,13,0,0
16,59,6,97,0,3.9,23.1,3,0,0
16,60,4,16,0,0.3,0.5,5.6,0,0
16,61,7,24,0,0.5,0.8,8.3,0,0
16,62,2,2,0,0,0,0.8,0,0
16,63,2,4,0,0,0.2,1.4,0,0
16,64,3,8,0,0,0.2,3.3,0,0
16,65,6,21,0,0,0.7,8.7,0,0
16,66,1,3,0.1,0,0.2,0.8,0,0
16,67,2,9,0.2,0,0.6,2.5,0,0
16,69,2,4,0,0,0,1.5,0,0
16,70,5,17,0,0.8,2.1,4.2,0,0
16,71,4,15,0,0.7,2,3.7,0,0
16,72,4,11.5,0,0.5,0.8,4.9,0,0
16,73,3,4,0,0.1,0.3,1.7,0,0
16,74,2,3,0,0.1,0.2,1.3,0,0
16,75,3,5,0,0.2,0.3,2.2,0,0
16,76,1,6,0,0,0.4,1.4,0,0
16,77,3,8,0,0,0.5,1.9,0,0
16,79,5,21,0,0,1.1,10.9,0,0
16,80,3,9,0,0.5,0.3,3.3,0,0
16,81,3,7,0,0.4,0.2,2.6,0,0
16,82,2,2,0.2,0,0,0.8,0,0
16,83,6,16,1.4,0.5,0,5.8,0,0
16,84,2,7,0.2,0.2,0,2.9,0,0
16,85,2,4,0,0.2,0,1.6,0,0
16,87,2,3,0.1,0.1,0.2,1.2,0,0
16,88,2,3,0,0.1,0.1,1.1,0,0
16,89,1,4,0,0.1,0.2,1.5,0,0
16,90,3,13,0,0,0,4.8,0,0
16,91,2,7,0,0,0,2.6,0,0
16,92,3,10,0.2,0,0.3,3.7,0.4,0
16,93,2,6,0.1,0,0.2,2.2,0.3,0
16,94,3,7,0.3,0,0.4,2.6,0,0
16,95,2,3,0.1,0,0.2,1.1,0,0
16,96,1,1,0,0.2,0.1,0.1,0,0
16,97,1,5,0,1.3,0.5,0.4,0,0
16,98,1,3,0,0.4,0.3,0.5,0,0
16,99,3,12,0.2,1.5,1.1,2,0,0
16,100,3,13,0,1.9,1.3,1.7,0,0
16,101,13,253.5,2,47.9,36.1,10,0,0
16,102,11,199.5,13.9,19.9,24.8,33.3,0,0
16,104,8,44,6.9,9,1.2,2.9,0,0
16,105,8,131.5,3,15.1,19,15.9,0,0
16,106,2,3,0,0.1,0.2,0.9,0,0
16,107,3,7,0,0.3,0.4,2.1,0,0
16,108,1,1,0,0,0,0.4,0,0
16,109,8,26,0,0.8,0,9.6,0,0
16,110,1,3,0,0.1,0,1.2,0,0
16,111,2,3,0,0.1,0,1.2,0,0
16,113,4,12,0,0.8,0.5,3.5,0,0
16,114,6,16,0.3,0,2.9,2.6,0,0.2
16,115,12,248,10.9,32.9,24,55.1,0,15
16,116,2,3,0,0.2,0.1,1.2,0,0
16,117,4,8,0.2,0.6,0.2,3.2,0,0
16,119,1,2,0,0.1,0.1,0.8,0,0
16,120,1,1,0,0.1,0.1,0.3,0,0
16,121,3,7,0,0.6,0.6,2.2,0,0
16,122,4,10,0,0.6,0.4,4.1,0,0
16,123,2,9,0,0.4,0.3,3.9,0,0
16,125,1,1,0,0.1,0,0.3,0,0
16,126,2,8,0,0.4,0.2,2.7,0,0
16,127,1,2,0,0.1,0,0.7,0,0
44,0,6,26,1.9,2.1,0.9,6,0,0
44,1,15,274,5.1,17.1,46,32,0,6
44,2,6,157,1.1,4,22.9,21,0,0
44,3,7,72,3.1,3.9,6.1,15.1,0,0
44,4,7,48,0.9,0,3.1,8.9,0,0
44,5,8,37,3.1,0.9,6.2,3,0,0
44,6,6,257.5,15.1,22.9,36.3,20.9,0,0
44,7,9,479,3,60.1,79,30.9,1,41
44,8,11,178,1,33.9,18.9,12,0,11
44,9,6,28,0,2.1,0,9,0,0
44,10,8,24,0.6,1.3,1.3,5.9,0,0
44,11,6,21,0.5,1.2,1.2,5.1,0,0
44,12,8,51,0,7.1,1,15.2,0,0
44,13,10,32,0.4,3.2,1,8.2,0,0
44,14,9,40,0,5,2,7,0,0
44,15,11,553,9,58.8,85.1,88.3,1,37
44,16,12,247,3,28.1,36.1,33,2,0
44,17,3,3,0,0,0.3,1.2,0,0
44,18,7,34,0.8,0,1.2,9,0,0
44,19,7,45,0.8,0.9,1.2,16,0,0
44,20,5,14,0,0.5,0.7,4,0.2,0
44,21,14,49,0,3.1,1.8,16.7,0,0
44,22,7,31,0,0.4,1.1,9.3,0,0
44,23,13,43,0,0,3,17.2,0,0
44,24,10,27.5,0.9,2,0.9,10.1,0,0
44,25,3,14,0,0.2,0.5,4.4,0,0
44,26,3,11.5,0,0,0.3,4.8,0,0
44,27,3,5,0,0,0.2,2,0,0
44,28,3,10,0.2,0.6,0.2,3.2,0,0
44,29,4,10,0.3,0.6,0.3,3.1,0,0
44,31,1,6,0.2,0.3,0.2,1.9,0,0
44,32,3,6,0,0.4,0.8,1,0,0
44,33,6,23,0,1.2,3.1,4.1,0,0
44,34,6,33.5,0,1,6,7.1,0,0
44,35,7,240.5,0,14,51.1,34.9,0,12
44,36,7,29,0.8,2.1,4.1,5.1,0,0
44,37,4,23,0.6,0.7,1.7,7.3,0,0
44,38,2,55,0,14.5,4.4,5.3,0,14
44,39,4,177.5,2,4.1,24.1,31.9,1,7
44,40,1,5,0.1,0,0.2,1.7,0,0
44,41,2,5,0.1,0,0.3,1.6,0,0
44,42,2,5,0.1,0,0.2,1.7,0,0
44,43,2,7,0.2,0,0.3,2.3,0,0
44,44,5,41,0,0.9,1.9,9.4,0,0
44,45,13,185,0.8,8.1,35.9,23.2,0.9,0
44,46,8,39,0,0.9,5.1,11,0,0
44,47,9,32,0,2,0,12.9,0,0
44,48,5,14,0,0.2,2.4,2.8,0.4,0
44,49,10,34,0,0.3,5.7,7,0.9,0
44,50,4,9.5,0,0.8,0.6,2.4,0,0
44,51,7,22,0,1.8,1.4,5.7,0,0
44,52,5,27,0,1.3,5.4,5.4,0,4
44,53,13,107.5,2,3.8,10.1,21.9,0,3.2
44,54,5,22,0,0.6,3.6,5.3,0,0
44,55,4,13,0,0.4,2.2,3,0,0
44,56,5,11,0,0.8,0.2,4.2,0,0
44,57,7,17,0,1,0.3,6.6,0,0
44,58,1,2,0,0.1,0.2,0.5,0,0
44,59,4,23,0.5,0.7,2.6,5.6,0,0
44,60,4,23,0,1,1.1,8.9,0,0
44,61,6,43,0,3.1,5.1,8.9,0,0
44,62,2,6.5,0,0.3,0.1,2.6,0.2,0
44,63,2,8,0,0.4,0.2,3.2,0.2,0
44,64,4,20,0,0,0.5,9,0,0
44,65,19,416,22.1,26,46.9,114.9,0,24
44,66,18,268,14.9,21.1,27.7,67.1,0,3.8
44,67,9,47.5,0.8,2.8,3.4,13.4,0,0
44,68,9,30,1,3.7,1.3,8,0,0
44,69,13,226.5,21.9,28,7,52.1,1,0
44,70,11,1231.5,177.2,114,83,293.8,1,107.1
44,71,14,215.5,3.9,87.9,18.9,21.1,0,1
44,72,6,24,0,2.3,2.4,5.8,0,0.9
44,73,11,36,0,4.9,3.8,9.3,0,0
44,74,8,30,1,3,2,10,0,0
44,75,5,16,0,1.8,2.1,4.9,0.6,0
44,76,3,7,0,0,0.1,3.1,0,0
44,77,3,11,0,0,0.3,4.9,0,0
44,78,4,17,0,1.7,0.6,4.7,0,0
44,79,4,85,4,2,2,30,0,0
44,80,10,146.5,2.2,26.1,31,11.9,0,5
44,81,5,25,0.5,2.5,1.5,6.6,0,0
44,82,7,51.5,2,7.1,3.9,10.1,0,0
44,83,9,27,0,0,3,9,0,0
44,84,8,20,0,0,0,12,0,0
44,85,4,6,0,0,0.2,2.4,0,0
44,86,2,4,0,0,0,2,0,0
44,87,7,45,0,0,0,22.8,0,0
44,88,3,8,0,0.4,0.9,2.6,0,0
44,89,3,4,0,0.3,0.4,1.3,0,0
44,90,13,35,0,2,1.1,15.8,0,0
44,91,7,28,0,0,2.6,8.7,0,0
44,92,3,13,0,0.2,0.7,5.1,0,0
44,93,5,17,0,0.3,0.9,6.6,0,0
44,95,4,10,0,0.9,0.5,2,0,0
44,96,12,91,2,9.1,10,20.1,0,0
44,97,1,1,0,0.1,0.2,0.1,0,0
44,98,8,33.5,0.9,2,2.2,11.8,0,0
44,99,1,1,0,0.1,0,0.3,0,0
44,100,3,6,0,0.1,0.5,1.8,0,0
44,103,1,4,0,0.1,0.2,1.3,0,0
44,104,2,6,0,0.3,0.2,2.1,0,0
44,105,1,2,0,0.1,0.1,0.7,0,0
44,106,4,6,0,0,0.2,3,0,0
44,107,2,3,0,0,0.1,1.5,0,0
44,108,14,46,0,0.9,4.3,13.8,0,0
44,109,3,9,0,0.5,0.3,2.8,0,0
44,110,3,5,0,0.5,0,1.7,0,0
44,111,1,4,0,0.5,0,1.3,0,0
44,112,5,14,0,0.2,0.5,4.9,0,0
44,113,3,11,0,0.1,0.5,3.8,0,0
44,114,9,241,11.9,18,15.9,68.2,0,4
44,115,7,441.5,46,80,32.9,44.1,0,64
44,116,12,189,7.1,34,11.7,36.3,0,0
44,117,10,208,16,19.9,11.1,43.1,0,0
44,118,7,58,3,3.1,5.6,12.7,0,0
44,119,7,348.5,18.9,39.9,44.1,33.1,1,4
44,120,6,75,1,11,7.1,6.9,0,1
44,121,3,1294,255,262,100.9,59,0,284
44,122,10,87,1,8.9,8.1,23.1,0,4.1
44,123,6,19,0.2,1.7,3,1.9,0,0
44,124,3,8,0,0.7,0.8,2.1,0,0
44,125,3,5,0,0.5,0.5,1.2,0,0
44,126,9,167,0.9,12,27,23,0,9.9
44,127,2,4,0,0.4,0.8,0,0,0
14,0,2,6,0.1,0.3,1,1,0,0
14,1,3,20,0.2,1.1,3.3,3.3,0,0
14,2,8,69,6.9,7,8,2.1,0,0
14,3,6,46.5,0.6,4.7,4,11.7,0,0
14,4,7,92,4.8,7.2,15,6.9,0,0
14,5,5,38,1,4.9,5,4.1,0,0
14,6,7,20.5,0,2.8,3.3,4.8,0,0
14,7,12,183.5,1.2,29.9,32.1,10.8,0,0
14,8,2,5,0.1,0.5,0.5,1.3,0,0
14,9,3,7,0.2,0.7,0.7,1.7,0,0
14,10,2,6,0.2,0.3,1.2,0.6,0,0
14,11,4,28,0.8,1.6,5.9,2.5,0,0
14,12,3,29,0.6,2.2,3.3,5.6,0,0
14,13,3,23,0.5,1.8,2.6,4.4,0,0
14,14,1,2,0,0.2,0.4,0.1,0,0
14,16,2,7,0,0.9,0.7,1.4,0,0
14,17,11,165,0,13.9,29.1,25.9,0,9
14,18,9,126.5,6,9.9,27,9.1,1,0
14,19,12,368,16,40.1,64.1,29,0,4
14,20,9,171.5,42.1,9.2,12.9,23.8,0,24
14,21,5,1443,125.1,138,122.9,434.1,1,63
14,22,7,757,75,128,87.1,47,0,42
14,23,6,216,12.8,37.9,27.1,7.1,0,0
14,24,18,160,4.2,16.9,18.9,27,0,0
14,25,2,4,0,1,0.2,0.2,0,0
14,26,6,35,0.9,0,4,10.3,0,0
14,27,3,12,0.2,0,1.4,3.6,0,0
14,28,4,11,0.2,0.8,1,2.5,0,0
14,29,12,126,0,7,19,20.8,0,0
14,30,3,14,0,1.2,0.8,4.2,0,0
14,31,7,22,0,1.9,1.2,6.6,0,0
14,32,10,80.5,3.3,6.4,6.7,15.6,0,0
14,33,11,96.5,1.8,3.1,15,13.1,0,0.8
14,34,4,26,0,2,3.3,4.3,0,0
14,35,10,65,2.1,1.8,1.2,35,0,0
14,36,3,9,0,0,0.2,3.4,0,0
14,37,1,3,0,0,0.1,1.1,0,0
14,39,5,22,0,0,4,7,0,0
14,40,4,25,0,1,0,6.5,0,0
14,41,5,25,0,1.1,0,6.4,0,0
14,42,2,15,0,0,0.5,5.6,0,0
14,43,3,10,0,0,0.3,3.7,0,0
14,44,5,15,0,0.9,1.2,4.6,0,0
14,45,15,126.5,4,11.2,13.8,27.1,0,0
14,46,5,17.5,0,1.7,1.8,4,0,0
14,47,8,22,0,2.2,2.2,5.2,0,0
14,48,14,194.5,6,17.9,33.3,15.6,0,0
14,49,11,706,25,89,107,70.9,1,7
14,50,8,30.5,0,2.2,0,11.6,0,0
14,51,7,72,1,4.1,11.9,8.9,0,0
14,52,5,68,0.9,2.1,19.1,4.9,0,0
14,53,5,16,0.2,3,2.1,1.8,0,0.2
14,54,9,358,10.1,35,58.1,29.9,0,0
14,55,10,165,8,29,15.9,7.1,0,0
14,56,16,162.5,7.6,14.1,22.1,18.2,0,0
14,57,3,5,0,0.2,1,1,0,0
14,58,7,21,0,1.9,1.1,6.3,0,0
14,59,5,15,0,1.4,0.8,4.5,0,0
14,60,6,19,1.3,2.1,0.4,3.4,0,0
14,61,12,690.5,20.9,34,105.1,140.1,0,11
14,62,3,8,0,0.4,0.5,2.7,0,0
14,63,2,9,0,0.4,0.7,3,0,0
14,64,3,14,0,1.4,0.8,2.6,0,0
14,65,5,21,0,2,1.1,4,0,0
14,66,7,22,0,0,0,8.5,0,0
14,67,2,6,0,0,0,2.3,0,0
14,69,3,16,0,0.9,0.5,3.9,0,0
14,70,3,9,0,0.9,0.3,3,0,0
14,71,1,1,0,0.1,0,0.4,0,0
14,72,4,8,0,0,0.3,3.8,0,0
14,73,3,3,0,0,0,1.5,0,0
14,74,4,8,0,0,0.2,3.6,0.2,0
14,75,2,4,0,0,0,1.8,0.2,0
14,76,5,13,0,0,0.2,5.8,0,0
14,78,4,12,0,0.5,0.1,3.9,0,0
14,79,8,26,0,1,0.2,8.7,0,0
14,80,4,12,0,0,0.7,5.1,0,0
14,81,7,80,1,1.2,4,31.9,0,2
14,82,2,6,0,0.1,0.4,2,0,0
14,83,7,23,0,0.3,1.5,7.7,0,0
14,84,5,12,0.2,0.5,1,3.6,0,0
14,85,1,1,0,0,0.1,0.3,0,0
14,86,1,3,0.1,0.1,0.2,0.9,0,0
14,87,2,7.5,0.1,0.3,0.7,2.3,0,0
14,89,1,5,0.1,0.1,0,1.5,0,0
14,91,4,6,0.2,0.2,0.6,2.2,0,0
14,92,4,10,0,0,0.3,3.6,0,0
14,93,3,7.5,0,0,0.2,2.7,0,0
14,94,4,9,0.3,0.9,0.9,1.8,0,0
14,95,12,88,3.9,6.2,7.8,20,0,4.1
14,96,8,23,0,3.4,0.8,6.1,0,0
14,98,5,11,0,0.8,1.1,3.3,0,0
14,99,10,28,1.2,0,3,8.7,0,0
14,100,10,40,0,3,3.2,10.8,0,0
14,101,3,28,0,1.7,1.1,7.3,0,0
14,102,9,39,2.2,2.6,3.9,10.8,0,0
14,103,1,4,0.2,0.3,0.4,1.1,0,0
14,104,2,2,0.2,0.2,0,0.8,0.2,0
14,105,6,14,1.1,1.7,0,5.9,1.1,0
14,107,1,1,0,0.1,0,0.3,0,0
14,108,1,2,0.1,0.1,0.1,0.7,0,0
14,109,6,60,1,0,4.9,23.1,0,0
14,110,1,4,0,0.3,0,1.3,0,0
14,111,2,6,0,0.4,0,1.9,0,0
14,112,5,17,1.1,1.1,0.6,3.3,0,0
14,113,4,14,0.9,0.9,0.5,2.7,0,0
14,114,1,3,0,0,0.1,1,0,0
14,115,2,8,0,0,0.3,2.6,0,0
14,116,5,11,0,1,0.5,4.5,0,0
14,117,3,6,0,0.5,0.2,2.5,0,0
14,118,1,1,0,0.1,0,0.4,0,0
14,119,3,9,0,0.6,0,3.7,0,0
14,120,2,9,0.2,0.3,0,2.9,0,0
14,121,3,20,0.3,0.8,0,6.3,0,0
14,122,4,6,0.4,0.4,0,2,0.2,0
14,123,5,21,1.5,1.1,0.4,6.9,0.6,0
14,124,7,35,9.3,0,1.4,5.7,0,2.9
14,125,4,14,3.7,0,0.6,2.2,0,1.2
14,126,3,8,0.3,0,0,3.6,0,0
14,127,4,11,0.3,0,0,5,0,0
35,0,5,1747,83,253.8,271,168.1,0,33
35,1,9,38,2.4,5.2,0,5.6,0,0
35,2,10,46,4.2,6.9,0,7.9,0,0
35,3,9,42,2,5.9,3.5,6.4,0,0
35,4,6,21,0.8,2.5,0.9,5.5,0,0
35,5,2,3,0.1,0.3,0.2,0.8,0,0
35,6,2,5,0.1,0.8,0.4,0.7,0,0
35,7,3,12,0.3,1.9,1,1.7,0,0
35,8,8,196,4,28.1,20.9,14,0,0
35,9,5,33,0,4.6,2.6,4,0,0
35,10,6,18.5,0.3,0.6,1.9,5.3,0,0
35,11,11,46,0,3.9,1.2,10,0,0
35,12,4,18,0.6,0.3,1,4.3,0,0
35,13,5,13,0.4,0.2,0.7,3.1,0,0
35,14,2,3,0.2,0.1,0.2,1,0,0
35,15,7,27,1.6,0.8,1.7,9.1,0,0
35,16,2,5,0.3,0.1,0.5,1.1,0,0
35,17,1,6,0.3,0.1,0.6,1.4,0,0
35,18,3,6,0.3,0.6,0,1.5,0,0
35,19,3,19,1,1.7,0.5,4.6,0,0
35,20,10,34,1.9,4.9,0,10.2,0,0
35,21,14,334.5,5.2,27.8,77,27,0,0
35,22,5,19,0,0.5,4.1,3,0,0
35,23,5,31.5,0,0.7,6.8,5,0,0
35,24,11,48,1.7,1.1,2.2,13.2,0,0
35,25,12,506.5,28.1,23.9,65.2,91.8,0,5
35,26,12,185.5,7.3,27.9,7.9,42.9,0,14
35,27,6,16,0,1,0.6,5.8,0,0
35,28,10,147.5,2.7,5.1,10.1,37.2,0,0
35,29,14,369.5,14.7,10,26.2,122,0,17
35,30,11,402.5,14.2,16,36.2,126.9,0,4
35,31,2,4,0,0.2,0.4,1,0,0
35,32,1,5,0,0.1,0.2,1.4,0,0
35,33,4,9,0,0.2,0.3,2.5,0,0
35,34,4,17,0,0.3,0,5.8,0,0
35,35,5,15,0,0.2,0,5.2,0,0
35,36,7,26,0,0.6,1.8,9.2,0,0
35,37,3,8,0,0.1,0.6,2.8,0,0
35,38,4,13,0,0.2,0.4,5,0,0
35,39,4,24.5,0,0.4,0.8,9.4,0,0
35,40,3,9,0.1,0.3,0,2.8,0,0
35,41,7,33,0.8,0.9,0,10.1,0,0
35,42,5,12,0,0,0,4.8,0,0
35,43,1,2,0,0,0,0.8,0,0
35,44,3,11,0,0,0.7,4.2,0.3,0
35,45,3,6,0,0,0.4,2.3,0.1,0
35,46,4,16,0,0.4,0.7,5.5,0,0
35,48,2,3,0,0.1,0,1.2,0,0
35,49,4,6.5,0.1,0.2,0,2.5,0,0
35,50,4,10,0,0.6,0.4,3.5,0,0
35,51,5,29,0,3,0,9.1,0,0
35,52,9,173,3,37.1,11.1,13.9,0.9,0
35,53,5,32,0.7,0,3.3,6.9,0,0
35,54,2,9,0.2,0.2,0.4,2.8,0,0
35,55,3,9,0.2,0.3,0.4,2.7,0,0
35,56,4,10,0,0.3,0.7,3.3,0,0
35,57,5,13,0,0.4,0.9,4.4,0,0
35,58,6,15.5,0,0.5,0.6,5.6,0,0
35,59,10,56,0,5.1,3.1,11.8,0,0
35,60,11,136,1,4.9,17,36.3,0,1
35,61,3,11,0,1.5,0,3,0,0
35,62,9,43,0,3.1,0,12.9,0,0
35,63,7,29,0,1.8,1.1,10.4,0,0
35,64,3,8,0,0.1,0,3.1,0.1,0
35,65,11,53,3.8,3.8,2.1,15.3,0,0
35,66,8,35,0,3.1,5.9,5,1.1,0
35,67,9,41,1.2,1.9,2.9,10.9,0,0
35,68,11,37,0.6,0.6,3.9,13.1,0.9,0
35,69,3,9.5,0.1,0.2,1,3.4,0.2,0
35,70,6,21,0,0.9,0,7.6,0,0
35,71,6,25.5,0,1.1,0,9.2,0,0
35,72,9,50,0,5,3.9,7,0,0
35,73,5,20,0,0,1.1,6.2,0,0
35,74,5,22,0.4,0,1,7.4,0,0
35,76,3,9,0,0,0,4.4,0,0
35,77,11,46.5,0,0.4,3.3,23.2,0,6
35,78,2,3,0,0,0.1,1.4,0,0
35,79,6,21,0,0,1.1,10.9,0,0
35,80,1,3,0,0,0.2,0.8,0,0
35,81,2,11,0,0,0.6,3,0,0
35,82,3,6,0,0,0.2,2.1,0.1,0
35,83,8,36,0,0,1.3,12.4,0.7,0
35,84,4,13,0,0.5,0.6,4.1,0,0
35,85,2,3,0,0.1,0.2,0.9,0,0
35,87,6,13,0,0,1.3,5.2,0,0
35,88,5,16,0,0.4,0.5,7.1,0,0
35,89,7,33,0,0,0,13.1,0,0
35,90,5,21,0,0,0.6,8.4,0,0
35,91,2,7,0,0,0.2,2.8,0,0
35,92,4,8,0,0.8,0.3,3.8,0,0
35,93,8,21,0,2.1,0.7,10.3,0,0
35,94,7,49,0,1,1,14.9,0,0
35,95,3,21,0,0.9,1.1,4.7,0,0
35,96,2,6,0,0,0.1,2.4,0,0
35,97,1,4,0,0,0.1,1.6,0,0
35,98,1,1,0,0,0,0.4,0,0
35,99,1,1,0,0,0,0.4,0,0
35,100,2,7,0.2,0,0.3,2.1,0,0
35,101,1,4,0.1,0,0.1,1.2,0,0
35,102,5,13.5,0,0,1.6,3.8,0,0
35,103,9,35,0,0,4.3,9.7,0,0
35,104,11,77,1.2,1.9,3,20,0,0
35,106,2,3,0.1,0,0,1.8,0,0
35,107,6,24.5,0,1.9,0,8.9,0,0
35,108,4,14,0,1,1.2,4.6,0,0
35,109,8,45,0.8,1,1.2,15,0,0
35,110,7,43,0.8,3.9,2.2,11.9,0,0
35,111,2,6,0.1,0.5,0.3,1.7,0,0
35,112,3,16,0.3,1.1,0.5,4.5,0,0
35,113,1,9,0.2,0.6,0.3,2.5,0,0
35,114,3,10,0.1,0.6,0.4,2.9,0,0
35,118,1,4,0,0.1,0.1,1.9,0,0
35,119,2,3,0,0.1,0.1,1.4,0,0
35,120,2,10,0.3,1.1,0.6,2.4,0,0
35,122,1,1,0,0.1,0.1,0.2,0,0
35,125,1,4,0,0.2,0.3,1.3,0,0
35,126,2,8,0,0.4,0.5,2.6,0,0
35,127,2,6,0,0.3,0.4,2,0,0
37,0,8,487,4,72.2,92.9,11.9,1,5
37,1,10,811.5,30,89.2,165.9,21.8,2,1
37,2,7,1620.5,56.9,73,271,417.1,2,45
37,3,8,1090.5,64.9,120.9,174.1,68.1,1,1
37,4,12,426.5,12.9,80.8,54,13.2,0,0
37,5,2,8,0.3,1.5,0,1.4,0,0
37,6,1,4,0.1,0.4,0.4,0.6,0,0
37,7,5,19,0.4,1.9,2,2.7,0,0
37,8,4,22.5,0.6,1.1,0.7,7.7,0,0
37,9,2,15.5,0.4,0.8,0.4,5.3,0,0
37,10,8,16,0.2,1.6,1.6,4.1,0,0
37,11,5,14,0.4,1.4,1.4,3.5,0,0
37,12,4,12,0.5,1.3,0,4.4,0,0
37,13,16,48,6.6,4.4,0,11.9,0,0
37,14,16,110.5,2.3,5,11.8,23.9,0,0
37,15,10,326,4,25.2,57.9,29,0,3
37,16,7,29,1.1,2.1,0.7,7.5,0,0
37,17,5,14,0.6,1.1,0.3,3.6,0,0
37,18,6,17,0.5,3.4,0.7,3.7,0,0
37,19,6,18,0.5,3.6,0.7,4,0,0
37,20,12,35,2.1,3.2,0.7,10.1,0,0
37,21,2,11,0,0,0.5,3.6,0,0
37,22,2,2,0,0,0.2,0.6,0,0
37,23,6,21,0,1,1.1,7.3,0,0
37,24,10,181.5,1,2,23.9,49.2,0,0
37,25,6,211,2,11.9,34,45.9,0,6
37,26,5,14,0,0,0,7,0,0
37,27,5,12,0,0,0,6,0,0
37,28,4,15,0,0,0,5.5,0,0
37,29,5,20,0,0,0,7.4,0,0
37,30,7,25,0,0,0,12.1,0,0
37,31,4,11,0,0,0.4,3.6,0,0
37,32,11,34,0,1.1,3.8,10.1,0,0
37,33,4,16,0,0,0,6.1,0,0
37,34,9,30,0,0,2,9,0,0
37,35,7,16,0,0.9,0.2,5.3,0,0
37,36,5,12,0,0.2,0.5,4.3,0,0
37,37,6,24.5,0,0.4,1.1,8.6,0,0
37,38,9,224.5,8,9.2,11,74.9,0,0
37,39,5,33,0,0,0.7,14,0,0
37,40,8,20,0.1,0.7,1.1,6.8,0,0
37,41,11,60,0.9,1.5,3.1,20,0,0
37,42,5,23,0,0.4,0,7.9,0,0
37,44,4,15,0,0,0.5,5.3,0,0
37,45,7,80,0,0,5.2,31,0,0
37,46,3,10,0,0,0.2,3.8,0,0
37,47,4,12,0,0,0.2,4.6,0,0
37,48,11,375,9,18.1,65.7,62.1,0,16.1
37,49,5,25,0,0.6,3.5,5.2,0,0
37,50,5,10,0,0.1,1.9,1.9,0,0
37,51,9,56,0.6,0.9,9.6,10.2,0,0
37,52,10,60,0,4.1,5,8.9,0,0
37,53,7,17,0,1.4,0.7,6.1,0,0
37,54,2,17.5,0,1.1,0,5.8,0,0
37,55,14,61,0,1.5,1.9,21.3,0,0
37,56,8,27,0.9,0,2.1,10,0,0
37,57,6,22,0,0,0,8.8,0,0
37,58,4,14,0.5,0.9,0.6,3.7,0,0
37,59,5,12,0.4,0.7,0.5,3.2,0,0
37,60,5,19,0,0.4,0.4,7.3,0,0
37,61,11,61,0,6.8,4.2,12.1,0,0
37,62,12,268.5,3.1,19.8,25.2,58.1,0,3.9
37,63,6,33,0,0.9,2.3,9.9,0,0
37,64,10,33,0,0,1.9,14.1,0,0
37,65,8,24,0.9,1.1,0,10,0,0
37,66,8,47,0,0.8,0,14.1,0,0
37,67,4,13,0,1,0,5.5,0,0
37,68,11,54.5,2.1,0,3.7,15.5,0,0
37,69,14,78,0.8,5.1,6,16.9,0,0
37,70,11,66.5,0,3,11.1,13.8,0,0
37,71,9,98,0,3.8,8.9,37.3,0,2
37,72,12,166.5,3.1,11,20,41.9,0,3.1
37,73,9,24,0,0.8,1.3,8.9,0,0
37,74,5,16,0,0,0.6,5.9,0,0
37,75,5,13,0,0,0.5,4.7,0,0
37,76,2,5,0,0,0.4,1.8,0,0
37,77,2,4,0,0,0.4,1.4,0,0
37,78,12,68,0.8,3.1,10,12.1,0,0
37,79,10,37,0,3.5,4.5,9.5,0,0
37,80,6,15,0,0.9,1,5.1,0,0
37,81,1,1,0,0.1,0.1,0.3,0,0
37,82,1,5,0,0.2,0,2.4,0,0
37,83,2,3,0,0.1,0,1.4,0,0
37,84,10,33,0,0.7,1.1,13.2,0,0
37,85,9,45,0,2.9,3,13,0,0
37,86,4,19,0,0,0.5,7.6,0,0
37,87,3,9,0,0,0.2,3.6,0,0
37,88,8,93,0,3.9,12,35.1,0,0
37,89,3,19,0.3,1.3,0.6,4.8,0,0
37,90,9,28,0,1.8,5.1,8.1,0,0
37,91,4,27.5,0,0,3.7,7.4,0,0
37,92,1,1,0,0,0.2,0.2,0,0
37,94,3,17,0,0.6,1.7,5.1,0,0
37,95,1,3.5,0,0.1,0.3,1.1,0,0
37,97,1,4,0,0.2,0.2,1.4,0,0
37,99,1,7,0.2,0.9,0.5,1.9,0,0
37,100,4,7,0,0.1,0.7,2.1,0,0
37,101,1,2,0,0,0.2,0.6,0,0
37,102,4,16,0,1,2.3,3.4,0,0
37,103,14,152.5,4.8,6.1,22.3,29.8,0,0
37,104,1,1,0,0,0.1,0.3,0,0
37,106,2,5,0.1,0.2,0,2,0,0
37,107,2,6,0.1,0.3,0,2.4,0,0
37,108,7,31,0,1.1,2,11,0,0
37,109,10,405,31.2,90.1,6.8,89,0,49
37,110,5,153,3,8.9,25,28.1,0,4
37,111,14,137,4,6.9,16.9,29.1,0,0
37,112,2,7,0,0.7,0,2,0,0
37,114,2,7,0.3,0.4,0.4,1.4,0,0
37,115,3,18,0.9,0.9,1.1,3.6,0,0
37,116,12,448.5,38.9,70.9,16.2,85.1,0,9
37,117,8,55.5,3,16.9,2.1,6,0,0
37,118,4,34,0,7.1,0,6.9,0,0
37,120,3,14,0,0.7,0.8,3.4,0,0
37,125,1,1,0,0,0,0.4,0,0
37,126,3,8,0,0.2,0.3,2.7,0,0
37,127,1,2,0,0,0.1,0.7,0,0
38,0,3,217.5,0,14,52.1,3.9,0,10
38,1,11,70,3.1,6.1,9.9,6,0,0
38,2,8,668,2.1,181.9,58.1,11,0,80.9
38,3,12,69.5,3.6,9.5,4.3,13.4,0,0
38,4,5,66.5,0.9,13,2.1,8,0,0
38,5,7,46,0.8,5.1,0.8,9.2,0,0
38,6,1,19,0,1.8,1.9,4.3,0,0
38,7,1,3,0,0.3,0.3,0.7,0,0
38,8,2,3,0,0.2,0,0.9,0,0
38,10,3,14,0.8,0.3,1.7,3.6,0,0
38,11,1,3,0.2,0.1,0.3,0.8,0,0
38,12,7,23.5,0.2,3.2,0.3,6.8,0,0
38,13,8,26,0.4,3.3,0.5,7.3,0,0
38,14,6,30,1.1,4.9,1.1,4.9,0,0
38,15,2,5,0.1,0.4,0.5,1,0,0
38,16,10,66,1,7,3.9,13.1,0,0
38,17,8,25,0,0.9,0,10,0,0
38,18,5,14,0,0.5,0.2,5.3,0,0
38,19,11,125.5,1.7,4.1,19,29.2,0,3
38,20,9,20,0,0.8,0,9.2,0,0
38,21,8,29,0,4.1,2.1,5.9,0,0
38,22,7,62,2.1,7.9,3.1,18,0,0
38,23,11,36,0,0.6,1.5,15,0,0
38,24,5,35,0,2.8,1.9,8.2,0,0
38,25,6,51.5,0,2.1,12.1,7.9,0,10
38,26,8,40,0,0,1.3,12.6,0,0
38,27,9,32,0.8,2.4,0.8,11.2,0,0
38,28,11,91,2,4.2,13.9,17,0,0
38,29,8,77.5,1,0,8,23.9,0,0
38,30,7,14,0,0.5,0,6.5,0,0
38,31,3,6,0,0.2,0,2.8,0,0
38,32,7,26,0,0,0.7,7.8,0,0
38,33,2,7,0,0,0.2,2.1,0,0
38,34,3,11,0.6,0.9,0.9,2.4,0.2,0.2
38,35,7,113.5,3,2,4,40,0,0
38,36,8,40.5,1.9,0,4.9,8.1,0,0
38,37,4,10,0,0.6,1.4,2,0,0
38,38,7,53,0,2.4,1.6,15.2,0,0
38,39,7,91,5,3.9,0,33,0,0
38,40,5,10,0.3,0,0,3.7,0,0
38,41,5,20,0.8,0,0,7.2,0,0
38,42,2,6,0,0.1,0.3,1.7,0.2,0
38,43,5,9,0,0,0.5,2.7,0.4,0
38,44,5,9,0,0.6,0.6,3,0,0
38,45,7,31,0,2,7,6.1,0,0
38,46,5,17,0,0.7,1.7,3.7,0,0
38,47,9,124,0,25.2,4.9,24,0,9
38,48,15,375.5,11.9,15.9,38,85,0.9,5
38,49,4,52,0,2.6,6.7,8.4,0,0
38,50,7,42,0,3.7,1.4,13.3,0,0
38,51,10,69,1,19.3,5,12.8,0,0
38,52,7,84.5,0.9,30,3.1,7,0,0
38,53,7,29.5,0.5,1.4,1.7,8.7,0,0
38,54,9,39,0.9,1.7,2.2,10.1,0,0
38,55,8,26,0.8,1.6,1.1,7,0,0
38,56,16,365.5,10.1,17.8,43.1,94,0,7
38,57,7,50,0,1.9,1,14,0,0
38,58,4,14,0,0,0.4,4.9,0,0
38,59,5,15,0,0,0.5,5.2,0,0
38,60,7,29.5,0.9,1.5,1.2,9.2,0,0
38,61,15,139.5,3,10,19.1,24,0,0
38,62,9,203.5,3.9,2.1,14.1,56.8,0,1
38,63,11,54,0,0,4.4,16,0,0
38,64,8,44,0,2,0,11.9,0,0
38,65,10,57,0,0.9,3,16.2,0,0
38,66,15,134,1,7,10.9,40.2,0,0
38,67,14,119,2.7,16.3,0.9,31,1.1,7.3
38,68,14,101.5,0,7.7,14.2,25,0,3.1
38,69,6,17,0,0.3,0.3,5.7,0,0
38,70,11,150,1.9,13,20.1,30.1,0,5
38,71,2,16,0,1,1.8,3.6,0,0
38,72,7,32,0,0.7,1.8,9.3,0,0
38,73,10,34,0,0.9,2.2,13.9,0,0
38,74,4,9,0,0.3,0,4.4,0,0
38,75,6,16,0,0.7,0,7.4,0,0
38,76,7,24,0,0.5,0.8,8.4,0,0
38,77,6,12,0,0.1,0.4,4.3,0,0
38,78,11,36,0,1.1,0,16.9,0,0
38,79,4,18,0,1.1,1.4,6.1,0,0
38,80,4,11,0.1,1,1.1,2.1,0,0.5
38,81,11,63,1.6,3.1,4.8,21.2,2.2,2
38,82,5,39,0,3.9,4.1,9,0,0
38,83,4,10,0.1,0,0,4.5,0,0
38,84,12,54,0,2.9,5.2,13,0,0
38,85,5,21,0,0,3.1,7.8,0,0
38,86,13,84,0,3.9,10.1,14.2,0.8,2
38,87,2,3,0.1,0,0.3,1.1,0,0
38,88,11,42,0,1.8,2.1,12.9,0,0
38,89,7,17,0.5,1.2,0.6,6.1,0,0
38,90,4,9,0.1,0.3,0.5,3.8,0,0
38,91,6,18,0.3,0.5,1,7.7,0,0
38,92,7,31,0,0.5,0.9,12.2,0,0
38,93,3,13,0,0.2,0.4,5.1,0,0
38,94,3,13,0,0.5,1.3,3.9,0,0
38,95,2,5,0,0.2,0.5,1.5,0,0
38,96,2,3,0,0.2,0.1,1.1,0,0
38,97,1,1,0,0.1,0,0.4,0,0
38,98,1,4,0,0.2,0.2,1.4,0,0
38,99,1,2,0,0.1,0.1,0.7,0,0
38,100,8,71,0,3.1,16.9,8,0,4
38,101,10,48,0.8,6.8,4.3,10.8,0,0
38,103,5,21,0,0.6,1.9,6.3,0,0
38,104,1,2.5,0,0.1,0.3,0.6,0,0
38,108,2,4,0,0,0.2,2.1,0,0
38,109,7,58,0,19,1.7,10.2,0,4
38,110,10,91.5,3.1,5,11.2,19.8,0,0
38,111,8,123.5,3,2.9,9.1,39.8,0,0
38,112,3,7,0,0.8,0.6,1.6,0,0
38,113,6,28,0,3.3,2.3,6.4,0,0
38,114,2,6,0.1,0.4,0.7,1.2,0,0
38,115,9,105,1.6,7.1,12.7,20.6,0,0
38,116,7,413,35,52.9,22.1,91.9,1,20
38,117,5,21,2.5,1.6,2.1,2.2,0,0.5
38,119,5,15,0.4,0.5,0,5.1,0.5,0
38,120,5,26,0,0.9,2.6,6.9,0,0
38,121,1,2,0,0.1,0.2,0.5,0,0
38,122,1,5,0,0.2,0.5,1.3,0,0
38,125,1,4,0,0.1,0.1,1.4,0,0
38,126,5,11,0,0.2,0.3,3.9,0,0
38,127,2,7,0,0.2,0.2,2.4,0,0
