x,y,imputed,ind,men,men_1ind,men_5ind,men_coll,men_fmp,men_mais,men_pauv,men_prop,men_surf
110,0,3,11,4.4,1.3,0.7,0,0.3,4.4,0.3,4,553.8
110,1,2,12.5,5,1.5,0.7,0,0.4,5,0.3,4.5,652.1
110,23,3,32,13.6,3.9,0.9,0,0,13.6,0.5,12.3,1763.3
110,24,8,58,22.9,5.5,2.4,0,0.2,22.9,2,20.1,3082.3
110,58,5,144.5,55.6,10.1,4.3,1,5.8,54.6,4.3,44,6342.7
110,59,3,73.5,25.7,4.9,3.4,0,1.1,25.7,0.4,23.7,3133
110,64,1,3,1.1,0.1,0.1,0,0.1,1.1,0.1,1,144.8
110,78,2,192,79.8,17.7,3.3,1.6,5.3,78.2,7.1,72.1,8551.4
110,79,1,97,39.9,6.8,1.2,3.1,3.2,36.8,0.7,30.1,4645.7
110,80,1,4,1.5,0.3,0.1,0.1,0,1.4,0,1.3,197.3
110,87,1,54,26.6,6.7,0,0,0.4,26.6,0.2,25.1,2417
110,88,0,897.5,374,114,35,192,73,182,70,139,32381
110,89,5,73,31,8.6,2.1,0.2,3,30.8,3.4,27.2,3060.7
110,90,1,249,127.6,48.9,1,5,8.4,122.6,7,110.4,11624.1
110,91,1,89,51.3,25.4,1,31,6.2,20.3,14,19.7,3540.6
110,93,1,141,66.3,16.6,3.3,0.3,6.3,66,3.5,59.5,6421.1
110,94,3,37,14.3,2.9,0.8,0.3,0.8,14,0.7,12.7,1827.4
110,95,1,6,2.3,0.3,0.2,0,0.2,2.3,0,2.1,304.7
110,97,2,65,32.4,10.8,0,9,4.6,23.4,2,17.7,3446.1
110,98,1,2,0.7,0.1,0.1,0,0,0.7,0,0.7,90
110,101,1,3,1.1,0.1,0.1,0,0.1,1.1,0,1,124.4
110,102,2,13,4.7,0.5,0.3,0,0.3,4.7,0.1,4.3,539.1
110,111,1,2,0.7,0.1,0,0,0,0.7,0,0.6,101.8
110,113,3,76,37.7,13.4,0.7,3,3.7,34.7,4.6,26.9,4725.8
110,114,3,51,16.3,0.6,2.3,1,1.3,15.3,2.3,16,1942.3
110,116,2,60.5,23.8,4.1,1,0,1.6,23.8,1.3,21.4,2989.4
110,117,3,73,32.4,9.6,0,0,1,32.4,0.5,26.9,4084.8
110,118,4,30.5,10.6,2,1.1,0.2,0.8,10.4,0.2,9.4,1476.4
110,121,2,29,11.2,2.1,1.1,0,1.7,11.2,0.3,9.5,1421.6
110,122,2,269.5,98.4,13.7,8.9,0,8.4,98.4,2.3,85,13381.2
110,123,2,4,1.6,0.2,0,0,0.2,1.6,0.2,1.6,243
110,125,0,88,33,2,2,0,1,33,1,30,4021
110,126,2,132.5,57.4,16.8,3,2,2.8,55.4,0.9,50.4,7558.9
126,36,5,43,20.4,6,0,0,0,20.4,1.5,19.6,2629.7
126,50,1,3,1.3,0.4,0.1,0.1,0,1.2,0.1,1,149.7
126,59,6,85,33.7,6.9,1.4,0,1,33.7,0.6,29.7,4575.1
126,60,1,53.5,15.6,0.3,2.1,0,2.1,15.6,0,15.6,1624.3
126,67,1,1,0.4,0.1,0,0,0,0.4,0.1,0.4,62.3
126,69,2,44.5,16.2,3.7,2.3,0,1.9,16.2,1.1,15.7,2101.4
126,70,2,21,8.6,0.7,0,0,2.2,8.6,0,7.2,1127.5
126,83,1,1,0.4,0.1,0,0,0,0.4,0.1,0.1,36.4
126,88,2,9,3.2,0.5,0.1,0.6,0.5,2.6,0.9,2.4,298.4
126,89,4,161.5,56,10,2.7,3.2,4.3,52.8,5.8,44.4,6239.6
126,90,1,6,2.1,0.4,0.1,0,0.1,2.1,0.1,1.7,245.7
126,96,1,7,2.6,0.6,0.2,0,0.2,2.6,0.1,2.1,370.8
126,97,4,216,81.8,18.8,7.8,2,12.3,79.8,6.6,57.1,10213.2
126,107,1,13,4.7,0.7,0.7,1.1,0.4,3.6,0,2.7,589.8
126,108,4,45,18,1.8,0,0,2.7,18,0,14.5,1854
126,109,1,1,0.4,0,0,0,0.1,0.4,0,0.3,41.2
126,113,1,4,1.5,0.3,0.1,0,0.1,1.5,0.1,1.1,241.7
126,114,1,4,1.5,0.3,0.1,0,0.1,1.5,0.1,1.1,241.7
126,119,1,191.5,90.1,24.2,2.1,0,9.1,90.1,4,74.1,8435.5
126,120,2,561.5,214,35.1,14.3,1.5,17.8,212.5,7,188.5,28525.4
126,121,1,7,2.7,0.5,0.2,0.1,0.1,2.6,0,2.6,400.2
126,122,2,6,2.5,0.6,0,0.4,0.2,2.1,0.2,1.2,312.8
126,123,1,1,0.4,0.1,0,0.1,0,0.3,0,0.2,52.1
126,125,1,4,1.5,0.2,0.1,0,0.2,1.5,0,1.3,148.2
127,36,2,9,4.3,1.3,0,0,0,4.3,0.3,4.1,550.4
127,50,5,84,35,9.1,2.3,1.7,1.5,33.3,2.4,28.3,4074.6
127,51,3,20.5,8.8,2.6,0.4,0.6,0.2,8.2,0.8,7,1022.7
127,59,3,14,5.6,0.9,0,0,0.2,5.6,0.2,4.7,770.7
127,82,1,2,0.8,0.3,0.1,0,0.1,0.8,0.2,0.2,72.7
127,83,3,45,16.7,5.6,4,0,1.6,16.7,2.5,14.4,2011.1
127,88,3,3,1.2,0.6,0,0,0.3,1.2,0,1.2,161.4
127,89,0,709,318,103,13,42,26,276,18,226,31052
127,90,2,77,31.2,5.1,0.7,2.1,0.7,29.1,0,28.5,3380.6
127,98,1,2,0.7,0.1,0.1,0,0.1,0.7,0,0.7,105.9
127,99,1,28,13.4,4.3,0.3,0,2.2,13.4,1,9.3,1698.6
127,102,3,37,15.6,3.5,1,0,1.3,15.6,0.5,14.6,1722.8
127,103,3,26,10.3,1.4,0,0,0.7,10.3,1.4,10.3,1417.6
127,114,1,1,0.4,0.1,0,0,0,0.4,0,0.3,60.4
127,119,1,657,285,74,10.5,11,25.5,274,9.5,249,29528
127,120,2,326.5,136,35.9,11.1,16,16,120,7.4,102.9,16282.5
127,121,3,102,37.2,4,2.3,4.9,5.5,32.3,1.6,20.6,4692.5
125,12,1,3,1.2,0.3,0.1,0.1,0.1,1.1,0.1,0.9,149.7
125,26,2,8,5.1,3.3,0,0.4,0.5,4.7,0.9,1.8,543.5
125,27,4,25,14.9,8.3,0.7,0.6,1.3,14.3,2.7,8.2,1835
125,36,1,3,1.4,0.4,0,0,0,1.4,0.1,1.4,183.5
125,59,0,36,11,1,1,0,0,11,0,11,1579
125,60,2,13,5.1,1,0.4,0,0.4,5.1,0,5,808.9
125,66,4,60.5,25.5,6.2,0.9,1.5,1.6,24,2,22.6,3086.4
125,67,1,20,8.5,2.2,0.3,0.6,0.6,7.9,0.5,7.4,970.1
125,68,1,5,2.1,0.5,0.3,0,0.2,2.1,0.2,2.1,258.7
125,69,5,82,34.4,8.3,2.5,0,1.8,34.4,1,26.9,4229.4
125,79,1,1,0.5,0.2,0,0,0,0.5,0,0.5,64.6
125,88,1,2,0.7,0.1,0,0.1,0.1,0.6,0.2,0.5,66.3
125,89,1,3,1,0.1,0.2,0,0.1,1,0.1,0.9,90.1
125,96,6,74,27,6.7,1.8,0,3.2,27,1.1,23.4,3591.3
125,104,1,58,23.6,5.8,2,0,0.6,23.6,0,23.4,3209.2
125,105,1,14,5,0.7,0.7,1.2,0.5,3.8,0,2.9,635.1
125,109,3,21.5,8.4,1.9,0.1,0.2,0.2,8.2,0,6.8,970
125,110,1,13,4.8,0.7,0.3,0.6,0,4.2,0,3.5,637.8
125,120,5,156.5,61.8,11.7,4.1,0.6,2.2,61.2,1,56.5,8962
125,121,3,20,8,1.8,0.4,0.4,0.7,7.6,0.2,6.3,1172.2
125,123,2,6,2.6,0.6,0,0.4,0.2,2.2,0.1,1.3,337.5
124,27,1,5,2.9,1.4,0.2,0,0.2,2.9,0.5,1.9,382.4
124,61,2,32,12.6,2.5,0,0.5,0.7,12.1,0.4,9.6,1391.7
124,62,5,168.5,61.9,10.4,4,0.9,6.4,61,1.9,50.6,7035
124,65,1,3,1.3,0.3,0,0.1,0.1,1.2,0.1,1.1,145.5
124,66,4,126,53.3,12.4,2.8,1.5,4.5,51.8,3.3,45.5,6341
124,67,3,67.5,28.9,7.6,1.1,2.2,2.1,26.7,1.9,24.9,3274.2
124,68,4,51,21,4.7,1.7,0,1,21,2.2,16.1,2473.4
124,69,1,4,1.5,0.1,0.1,0,0,1.5,0.2,1.2,176.7
124,88,1,93,35.3,8.5,3.6,0,1.5,35.3,3.5,32.8,3804.5
124,89,4,348,135.9,24.4,10.2,1,7.3,134.9,5.4,116.6,13941.1
124,96,1,4,1.5,0.4,0.1,0,0.2,1.5,0.1,1.3,182.7
124,103,2,55.5,20.7,4.4,2.4,0,1.5,20.7,0,20.2,2888.9
124,104,5,145,59.8,13.5,3.5,2.5,1.5,57.3,1,52.8,8666
124,105,1,4,1.4,0.2,0.2,0.3,0.1,1.1,0,0.8,181.5
124,108,1,55.5,23.7,6.9,0,0,1,23.7,0,19.7,2423.4
124,109,4,269,118.7,36.5,5.9,14.6,8,104.1,5,80.6,14684
124,110,3,271,105.3,20.2,3.5,2.6,8,102.7,3,88,13497.6
124,111,1,2,0.7,0.1,0.1,0.1,0,0.6,0,0.5,98.1
124,120,2,13,5.9,0.7,0,0.7,1,5.2,0,4.2,806
124,121,3,21,9.3,1.8,0.2,0.8,1.5,8.5,0.2,6.2,1326.9
124,122,4,23,10,2.7,0.4,0.5,1.4,9.5,0.4,6.2,1483.3
124,123,1,1,0.4,0.1,0,0,0.1,0.4,0,0.3,64.5
124,124,1,3,1.3,0.4,0.1,0.1,0.2,1.2,0.1,0.8,193.5
124,125,2,18,7.7,1.3,0,0,2,7.7,0,5.1,661.4
124,126,1,292,153.8,89,10.5,151.4,21.1,2.4,35.6,0.4,10493.6
124,127,1,1868.5,821.2,319,73.5,638.6,175.9,182.6,243.4,148.6,65748.4
123,38,4,38,15.9,3.8,0.7,0,1.5,15.9,1.1,14.5,2068.9
123,39,4,47,19.6,4.6,0.9,0,1.8,19.6,1.3,17.8,2559
123,61,1,6,2.4,0.5,0,0.1,0.1,2.3,0.1,1.8,260.9
123,62,5,106,41,8.6,1,0.6,2,40.4,1.6,32.8,4764.4
123,63,1,4,2.3,0.8,0,0,0.1,2.3,0.4,1.6,291.5
123,64,2,4,2.4,0.8,0,0,0.2,2.4,0.4,1.6,291.6
123,68,3,63,23.4,3.3,1.1,1,2,22.4,2.5,20,3084.4
123,73,1,3,1.4,0.4,0,0,0,1.4,0.1,1.3,164.3
123,77,1,24,11.5,5.1,1,0,1,11.5,0,11.4,1304.8
123,78,4,45,21,7,0,0,1,21,0,20,2420
123,88,1,68.5,33.9,15.2,1,5,0,28.9,1.1,21.8,3257.4
123,89,4,118,52.8,13.3,0.1,1,2.1,51.8,2.8,48.3,6043.3
123,90,1,3,1.3,0.2,0,0,0,1.3,0.1,1.1,153.6
123,95,2,3,1.1,0.3,0,0,0.2,1.1,0,1,137
123,96,2,90,38.7,9.8,1.6,2.4,4.4,36.3,2,31.8,5443.6
123,104,1,10.5,3.8,0.5,0.5,0.9,0.4,2.9,0,2.2,476.4
123,109,3,53,19.8,3.6,1.4,0.2,1.3,19.6,1.1,13.8,2433.8
123,110,1,4,1.6,0.5,0.1,0.1,0.1,1.5,0.1,0.8,195.6
123,114,2,11.5,4.3,0.8,0.3,0,0.3,4.3,0.3,3.3,694.8
123,120,3,15,6.3,0.8,0.2,0.9,0.7,5.4,0.2,4.9,856.4
123,121,2,568,232.7,42.3,16,5.2,19.1,227.5,6,178.1,27352.6
123,122,2,293,141.3,55.8,5.7,105,30.7,36.3,15.5,39.7,11104.5
123,123,3,14,5.8,1.8,0.5,0.6,0.8,5.2,1.3,3.6,605.7
123,124,2,85.5,31.5,10.8,3.1,1.5,5.5,30,7.3,9.1,2831.6
123,125,2,104,67.5,45.9,1,40.1,2.5,27.4,16.4,22.6,3684.5
123,126,1,1561.5,758,321.3,41,482.1,102.1,275.9,125.1,125.7,55306
123,127,0,2485,1135,445,71,970,190,165,248,239,89664
122,38,2,5,2.1,0.5,0.1,0,0.2,2.1,0.1,1.9,272.2
122,39,2,13,5.5,1.3,0.3,0,0.5,5.5,0.4,4.9,707.8
122,63,2,10,5.8,2.1,0,0,0.3,5.8,0.9,4,728.8
122,64,3,15,8.6,3.2,0,0,0.4,8.6,1.3,6,1093.3
122,77,3,27,12.2,3.5,0,0,0,12.2,0.9,11.3,1478.8
122,83,1,3,1.6,0.6,0,0,0,1.6,0,1.4,193.8
122,84,2,21,10.9,4.2,0,0,0,10.9,0,10.1,1356.6
122,89,1,4,1.7,0.3,0,0,0,1.7,0.1,1.5,204.9
122,95,4,37,14.8,1.3,1.7,0.6,0.6,14.2,0,12.4,2105.3
122,96,1,167.5,63.1,7,2.5,1,1,62.1,2,55.6,8761.4
122,97,3,9,2.4,0,0.2,0,0,2.4,0,2.3,393.7
122,108,0,26,11,2,0,0,3,11,1,5,1130
122,109,5,312.5,137.4,39,8.3,11.2,15.7,126.2,7.6,92.9,17039.5
122,110,4,140.5,57,18.8,5.2,2.3,4.9,54.7,3.2,33.2,7395.2
122,120,2,11,4.3,0.5,0.2,0.7,0.2,3.6,0.2,3.5,580.8
122,121,1,902,366.8,85,16.5,84.6,55.5,282.2,22.5,199.2,37924.1
122,122,2,1067,535.7,220.3,21.3,384,63.3,151.7,31.5,257.2,45788.5
122,123,5,62,27,7.4,2.4,1.8,2.9,25.2,5,19.7,2359.3
122,124,1,1039.5,516.2,248.4,31.1,268.1,72.2,248.1,146.4,108.8,36403.3
122,125,4,20,10.2,3.1,0,1.4,0.7,8.8,0.7,6.8,1080
122,126,1,1800,990.5,484.5,31,783.2,117.1,207.3,146.1,231,71564
122,127,0,2342,1210,589,59,817,114,393,140,503,96679
87,2,3,19,10.4,5.2,0,0,0,10.4,0,9.5,1056.2
87,3,1,3,1.6,0.8,0,0,0,1.6,0,1.5,166.8
87,5,1,22,9.9,4.1,0.9,0,1.2,9.9,0.9,9,941.8
87,6,1,11.5,5.2,2.1,0.5,0,0.6,5.2,0.5,4.7,492.3
87,10,1,4,1.7,0.3,0.1,0,0.2,1.7,0.1,1.3,194.2
87,11,1,9,3.9,0.8,0.1,0,0.4,3.9,0.1,3,437
87,12,1,3,1.5,0.7,0.1,0,0.1,1.5,0.2,1.1,238.4
87,30,4,18,8.3,2.1,0.7,0,0,8.3,0.7,6.2,1322.3
87,31,1,8,3.7,0.9,0.3,0,0,3.7,0.3,2.8,587.7
87,40,1,1,0.5,0.2,0,0,0,0.5,0,0.5,62.8
87,45,2,34,16.8,4.9,0.9,0,2.2,16.8,2.7,15,2101.9
87,66,1,2,0.8,0.2,0,0.1,0,0.7,0.1,0.6,82.8
87,69,3,136.5,66.2,30.6,3.1,20.1,4.4,46.1,7.1,34,5820.9
87,70,2,10,4,0.7,0.4,0,0.7,4,0,4,469.1
87,72,2,82,29.6,3.1,3.1,2.3,2.1,27.3,1.3,26.3,3305.9
87,73,1,2,0.7,0.1,0.1,0,0.1,0.7,0,0.7,81.3
87,75,1,5,2.2,0.8,0.2,0,0.2,2.2,0.2,2,239.5
87,77,3,24.5,10.7,4.1,0.8,0,0.8,10.7,0.8,10,1173.5
87,78,2,153.5,60,15,6,2,5,58,7,51,6582
87,80,1,3,1.5,0.7,0.1,0,0.1,1.5,0.3,1,134
87,92,1,4,1.4,0.3,0.1,0,0.2,1.4,0.2,1,190.7
87,93,1,4,1.4,0.3,0.1,0,0.2,1.4,0.2,1,190.7
87,98,1,2,0.8,0.2,0,0.1,0.1,0.7,0.1,0.5,82
87,100,2,2,0.8,0.2,0,0.2,0.2,0.6,0.2,0.6,82
87,101,1,4,1.6,0.4,0.1,0.2,0.3,1.4,0.2,1.1,163.9
87,103,2,24,8.8,1.2,1.2,0,0.6,8.8,1.8,8.8,1071.2
87,107,5,48.5,19.9,3.3,0.5,0.5,4.6,19.4,1.3,16.1,2259.8
87,108,2,53,25.7,7.5,1,1,3.4,24.7,2.4,18.9,2709.8
87,115,1,100.5,40.4,8.1,2,0,1,40.4,5,32.4,4808.9
87,116,2,86.5,38.3,8.8,1.5,0,5,38.3,5,30.3,4601.9
87,122,2,30,10.3,1,1.4,0,1,10.3,1,8.9,1558
87,123,0,31,14,3,0,0,4,14,2,10,1444
89,5,1,5,2.1,0.8,0.1,0,0.4,2.1,0.4,1.9,194.9
89,33,4,55,24.1,7.3,0.8,0,2.4,24.1,0.8,21,2677.8
89,51,3,24,12.4,4.4,0.5,0,0.5,12.4,0,10.4,1708.3
89,52,1,2,1,0.4,0,0,0,1,0,0.9,142.4
89,56,1,1,0.5,0.2,0,0,0.1,0.5,0,0.4,53.9
89,57,3,192.5,84.5,26.8,5,5.2,7.5,79.3,8.2,58.9,9035.7
89,58,1,1,0.5,0.2,0,0,0,0.5,0.1,0.5,62.3
89,67,1,1,0.4,0.1,0,0,0,0.4,0,0.3,41.5
89,68,2,7,3.1,0.7,0.1,0,0.1,3.1,0.1,2.7,366.9
89,69,4,29,12.7,2.9,0.4,0,0.4,12.7,0.4,11.3,1520.3
89,70,3,26,9.2,0.5,0.5,0,0.9,9.2,0.5,8.1,947.4
89,71,2,23,8.1,0.4,0.4,0,0.8,8.1,0.4,7.3,838.1
89,76,1,1,0.5,0.2,0,0,0,0.5,0.1,0.3,44.7
89,91,1,2,0.9,0.2,0.1,0,0.1,0.9,0,0.7,107.3
89,94,1,3,1.3,0.4,0.1,0,0.1,1.3,0.1,1.1,150.8
89,96,2,17,6.2,1,0.6,0,0,6.2,0.6,5.1,687.2
89,97,1,2,0.7,0.1,0.1,0,0,0.7,0.1,0.6,80.8
89,98,0,89,40,12,0,4,3,36,4,27,4897
89,99,4,162,65.8,17.2,2,5,4.5,60.8,6.5,48.8,8527.8
89,100,1,56.5,20,3.5,2.5,0,1.5,20,2.2,18.2,3321.3
89,101,2,125.5,54.3,10.6,2,3,6.5,51.3,3.6,40.6,7748.8
89,105,2,11,3.9,0.3,0.5,0.1,0.8,3.8,0.6,3,522.5
89,106,5,92,37.9,11.3,3.6,1.5,3.1,36.4,1.7,29,4529.2
89,110,5,33,12,1.3,1,0.3,1,11.7,0.6,9.9,1587.2
89,111,3,52,18.8,2.3,1.7,0.4,1.1,18.4,0.7,16,2432.5
89,125,3,53,22.4,5.5,1,0.5,2.2,21.9,1,20.2,2240.9
89,126,2,9.5,3.3,0.2,0.2,0.2,0.2,3.1,0.2,2.6,453.4
90,1,7,96,40.4,12.6,2.4,2,3.4,38.4,3.4,33.2,4729.7
90,6,2,13,5.4,2.2,0.4,0,1,5.4,1,5.1,506.6
90,32,2,16,7.3,1.7,0.4,0,0.8,7.3,1.7,6,748.1
90,33,4,31.5,14.2,3.7,0.7,0,1.6,14.2,2.1,11.9,1498.8
90,51,4,18.5,9.5,3.5,0.3,0,0.3,9.5,0,8,1316.7
90,52,1,4,2.1,0.7,0.1,0,0.1,2.1,0,1.7,284.7
90,56,1,8,3.9,1.3,0,0.3,0.5,3.6,0.2,2.8,431.2
90,57,3,42,19.1,4.8,0,0.5,2,18.6,1.5,15.1,2518.3
90,59,1,6,3.1,1.2,0,0,0.2,3.1,0.3,3,373.8
90,69,4,30,12.8,3,0.5,0,1,12.8,0.7,11,1398.3
90,70,2,8,3.2,0.6,0.1,0,0.4,3.2,0.2,2.7,322.1
90,95,2,126,55.6,15.7,3.7,0,4.6,55.6,5.6,40.6,5564.7
90,96,5,71,28,4.8,3,0,2.1,28,1.1,21,2874.2
90,97,1,2,0.9,0.2,0,0,0,0.9,0,0.8,100.6
90,98,2,10,4.3,0.6,0,0,0.4,4.3,0.4,3.5,542.6
90,99,1,2,0.9,0.1,0,0,0.1,0.9,0.1,0.7,108.5
90,100,1,20.5,7.5,1.4,0.9,0,0.5,7.5,0,7.1,1311.5
90,101,1,11,4.5,0.5,0,0,1.2,4.5,0.5,3,631
90,106,4,85,33,5.1,2.7,2.4,2.1,30.6,1.7,28.2,4480.4
90,116,1,46,16,2.6,2.5,0,1,16,0,14.5,1819
90,117,0,109.5,36,7,5,2,2,34,2,32,4207
90,123,1,2,0.7,0.1,0,0.1,0,0.6,0,0.6,81.7
90,125,3,88.5,29.9,3.6,2.1,0.5,2.9,29.4,2.1,26.9,3166.1
90,126,1,11,4.3,0.8,0.5,0.3,0.5,4,0.2,3.7,530
90,127,1,136.5,55.7,6.8,1.5,0.4,2.5,55.3,0.2,51,6831.2
91,1,5,55,25.6,9.1,0.8,0,3.1,25.6,3.8,19.6,3066.5
91,19,2,4,1.6,0.4,0,0,0.2,1.6,0.4,1.2,171
91,20,5,61,25.6,6.6,0.8,0.8,4.1,24.8,4.9,17.3,2607.2
91,21,5,30,15.7,6.9,0.2,0.2,0.6,15.5,1.7,11.6,1576.7
91,24,2,43,25.7,12.8,0.1,0,2.8,25.7,3.1,22.6,2398.5
91,25,3,167,61.8,13.6,5.7,0,4.8,61.8,9.8,51.3,6662.5
91,26,1,136,54.5,16.3,7.2,0,9.2,54.5,11.2,12.1,4500.3
91,43,2,16,8,2.5,0,0,1.3,8,0,6.2,937.3
91,44,1,10,5,1.5,0,0,0.8,5,0,3.8,585.8
91,50,1,2,1,0.5,0,0,0,1,0.1,0.7,127
91,58,1,4,1.6,0.6,0.1,0.1,0.1,1.5,0.2,1.2,170.4
91,59,6,108,46,15.4,3,0.9,3.4,45.1,4.9,37.8,5383.7
91,60,3,9,4.6,1.7,0,0,0.3,4.6,0.6,4.5,560.8
91,64,1,1,0.4,0.1,0,0,0,0.4,0,0.3,41.5
91,69,1,3,1.2,0.3,0,0,0.2,1.2,0.1,1,124.6
91,70,1,20,8.3,2,0.3,0,1,8.3,0.7,7,830.7
91,85,1,2,0.8,0.2,0.1,0.1,0.1,0.7,0.1,0.6,89.3
91,94,1,3,1.3,0.3,0.1,0,0.1,1.3,0,1.1,161
91,95,1,1,0.4,0.1,0,0,0,0.4,0,0.3,39.1
91,96,3,6,2.6,0.7,0.1,0,0.1,2.6,0.1,2.3,301.7
91,98,3,23,8.4,1.6,1,0,0.5,8.4,0,7.9,1471.5
91,106,1,4,1.8,0.6,0.1,0,0,1.8,0,1.6,237.6
91,107,1,3,1.3,0.4,0.1,0,0,1.3,0,1.2,178.2
91,116,2,163,57.6,5.3,6,1,5,56.6,4,52.6,6474.6
91,117,3,318.5,130.4,37,8.6,9,9,121.4,12,98.8,14818.4
91,120,1,6,2.1,0.3,0.1,0.3,0.1,1.8,0,1.7,245.2
91,125,2,28,9.6,0.6,0.6,0.5,0.6,9.1,0.6,7.9,1336.1
91,126,1,89.5,39.1,11.8,2.1,8.7,4.1,30.4,2.4,25.7,3799.7
91,127,2,202,80.9,10.6,0.9,4.7,3.9,76.2,6.3,64.7,9557.2
92,17,4,32.5,15.7,4.1,0.7,0,4.1,15.7,1.8,13.5,1736.9
92,18,4,47,20.9,6.1,0.6,0,3.1,20.9,3.6,17.7,2361.6
92,19,3,35.5,14.1,2.9,0.8,0,2.6,14.1,2.2,12,1653.9
92,20,2,11,4,0.6,0.3,0,0.8,4,0.6,3.4,487.7
92,21,2,3,1.7,0.7,0,0,0.3,1.7,0,1.3,157
92,24,2,19,9.6,4.1,0.8,0,0.9,9.6,1.3,8,1051.1
92,25,2,190,97.1,39.8,1.5,2,5.3,95.1,15.8,84.5,10340.3
92,26,4,233,98.2,27.8,8.6,4,10.3,94.2,10.9,60.7,9279.4
92,27,0,55,31,17,1,0,4,31,9,0,2240
92,43,1,4,1.3,0.2,0.3,0,0,1.3,0.2,1,144.8
92,44,1,6,1.9,0.3,0.4,0,0,1.9,0.3,1.5,217.2
92,50,1,9,4.5,2.2,0.2,0,0.2,4.5,0.4,3.3,571.3
92,51,3,11,5.1,2.4,0.3,0,0.5,5.1,0.4,3.9,565.8
92,59,3,18.5,8.5,1.9,0.5,2,1.9,6.5,0,6,1029.5
92,60,2,17,7.8,1.6,0,0.3,1.6,7.5,0.3,6,873.9
92,61,5,57,24.4,4.8,1.4,2.2,3.5,22.2,2.9,15.6,2571.8
92,70,1,2,0.8,0.2,0,0,0.1,0.8,0.1,0.7,83.1
92,82,1,5,1.4,0.1,0.2,0,0,1.4,0.1,1.4,180
92,88,1,6,2.4,0.8,0.2,0.2,0.2,2.2,0.2,1.7,267.9
92,96,1,3,1.3,0.3,0.1,0,0.1,1.3,0,1.1,161
92,106,2,23,10,2.5,0.5,0,1.1,10,0.6,8,1128.1
92,107,2,25,10.9,2.8,0.5,0,1.2,10.9,0.7,8.7,1226.2
92,116,1,2,0.9,0.1,0,0,0.1,0.9,0.1,0.7,102.3
92,117,2,7,3,0.5,0,0,0.3,3,0.4,2.5,358
92,120,1,4,1.4,0.2,0.1,0.2,0.1,1.2,0,1.1,163.5
92,124,1,57,17.2,1.3,1.7,0,1,17.2,1,15.2,2026
92,125,3,73,27.8,1.6,2.3,0,0,27.8,0,23.7,4023.1
119,3,5,42,16.6,4.4,1.9,0,0.8,16.6,2.3,13.5,1746.5
119,4,5,57,22.7,6.2,2.2,0,1.4,22.7,3.3,18.4,2406.3
119,20,1,3,1.7,0.6,0,0,0.3,1.7,0.2,1.4,188.3
119,21,4,39,19.2,7.2,0.5,0.3,2.7,18.9,3.1,15.4,2193.7
119,48,6,56,23.6,6.7,1.1,0,2.3,23.6,3.9,19.3,2864.1
119,49,2,15.5,6.6,1.8,0.3,0,0.6,6.6,1,5.3,792.7
119,65,1,14,4.5,0.2,0.4,0,0.4,4.5,0.2,4.1,633.7
119,66,4,72,23.7,1.5,1.7,0,1.5,23.7,1,22.2,3219.8
119,72,2,7,2.8,0.8,0.1,0,0.3,2.8,0.1,2.5,371.7
119,76,4,140,57.8,14,2.3,5,6.6,52.8,5.3,44,7071.7
119,84,2,72.5,24.4,1.5,1.4,0,0,24.4,0,23.2,2941.6
119,85,3,248.5,98,12,4.5,8,10,90,2,79,11478.6
119,88,2,6,3,1,0,0,0.2,3,0,2.6,344.4
119,89,1,2,1,0.3,0,0,0.1,1,0,0.9,114.8
119,92,2,16,5.8,1.6,0,0,0,5.8,0.6,5.4,667.8
119,93,5,348,157.6,58.8,6.4,39,15,118.6,16.8,94.7,13934.4
119,94,3,269,118.7,36.6,8.3,4,8,114.7,7.9,92.6,13248.3
119,95,1,1,0.4,0.1,0,0,0,0.4,0,0.4,63.1
119,104,2,29,10.3,0.9,0.9,0,0,10.3,0.9,8.4,1495.9
119,111,3,61,25.6,5.9,0.4,1.3,2.3,24.3,2.3,22.4,2934
119,112,2,29.5,11.3,2.2,0.4,1.2,1.8,10.1,1.2,10.5,1536.2
119,119,2,15,7.3,1.7,0,0,0.4,7.3,0.4,7.3,909.9
119,120,0,1049.5,368,67,53,123,48,245,33,182,39151
119,121,1,1539,619.4,117.6,48,58,60.1,561.4,38.1,426.4,63000.3
119,122,1,1389.5,722.9,347.4,36.4,508,75.4,214.9,90,171.8,58459.8
119,123,2,1041,468,195,46,226,50,242,137,146,36294
119,124,0,2479,1064,392,107,738,164,326,314,360,79872
119,125,0,2365.5,1155,523,70,788,167,367,312,413,83544
119,126,4,430.5,219.9,124.1,11.3,174.8,15.2,45.1,28.7,85.7,17771.5
119,127,1,2304.5,1269.5,689.3,45,1141.3,146,128.2,166.1,390.3,103403.7
0,2,1,3,1.2,0.2,0.1,0,0.1,1.2,0.1,1.1,147.9
0,4,1,19,6.9,1.8,0.9,0,0.9,6.9,0.6,6.3,830.9
0,5,1,80,31.1,7.3,2.7,0,2.7,31.1,1.4,27.7,3291.2
0,6,2,49,17.1,2.3,1.7,2,2.7,15.1,1.5,15.7,1882.3
0,12,2,27.5,11,2.1,0.4,0.2,1.3,10.8,0.4,10.2,1135.9
0,13,6,64,24.9,5.8,2,0,0,24.9,2,22.9,3037.6
0,18,1,3,1.1,0.2,0,0,0.1,1.1,0.1,1,125.7
0,24,2,11,4,0.7,0.3,0,0.2,4,0.3,3.7,465.1
0,25,4,43,15.6,2.9,1.4,0,1,15.6,1,15.3,1761.4
0,28,2,86.5,31.3,5.8,4,0,2.4,31.3,0.4,30.5,3165.9
0,29,3,256,97,28.2,9.7,31.5,10.8,65.5,5,61.6,9187.3
0,30,4,55.5,18.5,1.7,2.1,0.5,1.7,18,0.5,16.4,2069.7
0,33,3,32,11.7,3,1,0,1.2,11.7,1,8.9,1278.2
0,34,1,14,5.1,1.3,0.4,0,0.5,5.1,0.4,3.9,559.2
0,38,3,9,3.4,0.6,0.3,0,0.3,3.4,0.2,2.9,369.5
0,39,4,47,18.5,5.7,2.2,0,1.1,18.5,0.9,16.2,2108.4
0,40,1,2,0.8,0.1,0,0,0.1,0.8,0,0.6,80.7
0,42,1,3,1.1,0.3,0.1,0.1,0,1,0.1,1.1,134.5
0,43,4,98.5,33.9,6.3,4.5,0.6,3.2,33.3,1.3,30.7,3398.7
0,44,2,6,2.3,0.6,0.3,0.3,0.1,2,0.2,2.1,268.9
0,45,2,7,2.6,0.6,0.4,0,0.2,2.6,0.4,2.5,334.1
0,47,1,27,10.1,2.3,1.4,0,0.5,10.1,1.4,9.6,1288.7
0,53,1,2,0.7,0.3,0.1,0,0,0.7,0,0.7,99.5
0,56,1,86,35.8,12.1,2.8,1,1.6,34.8,1.2,32.6,3619.3
0,57,5,220.5,79.5,19.9,9.2,6.9,5.2,72.6,4.1,63.4,7576.7
0,58,2,459.5,192.8,58.3,16.4,21.7,18.8,171.1,13.3,165.3,16991.9
0,59,4,142.5,60.2,13,2.6,2.7,5.7,57.5,2.9,53.7,6425.8
0,60,2,24.5,10.3,1.5,0.5,0,0.5,10.3,0.5,8.8,1138.3
0,61,1,40,13.7,3.1,2.1,3.1,1,10.6,0,10.4,1668.4
0,66,1,1,0.4,0.1,0.1,0.1,0.1,0.3,0,0.2,57.7
0,70,1,19,7.1,1.9,1,1.6,1,5.5,0.6,3.9,1096.5
0,72,1,8,2.1,0,0.5,0.1,0,2,0,2,215.1
0,75,2,8,3.6,0.7,0.1,0,0.5,3.6,0.3,3.1,475.1
0,81,2,431,173.2,49.4,16.3,35,18.5,138.2,17.5,117.5,16910.5
0,82,4,77,31.9,9.8,2.6,2.8,3.5,29.1,2.1,28.4,3266.9
0,83,0,73.5,26,4,2,1,3,25,2,20,2754
0,85,3,16,5.5,0.7,0.4,0.4,0,5.1,0.4,5.1,632
0,86,1,4,1.4,0.2,0.1,0.1,0,1.3,0.1,1.3,158
0,90,1,2,0.7,0.1,0.1,0,0.2,0.7,0,0.6,84.1
0,93,2,38,13.4,2,1.6,2.3,1.4,11.1,0.3,6.3,1285.7
0,94,2,105,34.2,4.5,4.3,1.8,5,32.4,1.3,20.8,3359.2
0,98,1,1,0.5,0.1,0,0,0,0.5,0,0.3,55.5
0,101,0,28,14,4,0,0,1,14,2,14,1516
0,102,2,18,7,1.8,0.3,0,0,7,0.3,6.1,753.2
0,108,2,47,14.8,2.1,1.6,1.1,1.6,13.7,0.5,12.6,1490.9
0,112,4,86.5,28.5,5.2,4.2,1,1.1,27.5,3,25.3,2610.2
0,113,3,125,49,11.2,4.1,0,2.8,49,1.4,47,4791.7
0,120,3,43,14,3.9,2.2,0.4,0,13.6,1.1,10.8,1568.4
0,125,1,3,1.1,0.1,0.1,0,0.1,1.1,0.1,0.8,123.2
1,5,4,16,5.9,1.6,0.7,0,0.7,5.9,0.5,5.3,699.7
1,8,3,15,5.3,0.8,0.4,1.5,1.1,3.8,0.8,4.1,498
1,9,3,173.5,56.8,6.1,6.2,6.4,4.9,50.4,3.1,50.1,6209
1,12,8,105,42,7.9,1.4,0.7,4.7,41.3,1.4,38.7,4337
1,13,2,36.5,14.1,3.3,1.1,0,0,14.1,1.1,13.1,1732.4
1,24,2,8,2.8,0.4,0.2,0,0.1,2.8,0.2,2.6,349.6
1,27,1,3,1.1,0.2,0.1,0,0.1,1.1,0.1,1.1,122.9
1,28,2,121,44.7,11.7,9.5,3,6.7,41.7,4.7,36.4,4622.7
1,29,3,347,146.3,46.9,7.6,38,19.4,108.3,14.2,89.8,13402.9
1,31,1,2,0.7,0.2,0.1,0,0.1,0.7,0.1,0.6,79.9
1,32,1,10,3.7,0.9,0.3,0,0.4,3.7,0.3,2.8,399.5
1,33,6,67.5,24.8,6.4,2,0,2.7,24.8,2,18.8,2696.3
1,34,1,3,1.1,0.3,0.1,0,0.1,1.1,0.1,0.8,119.8
1,39,3,17,6.8,2.2,0.9,0,0.4,6.8,0.3,6,779.4
1,40,3,12,4.6,0.9,0.2,0,0.3,4.6,0.2,3.7,484.3
1,42,1,8,3,0.7,0.3,0.3,0.1,2.7,0.2,2.8,358.5
1,43,3,40,15.1,3.6,1.6,1.6,0.5,13.5,1.1,14,1792.7
1,44,1,2,0.7,0.2,0.1,0,0,0.7,0.1,0.7,95.5
1,46,1,1,0.4,0.1,0.1,0,0,0.4,0.1,0.4,47.7
1,47,2,22,8.2,1.9,1.2,0,0.4,8.2,1.2,7.8,1050.1
1,52,1,5,1.9,0.7,0.4,0,0,1.9,0.1,1.6,248.8
1,53,1,54.5,18.1,4.6,4.4,0,0,18.1,0.3,17.2,2218.5
1,54,4,33,12.4,4.5,2.3,0,0.1,12.4,0.4,10.8,1643.5
1,55,3,64,27.3,7.2,1.4,0.4,3.7,26.9,3.4,24.8,2642.2
1,56,4,192.5,70.3,14.9,5.5,7.6,12.9,62.7,8.9,48.6,6657.6
1,57,1,4,1.5,0.3,0.1,0,0.1,1.5,0,1.3,132.4
1,58,1,4,1.6,0.3,0.1,0.2,0,1.4,0,1.6,146.3
1,59,2,32,12.9,2.3,0.7,1.5,0,11.4,0,12.9,1170.3
1,61,1,7,2.5,0.3,0.3,0.4,0.1,2.1,0,1.5,376
1,66,1,4,1.5,0.4,0.2,0.3,0.2,1.2,0.1,0.8,230.8
1,68,2,4.5,1.7,0.5,0.3,0.3,0.3,1.4,0.2,0.9,259.7
1,71,2,38,10.1,0,2.5,0.6,0,9.5,0,9.4,1021.5
1,72,1,7,1.9,0,0.5,0.1,0,1.8,0,1.8,188.2
1,75,2,4,1.8,0.4,0,0,0.2,1.8,0.2,1.6,237.6
1,81,3,46,19.6,5.7,1.5,4,1.6,15.6,0.6,14.8,1811.1
1,82,2,20,8.8,1.7,0.3,0,0.6,8.8,0.6,7.8,1138.3
1,86,2,15,5.1,0.6,0.4,0.4,0,4.7,0.4,4.7,592.6
1,87,2,29,9.9,1.3,0.8,0.8,0,9.1,0.8,9.1,1145.8
1,90,3,103.5,38.4,7.9,3.9,1,6.8,37.4,0,32.4,4446.9
1,93,1,12,4.2,0.6,0.5,0.7,0.4,3.5,0.1,2,406
1,94,2,35,12.3,1.8,1.5,2.2,1.2,10.1,0.3,5.8,1184.2
1,98,4,43.5,20.5,5.8,0.9,0,0.9,20.5,2,14.7,2413.4
1,105,2,16,6.7,2.3,0.7,0.3,0.3,6.4,1.6,5.5,685.7
1,106,4,117,41.8,8.5,5.1,1.6,5.1,40.2,6.5,36.8,4415.4
1,107,2,173,69.3,15.9,3.9,4.9,2.4,64.4,6.9,60.4,7381.2
1,108,3,625.5,253.3,79.7,23.4,64.9,23.4,188.4,30.5,158.4,22137.1
1,113,3,57,21.6,2.9,0.7,0,0.7,21.6,1.5,21.6,2044.8
1,120,5,116,43.1,11,4.7,0.3,0,42.8,0.8,34.5,4227.1
1,122,1,4,1.6,0.4,0.1,0.1,0,1.5,0.1,1.4,168.6
1,123,4,130,50.4,10,3.3,1.3,1.7,49.1,2,43.8,6124.6
1,124,3,28,11.1,2.7,0.6,0.6,0.3,10.5,0.9,9.9,1179.9
1,125,5,41,15,1.9,1.9,0,1.9,15,0.9,10.2,1683.8
2,0,2,68.5,24.5,4.2,1.3,0,2.3,24.5,1,24.2,2826.9
2,5,2,15,6,1,0,0.5,0.5,5.5,0.5,4.5,893
2,8,3,108,44.7,10.6,3,5,3.9,39.7,4.9,34,4407.9
2,9,1,238,92.3,24.3,6,16,9.1,76.3,14.1,68,8717.1
2,11,1,2,0.7,0.1,0.1,0,0,0.7,0,0.6,108.4
2,19,1,2,0.7,0.3,0,0,0,0.7,0.1,0.5,78.8
2,25,2,21,7.4,1.2,1.2,3.1,0.6,4.3,0,3.7,889.4
2,27,1,13,4.6,0.8,0.8,1.9,0.4,2.7,0,2.3,550.6
2,28,5,14,5.7,1.5,0.8,0,0.1,5.7,0.8,4.7,560.5
2,29,1,21,8.5,2.5,1.1,0,0.4,8.5,1.1,7.1,840.7
2,31,1,1,0.4,0.1,0,0,0,0.4,0,0.4,63.6
2,41,1,2,0.7,0.1,0.1,0,0,0.7,0,0.6,81.7
2,42,3,118,47.2,14.3,4.3,7,1,40.2,5,33.9,4536.8
2,43,5,169.5,71,20.9,7.9,8,6,63,7,51,7394.9
2,51,2,70,18.3,1.6,6.4,0,0.8,18.3,1,17.2,1987.8
2,52,3,425.5,159.6,39.7,17.5,40,19.9,119.6,12,107.4,14716.5
2,53,4,29,11.3,2.3,0.8,0,2,11.3,1.4,10.7,1260.9
2,54,6,157,59,10,5.2,2.1,8.2,56.9,5.4,53.9,6210.3
2,55,5,22.5,9.3,2.9,0.5,0.8,1.9,8.5,1.3,6.8,743.8
2,56,1,14,4.5,0.6,0.5,0,0.1,4.5,0.3,4.3,499.1
2,57,5,217.5,76.8,12.6,8.1,0,6.6,76.8,7.8,63.7,7811.7
2,58,1,66,24.5,5.5,3.2,2,3,22.5,1.2,21.2,2610.2
2,59,2,8,3.3,0.9,0.1,0,0,3.3,0.1,3.2,345.3
2,62,2,60,23,4.2,1.8,2,1.8,21,1,19.3,2738
2,67,1,2,0.8,0.2,0.1,0,0.1,0.8,0,0.7,104.9
2,68,1,4,1.6,0.4,0.1,0,0.1,1.6,0.1,1.4,209.7
2,70,2,9,3.6,0.8,0.3,0,0.3,3.6,0.1,3.1,471.9
2,74,1,4,1.6,0.3,0.1,0.1,0.2,1.5,0,1.2,178
2,78,4,99,38,7.6,5.6,2,5,36,1,31,4016.6
2,79,3,218,78.9,12.2,7.9,7,9,71.9,7.1,62.1,7871.1
2,80,2,36,13.3,2.6,1.3,0,2,13.3,0.7,12.7,1434
2,81,4,88,32,2,1.2,2,6.6,30,1.5,28.1,3543.9
2,82,2,29,10,1.2,0.8,1.3,2.2,8.7,1,8.2,1092.5
2,86,1,6,2.5,0.9,0.1,0,0.5,2.5,0.1,2.2,349
2,91,3,54,18.1,1.6,3.1,0,0.8,18.1,0,14.3,2072.4
2,98,1,8,3.4,0.6,0,0,0.3,3.4,0.3,1.8,350.2
2,99,1,15,5.7,1.4,0.5,0,0.5,5.7,0.2,5.2,584.4
2,106,1,2,0.8,0.2,0.1,0.1,0,0.7,0.1,0.6,82
2,107,4,236,85.3,15.7,10.9,6.9,10,78.4,4.9,68.3,8530
2,108,3,386.5,156.2,40.2,18.5,39,23.7,117.2,15,114.7,13702.5
2,115,0,196,75,13,4,2,4,73,3,68,6946
2,116,0,225,88,21,7,33,16,55,8,47,7137
2,117,2,84.5,29.5,6.9,4.2,0.3,1.4,29.2,4.4,19.5,2477
2,122,2,13,5.2,1.7,0.6,0.4,0.2,4.8,0.9,3.5,595.4
86,2,4,23,11,2.8,0,0,0.4,11,0,9.8,1048.3
86,3,2,33,13,5,1,0,1,13,1,10,1261
86,10,5,31,13.4,2.6,0.4,0,1.5,13.4,0.4,10.3,1505.2
86,11,1,5,2.2,0.4,0.1,0,0.2,2.2,0.1,1.7,242.8
86,13,1,2,1,0.4,0.1,0,0.1,1,0.1,0.7,158.9
86,14,7,26.5,12.8,4.8,0.8,0,0.8,12.8,1.3,10.4,1844
86,15,2,14,6.5,1.9,0.5,0,0.5,6.5,0.5,6.2,779.5
86,30,2,21,8.5,1.8,0.3,0,0.6,8.5,0,7.6,1063.7
86,31,3,46,18.7,4,0.6,0,1.3,18.7,0,16.6,2330
86,35,1,7,3,0.6,0.1,0.1,0.2,2.9,0.2,2.6,350
86,39,3,26,13.7,3.9,0,0,2.3,13.7,0.7,12.1,1958.2
86,51,3,35,16.9,7.2,0.8,0,1.6,16.9,1.9,13.2,1796.3
86,52,2,10,4.9,2,0.3,0,0.4,4.9,0.6,3.7,513.3
86,55,1,2,0.7,0.2,0.1,0,0,0.7,0.2,0.6,86.2
86,58,1,2,0.8,0.2,0.1,0,0.1,0.8,0.1,0.7,90.7
86,63,1,2,0.8,0.2,0.1,0,0.1,0.8,0.1,0.7,90.7
86,64,1,2,0.8,0.2,0.1,0,0.1,0.8,0.1,0.7,90.7
86,67,1,21,7.9,2.2,0.3,0.3,0.3,7.6,0.9,6.6,869.1
86,73,1,3,1.1,0.1,0.1,0,0.1,1.1,0,1,122
86,76,1,10,4.1,0.7,0.3,0,0.4,4.1,0.6,3.5,446.5
86,77,7,59,23.9,4.4,1.7,0,2.5,23.9,3.4,20.4,2634.6
86,78,1,20,9.8,4.5,0.8,0,0.8,9.8,2.3,6.8,893.6
86,79,1,1.5,0.7,0.3,0.1,0,0.1,0.7,0.2,0.5,67
86,93,3,81,31.5,8.2,0.2,0,2.1,31.5,2.7,28.7,3603.1
86,94,1,120,43.4,8.3,7.1,0,2.2,43.4,2.2,36,4642.7
86,95,1,6,2.4,0.2,0.2,0,0.2,2.4,0.2,1.8,265.4
86,102,4,42.5,22,6.3,0.4,2,3.3,20,4.2,12.8,2638
86,103,2,70.5,29.2,4.9,1.9,1,3.9,28.2,1.9,23.3,2914.4
86,104,1,2,0.8,0.1,0.1,0,0.1,0.8,0.1,0.7,82.7
86,107,3,24,10,1.6,0.4,0.4,2.3,9.6,0.6,8,1118.3
86,110,2,21,8.6,1.6,0,0,0.9,8.6,0.6,6.7,1088.1
86,116,1,19.5,7.9,2,0.5,0,0,7.9,0,7.9,915.3
86,122,1,10,3.4,0.3,0.5,0,0.3,3.4,0.3,3,519.3
86,123,2,19,6.6,0.7,0.9,0,0.7,6.6,0.7,5.6,986.8
88,5,3,95.5,42.5,15.4,1.5,1,3.7,41.5,7.5,30.8,4425.1
88,6,3,40,18,7.4,1.6,0,2.1,18,1.6,16.4,1712.3
88,32,1,3,1.4,0.3,0.1,0,0.2,1.4,0.3,1.1,140.3
88,44,2,43,18.5,4.5,0.2,0,1.2,18.5,1.4,14.7,2129
88,45,5,51,25.3,8.4,1.3,0,2.9,25.3,3.7,21.7,3169.4
88,66,1,3.5,1.3,0.4,0.1,0,0.1,1.3,0.2,1.1,144.8
88,67,1,3,1.2,0.3,0,0,0.2,1.2,0.1,1,124.6
88,68,1,5,2.2,0.5,0.1,0,0.1,2.2,0.1,1.9,262.1
88,69,3,138,60.7,22.6,5.1,11.9,3.3,48.8,14.1,39.4,5991.7
88,70,2,9,3.6,0.6,0.4,0,0.6,3.6,0,3.6,422.2
88,71,4,36.5,13.4,1.8,1.7,0.3,1.8,13.1,0.2,12.4,1509.5
88,72,4,43,15.5,2,2,0.3,2,15.2,0.3,14.3,1748.9
88,73,1,6,2.2,0.3,0.3,0.1,0.3,2.1,0,2,244
88,93,1,2,0.9,0.2,0.1,0,0.1,0.9,0,0.7,107.3
88,94,1,4,1.4,0.3,0.1,0,0.2,1.4,0.2,1,190.7
88,96,2,49,21.8,5.1,0.4,0,1.9,21.8,1.8,19.1,2498.5
88,97,2,255,114.2,33.7,4,5,10.2,109.2,8.5,95.2,11958.4
88,100,2,54,27.5,9,0.4,1,2.4,26.5,4,19.1,3008.6
88,101,4,102,40.7,6.4,2.5,1.6,4,39.1,3.5,33.4,4780.6
88,111,2,33,11.9,1.5,1.2,0.2,0.7,11.7,0.4,10.2,1538.2
88,116,1,1,0.4,0.1,0,0,0,0.4,0,0.4,46.9
88,127,1,5,1.7,0.1,0.1,0.1,0.1,1.6,0.1,1.4,238.6
3,0,3,292.5,112,26.1,6.8,0,4.2,112,7.2,101.7,13282.4
3,1,1,6,2.2,0.6,0.1,0,0.1,2.2,0,2.1,263
3,4,2,23,9,1.9,0.8,0.1,1.3,8.9,0.1,7.8,1147
3,5,3,125.5,45,5.8,3.2,0.2,3,44.8,2.2,42.2,5391.3
3,13,1,8,2.8,0.4,0.4,0,0,2.8,0,2.4,433.5
3,14,1,7,2.4,0.3,0.3,0,0,2.4,0,2.1,379.3
3,18,1,5,1.7,0.6,0.1,0,0.1,1.7,0.4,1.2,197
3,25,2,11,2.9,0.3,1.2,0,0,2.9,0,1.9,399.7
3,31,2,9,3.6,1.1,0.5,0,0.2,3.6,0.5,3,360.3
3,33,1,3,1.2,0.4,0.1,0,0.1,1.2,0.1,1.2,190.8
3,40,4,44,18.5,3.7,1.4,0.8,2.6,17.7,1.1,15.6,2069.8
3,41,3,29.5,11.7,1.9,1.5,1,0.4,10.7,0.4,9.8,1217.6
3,42,5,42,14.1,1.1,1.6,0,0.5,14.1,0.5,12.5,1551.9
3,45,2,21,8.2,1.6,0.4,0,1.1,8.2,0.4,7,1064.3
3,46,2,21,8.2,1.5,0.4,0,1.2,8.2,0.4,7,1064.4
3,48,2,8,3.1,0.5,0.1,0,0.4,3.1,0.1,2.7,405.5
3,51,1,19,6.6,0.6,0.4,0,0.9,6.6,0,5.6,706
3,52,5,90,33.5,4.2,1.4,0,3.4,33.5,0,30.1,3878.1
3,53,3,52.5,21.8,2.6,0.7,0,3.3,21.8,0.9,20.3,2491.6
3,54,1,1,0.4,0.1,0,0,0,0.4,0,0.3,46.8
3,55,2,30,12.5,4,0.7,1.1,2.5,11.4,1.8,9.2,991.7
3,56,3,25,8.5,1.3,0.9,0,0.3,8.5,0.7,8.2,932.6
3,57,2,460,179.4,37.3,16.2,2.2,8.5,177.2,5.9,173.2,18290.6
3,58,1,139,55.5,8.5,5.2,2,1,53.5,1.2,48.2,6288.2
3,59,2,70,24.6,4.1,2.4,0,1,24.6,1.4,23.2,2599.1
3,62,3,15,6.2,1.4,0.3,0,1,6.2,0.4,5.5,866.6
3,63,1,7,2.9,0.5,0,0,0.7,2.9,0.3,2.4,433.7
3,64,2,24,10.1,1.7,0,0,2.2,10.1,1.2,8.4,1486.8
3,79,2,98.5,35.7,7.6,3.3,5,4,30.7,4.2,29.1,3381.4
3,81,2,19,7.8,2.3,1.1,0.3,0.4,7.5,0.6,6.9,1003.3
3,82,5,129.5,47.8,8.8,6,0.9,6.7,46.9,1.9,44.2,4677.2
3,83,2,67,24.6,3,1.6,1,3.7,23.6,1.7,22.2,2498.8
3,86,2,6,2.5,0.9,0.1,0,0.5,2.5,0.1,2.2,349
3,87,1,6,2.5,0.9,0.1,0,0.5,2.5,0.1,2.2,349
3,90,1,4,1.7,0.6,0.1,0,0.3,1.7,0.1,1.5,232.7
3,92,3,14.5,4.9,0.4,0.8,0,0.2,4.9,0,3.8,556.5
3,95,1,157.5,58.3,11,7.1,3,5,55.3,6,43.8,6156.1
3,99,3,276,109.1,26.6,7.2,12,13.7,97.1,6.7,82.9,10445.1
3,100,2,138,52.8,15.4,5.3,0,2.5,52.8,1.8,47.1,5889.3
3,112,3,31,12,2.3,0.2,0,0.2,12,0.7,11.3,1287.1
3,114,1,13,4.2,0,0.3,0,1,4.2,0,3.9,380.9
3,115,2,395,120.8,10,21.7,0,9,120.8,2,114.1,11874.1
3,116,2,259,102.6,31.7,11,16.1,14.6,86.5,13.7,64.7,9207.1
3,117,2,201,74.5,18.2,4.4,1.5,7.7,73,5,61.8,6545.2
3,118,1,3,1.2,0.4,0.1,0.1,0,1.1,0.2,0.8,137.4
3,121,1,3,1.2,0.4,0.1,0.1,0,1.1,0.2,0.8,137.4
3,126,3,45,18.2,5.5,2,0,0,18.2,1.4,14.8,1778.7
3,127,2,17,7,1.7,0.5,0,0,7,0.8,5.3,690.3
80,0,3,23,10.5,4.1,0.3,0,0.8,10.5,0.3,9.1,1052.1
80,1,2,167,77.1,26.8,4,21,10,56.1,19.9,41.2,6563.3
80,2,2,3,1.3,0.3,0,0,0,1.3,0.1,1.2,141.1
80,5,1,5,2.2,0.7,0.2,0,0,2.2,0.1,1.9,306.1
80,8,3,27.5,11.2,2.7,0.6,1.3,1.3,9.9,2,8.6,1137.8
80,9,1,3,1.2,0.3,0.1,0.1,0.1,1.1,0.2,0.9,124.1
80,10,5,55,24.6,8.8,1.5,0,0.8,24.6,1.5,16.8,2804.2
80,11,1,7,3.1,1.1,0.2,0,0.1,3.1,0.2,2.1,356.9
80,13,3,7,3.6,1,0,0,0,3.6,0.7,3.4,459.6
80,28,2,40.5,14.8,1.6,2,0,0.8,14.8,0.8,13.6,1799.1
80,29,5,47,17,1.9,2.2,0,0.9,17,0.9,15.9,2087.8
80,39,3,250,103.2,26.7,6.1,2,7.5,101.2,12.1,79,10778.1
80,51,1,5,2.2,0.7,0.1,0,0.1,2.2,0.1,1.9,277.4
80,63,1,3,1.4,0.3,0.1,0,0,1.4,0.4,1.2,162.1
80,70,1,2,0.7,0.2,0.1,0,0.1,0.7,0,0.5,103.6
80,75,2,2,1.1,0.4,0,0,0.1,1.1,0,0.8,120.2
80,76,5,161.5,68.6,15.9,1.7,2.3,6,66.3,6.5,50.5,7508
80,88,1,2,0.8,0.2,0.1,0,0.1,0.8,0,0.5,107.6
80,92,3,30,12.8,3.7,0.6,0,1.3,12.8,0.6,10.4,1601.6
80,93,1,3,1.5,0.6,0.1,0,0.1,1.5,0.1,1.3,170.1
80,96,1,13,5.6,1.6,0,0.2,0.4,5.4,0.4,5.2,718.4
80,97,3,25,10.8,3,0,0.3,0.8,10.5,0.8,10,1381.6
80,98,1,16,6.9,1.1,0,0,0.5,6.9,1.1,6.4,968.5
80,109,1,1,0.4,0.1,0.1,0,0,0.4,0.1,0.3,44.9
80,114,1,1,0.4,0.1,0,0,0.1,0.4,0.1,0.3,44.9
80,115,1,3,1.2,0.4,0.1,0,0.2,1.2,0.2,1,134.8
80,121,1,2,0.7,0.1,0.1,0.1,0.1,0.6,0.1,0.6,124.6
4,0,2,19,6.9,1.4,0.6,0,0.3,6.9,0.6,6,874.6
4,2,1,40,17.8,6.8,2.1,0,0.1,17.8,1.1,14.4,2154.6
4,3,3,67.5,26.5,5.3,3.6,0,2.6,26.5,0,22.1,3252.3
4,9,1,1,0.3,0,0,0,0,0.3,0,0.3,41.8
4,19,1,1,0.3,0.1,0,0,0,0.3,0.1,0.2,39.4
4,21,1,4,1.4,0.5,0.1,0,0.1,1.4,0.3,1,157.6
4,24,1,4,1.1,0.1,0.4,0,0,1.1,0,0.7,145.3
4,25,5,30,8.1,0.6,3.3,0,0,8.1,0,5.4,1089.9
4,31,2,5,2,0.6,0.2,0,0.2,2,0.2,2,318
4,33,1,6,2.4,0.8,0.3,0,0.3,2.4,0.3,2.4,381.6
4,36,1,10,4,1.3,0.4,0,0.4,4,0.4,4,636
4,37,3,18,7.3,2.3,0.7,0,0.7,7.3,0.7,7.3,1144.7
4,38,1,2,0.8,0.1,0.1,0.1,0,0.7,0,0.7,82.6
4,39,2,9,3.7,0.7,0.3,0.2,0.4,3.5,0.2,3.1,406.2
4,40,4,18,8,1.8,0.2,0,1.8,8,0.7,6.9,949.5
4,41,2,17,6.3,1,0.6,0,1,6.3,0.5,5.4,711.9
4,42,1,3,0.9,0.1,0.2,0,0.1,0.9,0.1,0.8,96.6
4,52,1,2,0.7,0.2,0.1,0,0,0.7,0,0.7,93.7
4,53,1,5,1.8,0.5,0.2,0,0,1.8,0,1.7,234.2
4,55,4,29,12.9,3.1,0,0,0,12.9,1.6,12.9,1453.1
4,56,7,229,86.1,22.4,8.3,1.3,5.7,84.8,4.6,81.1,8822.6
4,57,1,667,262,69,25.7,37.4,20.5,224.6,18.7,218,25714.2
4,58,3,225,79.1,8.3,5.7,0,6,79.1,7,71.4,8380.2
4,59,2,119.5,45.5,7.3,3.7,0,3.5,45.5,3.5,36.8,4916.8
4,71,1,4.5,1.8,0.3,0.2,0.1,0.2,1.7,0,1.3,200.3
4,74,3,19,7,1.4,0.9,0.5,0.8,6.5,0.4,5.3,793.1
4,75,4,101.5,32.3,3.6,7.9,2.5,2.1,29.8,1.5,25.8,3577.8
4,76,1,4,1.4,0.3,0.2,0.1,0.2,1.3,0.1,1.1,164
4,77,2,44,16.2,3,1.2,3,2.4,13.2,1.8,13.2,1573.8
4,78,3,11,3.9,0.8,0.4,0.2,0.8,3.7,0.2,3,428.5
4,79,1,11,3.8,0.3,0.3,1,1.9,2.8,0.9,1.9,473.9
4,80,3,326,127.3,36.7,18.7,49.1,18.1,78.2,21,82.1,11031
4,81,0,204.5,86,43,14,64,11,22,21,20,5406
4,82,2,24,9.9,2.8,1.2,0.5,0.5,9.4,0.7,8.7,1267.4
4,83,4,31,15.5,5.5,0.7,0.7,2.4,14.8,0.7,13.6,1476.8
4,84,1,3,1.5,0.5,0.1,0.1,0.2,1.4,0.1,1.3,142.9
4,86,2,11,4.6,1.7,0.2,0,0.9,4.6,0.2,4,639.9
4,90,1,3,1.3,0.5,0.1,0,0.2,1.3,0.1,1.1,174.5
4,91,1,11,4.7,1.7,0.2,0,0.8,4.7,0.2,4,639.9
4,94,4,110,40.7,8.7,5.1,0,5.3,40.7,1.3,38.5,4501.1
4,95,1,134.5,44.3,4.4,7.8,0,6.4,44.3,2.4,36.1,4595.8
4,96,2,68,28.7,7.3,1.2,0,3.2,28.7,1.7,23.8,3574.8
4,97,1,103.5,45.6,17.4,2.4,0,3.4,45.6,3.2,35.1,4273.1
4,104,3,33,13.4,2.1,0,0.6,0.9,12.8,1.2,8.5,1791.7
4,111,7,70,26.6,4.9,1.1,0,0.7,26.6,1.4,24.5,2791.4
4,112,4,109,44.6,9.7,0.2,0,5.2,44.6,4.8,41.8,4567.9
4,114,1,2,0.8,0.1,0,0,0,0.8,0,0.7,83
4,116,3,31,9.4,0.6,1.8,0,1.3,9.4,1.6,8.8,877.1
4,117,2,226.5,75.9,16.6,9.6,0,5,75.9,3.4,69.3,7237.6
4,118,1,1,0.4,0.1,0,0,0,0.4,0.1,0.3,45.8
4,120,2,7,2.8,0.9,0.3,0.2,0.1,2.6,0.5,1.9,320.6
4,126,1,8,3.2,1.1,0.5,0,0,3.2,0.2,2.7,308.8
5,2,1,15,6.6,2.8,0.5,0,0.5,6.6,0.5,5.2,628.6
5,3,1,9,3.5,0.7,0.5,0,0.4,3.5,0,2.9,433.6
5,7,1,5,2,0.3,0,0.2,0.2,1.8,0.2,1.5,297.7
5,8,4,214,77.8,14.9,4.7,0,2.6,77.8,3.6,68.9,8937.1
5,14,1,3,1,0.1,0.1,0,0,1,0,0.9,162.6
5,15,4,25,9.2,2.2,0.9,0.5,0.3,8.7,0.3,7.7,1184.2
5,16,2,137,53.1,14.6,4.1,1.4,2.7,51.7,2.7,45.6,6210.8
5,23,1,3,1,0.4,0.1,0,0.1,1,0.2,0.7,118.2
5,24,2,17,5.9,2.2,0.3,0,0.3,5.9,1.3,4,669.7
5,28,1,2,0.8,0.2,0.1,0,0,0.8,0.1,0.7,80.1
5,37,4,24,10.7,3.2,0.4,0,1.1,10.7,0.2,9.6,1220.4
5,38,1,1,0.4,0.1,0.1,0,0,0.4,0,0.3,41.3
5,41,2,17,6.6,1.2,0.6,0,1.2,6.6,0.5,5.6,753
5,42,2,31.5,12.7,2.1,0,0,2.1,12.7,1.4,9.2,1475.9
5,47,4,22,6.9,1.2,1.7,0,0.6,6.9,1.1,6,915.3
5,49,1,2,0.8,0.1,0,0,0.1,0.8,0,0.7,101.4
5,56,4,28,10.4,2.4,0.9,0.1,0.4,10.3,0.7,9.2,1161.4
5,57,2,442.5,168,36.5,20.9,15,21.3,153,9.6,139.5,17098.6
5,58,4,281.5,89.6,8.8,13.7,2,7.3,87.6,7,80.8,9557.4
5,60,1,5,1.5,0.1,0.3,0,0.1,1.5,0.1,1.3,174.1
5,61,1,10,3,0.5,0.5,0,0,3,0.1,2.8,377.8
5,63,6,115.5,38.4,7.3,5.1,0,3.3,38.4,3.6,37.1,4276.2
5,66,1,4,2.2,1.1,0.1,0.1,0.1,2.1,0.1,2,258.2
5,76,1,716.5,227.7,44,38.8,57,37.6,170.7,17.2,139.7,20838.2
5,77,0,858,389,150,24,193,72,196,70,190,30053
5,78,5,127.5,53.4,14.8,3.6,6.5,5.1,46.9,4.9,41.7,5299.8
5,79,5,307,131.5,40.7,11.6,46.7,15.9,84.8,11.6,92,10733.5
5,80,1,904,453.9,213.6,25.6,361.2,69.6,92.7,71.3,136.8,29054.9
5,81,1,1049,477.2,204.2,39.4,305.6,66.6,171.6,83.9,183.8,32821.8
5,82,5,260.5,96.4,23.4,8.7,6.9,4.9,89.5,6.4,83.6,10912.3
5,83,4,414.5,153.9,35.9,14.7,2.6,25.5,151.3,8.3,127.3,13724.2
5,85,1,3,1.6,0.9,0,1.5,0.4,0.1,0.1,0.1,89
5,89,3,8,3.3,0.8,0.1,0,0.5,3.3,0.3,2.9,416.8
5,90,3,46.5,18.4,3,0.7,0,2.9,18.4,1.3,17,2273.3
5,95,1,2,0.9,0.2,0,0,0.1,0.9,0.1,0.9,109
5,96,1,9,3.5,1,0.2,0,0.2,3.5,0.5,2.9,403.4
5,97,1,13,5.1,1.4,0.2,0,0.2,5.1,0.7,4.2,582.7
5,104,2,28,12.1,1.9,0,0,1.9,12.1,1.2,10.2,1312.8
5,106,1,2,0.8,0.1,0,0.1,0,0.7,0.1,0.4,118.2
5,109,1,2,0.8,0.1,0,0.1,0,0.7,0.1,0.4,118.2
5,111,2,100,44.6,16.4,1.9,0,5,44.6,4.9,39.7,4469.2
5,112,1,3,1.4,0.6,0.1,0,0,1.4,0.1,1.3,156.8
5,119,1,1,0.4,0.1,0,0,0,0.4,0.1,0.3,45.8
5,121,1,2,0.8,0.2,0.1,0,0.1,0.8,0.1,0.7,77.8
6,0,1,2,0.7,0.1,0.1,0,0,0.7,0,0.6,82.1
6,8,1,4,1.6,0.4,0.1,0,0.2,1.6,0.2,1.1,180.4
6,16,1,2,0.8,0.2,0.1,0.1,0,0.7,0,0.6,88.3
6,19,2,63,20,2,4,0,2,20,0,18,2267
6,23,1,1,0.3,0.1,0,0,0,0.3,0.1,0.2,39.4
6,24,2,20.5,7.1,2.6,0.4,0,0.4,7.1,1.5,4.9,807.5
6,27,2,13,5.3,1.5,0.7,0,0.2,5.3,0.7,4.4,520.5
6,28,5,98,33.9,4,4,0,4,33.9,1,29,4364
6,33,3,12,5.8,2.4,0.3,0.4,0.3,5.4,0,4.6,626.1
6,34,1,1,0.5,0.2,0,0,0,0.5,0,0.4,52.2
6,36,1,12,5.4,1.6,0.1,0,0.5,5.4,0,4.8,579.6
6,37,3,54.5,24.6,7.3,0.6,0,2.2,24.6,0,21.8,2632.2
6,38,4,39,13.1,1.2,1.7,0,0,13.1,0,11.5,1881
6,39,2,3,1.3,0.2,0,0,0,1.3,0,1.2,130.9
6,40,3,41.5,17.8,2.8,1,0,0,17.8,1,15.8,1811
6,42,3,13,5.2,0.9,0,0,0.9,5.2,0.5,3.8,609.1
6,46,1,4,1.2,0.2,0.4,0,0.1,1.2,0.2,1.1,162.8
6,49,3,16,7.8,2,0.5,0,1.1,7.8,1.6,7.3,1003.8
6,50,1,3,1.5,0.4,0.1,0,0.2,1.5,0.3,1.4,188.2
6,53,4,63,24.3,5.3,0.8,0,0.8,24.3,0.8,21.9,3203.8
6,54,4,28,10.8,2.3,0.6,0,0.7,10.8,0.3,8.9,1385
6,55,1,6,2.3,0.4,0.3,0,0.4,2.3,0.1,1.5,275.9
6,56,6,138,56.2,11.8,4,9,8.2,47.2,2.2,39.9,5607.8
6,57,3,255.5,95.8,15.9,9.7,0,12.2,95.8,5.5,80.6,10239.5
6,61,2,16,4.8,0.6,0.8,0,0.1,4.8,0.2,4.3,589.7
6,62,5,92.5,31.6,6.2,3.2,0,1,31.6,1.6,29.7,3775.1
6,63,2,279.5,97.1,19.8,12.3,0,9.6,97.1,6.5,88.1,10748.1
6,64,2,12,4.1,1.1,0.7,0,0.3,4.1,0.3,4.1,487.5
6,65,1,2,1.1,0.6,0.1,0,0.1,1.1,0.1,1,129.1
6,70,2,10,4,0.9,0.3,0,0.3,4,0.2,3.4,524.3
6,72,3,32,12.7,2.2,1.1,0.6,1.8,12.1,0,9.3,1424.1
6,73,2,11,4.4,0.8,0.4,0.2,0.6,4.2,0,3.2,489.5
6,76,2,141,43.1,4.2,7.6,2.4,3.2,40.7,0.6,40.7,4632.1
6,77,4,472,172.9,37.9,19.3,17.6,21.9,155.3,17.3,139.3,15867.7
6,79,1,645.5,253.2,70.9,31.3,12.7,28.3,240.5,17.3,214.2,23485.1
6,80,2,1199,460,137.4,62.3,302.8,100.3,157.2,116.7,155.1,36127
6,81,0,1971,998,502,61,802,162,196,186,242,61275
6,82,4,628.5,244.2,63.4,21,122.4,26.3,121.8,28,128.2,20277.7
6,83,3,258,95.9,24.7,10.7,0.4,5.6,95.5,7,91.1,9428.2
6,84,3,247,85.3,20.3,15,0.3,9.3,85,8,79.7,8177.7
6,91,1,4,1.8,0.5,0,0,0.1,1.8,0.1,1.8,218
6,100,1,3,1.3,0.2,0,0,0.2,1.3,0.1,1.1,140.7
6,118,2,11,4.4,1.4,0.5,0.3,0.2,4.1,0.8,3,503.8
6,119,1,3,1.2,0.4,0.1,0.1,0,1.1,0.2,0.8,137.4
6,121,2,12,4.8,1.2,0.4,0,0.7,4.8,0.7,4.3,466.5
6,122,2,245,93.3,24.5,11.5,8,11.3,85.3,6.3,75.1,8601.8
6,123,2,37,14.8,4.7,0.7,0,0.7,14.8,0.7,12.8,1572.9
60,1,2,6,2.4,0.5,0.1,0,0.3,2.4,0.1,1.9,276.2
60,2,5,96.5,38.3,8,2.2,0.5,5.4,37.8,2.2,30.7,4378
60,13,3,20,9.8,2.3,0,0.3,0.8,9.5,0.3,8.6,1114
60,14,3,12,5.7,1.5,0,0.1,0.6,5.6,0.4,5,670.5
60,29,1,3,1.2,0.3,0.1,0,0.2,1.2,0.2,0.9,139.5
60,36,2,9,4.5,1.5,0.2,0,0,4.5,0.5,4.5,461.2
60,37,3,30,11.4,2,0.6,0,1.3,11.4,0.7,8.8,1092.4
60,38,1,1,0.5,0.1,0,0,0.1,0.5,0.1,0.4,44.5
60,43,3,26,12.1,5.8,0.6,0,1.7,12.1,2.3,11.6,1194.8
60,48,2,17,7.2,3.1,0,0,0.6,7.2,1,5.1,762.9
60,49,1,4,1.7,0.7,0,0,0.1,1.7,0.2,1.2,179.5
60,51,4,58,23.3,6.8,3.5,2.2,1.8,21.1,6.8,13.3,2532.7
60,52,2,12,4.9,1.3,0.5,0.4,0.4,4.5,1.3,3.1,499.1
60,56,3,12,5.3,0.9,0.2,0,0.9,5.3,0.6,4.9,604.6
60,57,3,18,6.7,1.2,1,0,1.2,6.7,0.7,5.7,1022.7
60,62,1,2,0.8,0.2,0.1,0,0.1,0.8,0.2,0.6,76.9
60,66,4,47,19.3,4.4,1.4,0,1.4,19.3,3.2,16.6,2119
60,74,2,5,2.1,0.5,0.2,0,0.4,2.1,0.4,1,200.8
60,81,1,2,0.8,0.1,0.1,0,0.1,0.8,0.1,0.6,92.1
60,83,2,3.5,1.4,0.2,0.2,0,0.1,1.4,0.1,1.1,161.1
60,84,1,3,1.1,0.2,0.2,0,0.1,1.1,0.1,1,138.1
60,87,2,14,5.6,1.4,0.3,0.7,0.8,4.9,1,4,597.8
60,88,6,72.5,31.2,7.9,0.9,0,4.9,31.2,3.9,24.3,3783.5
60,96,1,5.5,2.8,1.6,0.3,0,0.3,2.8,0.9,1.9,331.3
60,97,1,10,5.1,2.9,0.5,0,0.5,5.1,1.6,3.5,602.4
60,99,4,37.5,15.9,5.2,1.9,0,0.4,15.9,1.1,12.2,1802.3
60,100,4,113,45.5,11.5,3.6,0,4,45.5,4.1,36.6,5080.7
60,101,3,61,26.2,5.1,0.4,1,2.4,25.2,4.2,16.9,2500.4
60,102,1,3,1.2,0.3,0.1,0,0.1,1.2,0.1,1.1,127.7
60,107,2,8,3.5,0.9,0.1,0.1,0.3,3.4,0.3,3.1,428.3
60,112,1,37,14.6,2.5,1.2,0,2,14.6,1,14.2,1477.4
60,113,1,144.5,60.6,16.8,4.1,0,4.4,60.6,7.4,53.9,6239
60,114,1,1,0.5,0.1,0,0,0.1,0.5,0,0.5,54.7
60,116,1,3,0.9,0.1,0.2,0,0.1,0.9,0.1,0.8,135
60,122,2,6,2.3,0.3,0.3,0,0.1,2.3,0.1,1.8,248.7
60,124,4,82.5,31.5,5.2,3.7,0,2.6,31.5,2.1,25.6,3344.8
85,1,4,137,68.3,25.9,2,3,3.7,65.3,7.4,52.3,6995.7
85,2,1,37,12.4,2.6,3,1,1.1,11.4,1.1,7.2,1584.1
85,7,1,1,0.6,0.3,0,0,0,0.6,0.1,0.4,56.1
85,9,1,3,1.3,0.2,0,0,0.2,1.3,0,1,145.7
85,10,1,8,3.5,0.7,0.1,0,0.4,3.5,0.1,2.7,388.4
85,14,4,30,14.1,5,1.1,0,1.1,14.1,1.4,12.4,1931.7
85,15,1,8,3.7,1.1,0.3,0,0.3,3.7,0.3,3.5,445.4
85,25,1,9,3.9,1.1,0.1,0.1,0.1,3.8,0.4,3.2,430.1
85,26,1,2,0.9,0.2,0,0,0,0.9,0.1,0.7,95.6
85,31,2,3,1.2,0.3,0,0,0.1,1.2,0,1.1,151.3
85,34,4,39,16.8,3.2,0.5,0.5,1.3,16.3,1.3,14.5,1950
85,35,2,30,12.9,2.4,0.3,0.3,1,12.6,1,11.1,1500
85,38,1,4,1.7,0.5,0.1,0,0.1,1.7,0.3,1.4,216.8
85,39,6,48,21.8,5.9,1.2,0,1.7,21.8,3,17.9,2863.4
85,45,3,33,14.8,4.9,1.6,0,0.7,14.8,5.8,14.8,1712.7
85,46,5,28.5,14.1,4.1,1.3,0,1.1,14.1,3.3,14.1,1524.3
85,51,5,67,31.7,10.1,0.8,0,4.7,31.7,2.7,24,3684.8
85,52,5,55,26,8.7,0.8,0.4,2.9,25.6,1.3,21.2,2943.2
85,54,2,3,1.1,0.3,0.2,0,0,1.1,0.3,0.9,129.3
85,67,4,64,26.1,5.8,0.5,0.4,1.5,25.7,2.2,19.6,2690.3
85,70,1,2,0.8,0.2,0,0.1,0,0.7,0.1,0.6,82.8
85,74,1,4,1.7,0.6,0,0,0,1.7,0.3,1.4,222.5
85,85,1,2,0.8,0.2,0.1,0.1,0.1,0.7,0.1,0.6,89.3
85,93,3,15.5,6.7,1.2,0.3,0,0.6,6.7,0.4,5.7,825.1
85,94,3,59,22,3.2,1.3,0,2.7,22,2.2,16.3,2730.1
85,98,1,64,27.7,8.3,1.2,1.6,0.9,26.1,2.6,24.2,3184.8
85,99,0,51,25,12,1,15,2,10,4,8,1847
85,100,4,18,7.4,1.7,0.3,0.3,1.1,7.1,1.3,5.2,771
85,102,4,296,136.2,41.4,5.6,6.3,19.3,129.9,8.9,99.5,13329.7
85,103,1,2,0.9,0.3,0,0.1,0,0.8,0,0.8,99.6
85,109,2,16,8.3,3.6,0,0,0.6,8.3,0.6,7.1,945.2
85,110,3,23,9.4,1.8,0,0,1,9.4,0.7,7.4,1191.8
85,111,6,85,38.2,9.6,0.5,0,4,38.2,3.2,33.8,4593.4
85,122,1,3,1.3,0.3,0,0,0.2,1.3,0.1,0.8,126.4
85,123,1,3,1.1,0.2,0.1,0,0.1,1.1,0.1,0.9,156.6
85,124,1,2,0.7,0.1,0.1,0,0.1,0.7,0.1,0.6,103.9
85,125,1,4,2,0.7,0,0.1,0.4,1.9,0.1,1.6,227.6
85,126,2,10.5,5.2,1.8,0,0.3,0.9,4.9,0.2,4.2,597.5
81,7,1,6,2.6,0.8,0.2,0,0,2.6,0.2,2.3,367.3
81,10,2,7,3.1,1.2,0.2,0,0.1,3.1,0.2,2.1,356.9
81,28,2,14,5.1,0.5,0.7,0,0.3,5.1,0.3,4.7,621.9
81,36,4,53,20.9,2,2,0,2,20.9,3,18.9,2629.1
81,39,3,39.5,16.3,4.5,1.7,0,1.3,16.3,1.7,12,1739.7
81,44,1,4,1.7,0.5,0.2,0,0.1,1.7,0.2,1.2,176.2
81,55,1,2,0.8,0.2,0.1,0,0,0.8,0.1,0.6,74.9
81,56,0,107,51,24,6,8,8,43,5,35,4707
81,57,5,179.5,79.2,28.8,5.1,4.1,2,75.1,8.1,62.4,8154.2
81,58,1,21,9.6,2.3,0.5,0,0,9.6,2.7,8.2,1134.5
81,66,1,3,1.1,0.3,0.1,0,0.1,1.1,0,0.8,155.5
81,69,1,4,1.4,0.4,0.1,0,0.1,1.4,0,1.1,207.3
81,75,1,1,0.5,0.1,0,0,0.1,0.5,0,0.4,57.8
81,76,5,160.5,59,11,5.9,0,4.7,59,3.6,52.5,6454.9
81,77,1,2,0.8,0.1,0.1,0,0.1,0.8,0,0.7,84.8
81,92,3,19,8.2,2.3,0.4,0,0.7,8.2,0.4,6.6,1014.4
81,93,1,1,0.5,0.2,0,0,0,0.5,0,0.4,56.7
81,97,4,145.5,60.6,14.3,3,4.2,4.8,56.4,8.8,47.8,6867.9
81,98,3,14,6.1,0.9,0,0,0.5,6.1,0.9,5.6,847.5
81,102,1,3,1.2,0.3,0,0,0.1,1.2,0,1,129.5
81,103,1,3,1.2,0.3,0,0,0.1,1.2,0,1,129.5
81,104,1,63,27.5,8.3,1,0,1.8,27.5,2,21,2854
81,115,1,2,0.8,0.3,0.1,0,0.1,0.8,0.1,0.6,89.8
81,117,1,26,10.5,3.5,0.7,0,1.4,10.5,1.4,8.4,1167.9
81,118,1,5,1.7,0.2,0.3,0.1,0.2,1.6,0.3,1.6,311.6
84,1,3,94,47.7,21.6,0.7,1,5.3,46.7,5.3,37.6,4975
84,2,2,20.5,9.8,3.8,0.3,0,0.6,9.8,0.6,8.3,1168.9
84,3,4,44.5,22.4,7,0,0,0,22.4,1.5,17.8,2214.2
84,6,2,125.5,70.2,41.4,2.5,22,1,48.2,8.9,37.8,6442
84,7,3,215.5,96.2,31.4,6.5,28,15,68.2,20.9,57.8,8693.9
84,24,2,89,39.4,11.1,2.2,0.2,1.6,39.2,2.9,30.5,4059.9
84,25,4,217.5,90.5,21.8,3.3,0.4,7.7,90.1,8.9,70.4,9764.8
84,26,3,29,12.6,3.6,0.2,0.2,0.5,12.4,1.3,10.4,1386
84,38,3,20,8.7,2.5,0.6,0,0.4,8.7,1.5,7.1,1084
84,39,3,58.5,26.2,8.3,2,1,1.8,25.2,2.5,22.3,3365.8
84,49,1,3,1.2,0.2,0.1,0,0.1,1.2,0,1.2,146.7
84,52,2,26.5,12.5,3.7,0.4,0.4,1.4,12.1,0.4,10.2,1446.3
84,57,1,11,4,0.9,0.7,0,0.2,4,1.1,3.1,474.1
84,61,1,20,7.8,1.9,0.7,0,1.1,7.8,1.5,6.7,907
84,73,1,4,1.7,0.6,0,0,0,1.7,0.3,1.4,222.5
84,76,1,3,1.3,0.5,0,0,0,1.3,0.2,1,166.8
84,92,1,2,0.9,0.2,0,0,0.1,0.9,0,0.8,110.3
84,93,3,23,10.5,1.8,0.3,0,0.8,10.5,0.3,9.4,1268.7
84,94,1,26,14.7,6.6,0.1,0,1.3,14.7,0.1,13.3,1569.3
84,96,3,85,41.6,17.3,0,0,2,41.6,3.6,30.9,4513.2
84,97,2,6,2.3,0.4,0,0,0,2.3,0.1,1.6,302.4
84,98,2,36,20.3,10.2,0,0,1.9,20.3,1.5,18.4,1974.4
84,99,1,449,208.7,86.4,10.1,53,28.2,155.7,23.3,125.2,20149
84,101,1,1,0.5,0.2,0,0,0,0.5,0,0.5,61.8
84,102,4,177.5,80.3,30,5,12.7,9.4,67.6,10,58.2,9029.5
84,103,2,4,1.8,0.6,0,0.2,0,1.6,0,1.6,199.2
84,111,1,12,6.3,2.2,0.4,0,1.5,6.3,0.4,5.2,842.6
84,122,3,105,45.7,13.7,2,4,5.8,41.7,2.9,34.1,5150.6
84,123,5,84,30.9,5.9,3.8,2,2,28.9,3,23,3951.4
84,125,2,30,14.7,4.9,0,0.8,2.6,13.9,0.8,12,1707.2
84,126,3,35,17.1,5.8,0,0.8,3.1,16.3,0.9,14.1,1991.7
93,6,1,21,8.3,1.3,1.1,0,0.5,8.3,0.5,6.2,902.2
93,7,2,5,2,0.4,0.3,0,0.1,2,0.1,1.5,214.8
93,16,1,11,5.4,1.4,0.2,0,1.4,5.4,0.6,4.6,587.9
93,17,2,3,1.5,0.4,0,0,0.4,1.5,0.2,1.2,160.3
93,19,3,21,8.9,2.4,0.3,0,1.4,8.9,1.6,7.7,1025.7
93,27,1,3,1.2,0.4,0.2,0,0,1.2,0.2,0.8,125.9
93,43,2,55,17.4,3,3.8,0,0.3,17.4,3,13.7,1991
93,50,2,26,12.8,5.4,0.7,0,1.2,12.8,1.9,10.2,1410.2
93,51,5,36,16.6,7.3,1.1,0,2,16.6,1.8,13,1696.9
93,60,4,116.5,52.1,15.1,2.5,5.3,9.1,46.8,4.3,34.3,5815.4
93,61,3,158,63.6,15.2,5.6,2,5.6,61.6,5.4,45.4,6758.8
93,62,1,90,30.7,5.3,3.1,0.2,2.2,30.5,2.3,24,3216.8
93,70,2,8,3.3,0.8,0.1,0,0.4,3.3,0.3,2.8,332.3
93,93,2,6,2.4,0.2,0,0,0,2.4,0,1.8,276.1
93,94,2,96.5,39.9,7.4,1.6,0.6,6.3,39.3,2.6,37.3,4459
93,95,3,48,19.1,4.4,1.5,0.4,2.8,18.7,0.4,16.5,2381.9
93,98,1,1,0.4,0.1,0,0,0.1,0.4,0,0.3,49.8
93,99,5,112.5,49.9,13.5,0,1.1,7.4,48.8,4.4,41.4,5298
93,105,2,43,21.8,5.4,0.2,2,3.6,19.8,1.4,19,2156.4
93,106,5,60,26.5,7.3,1.2,0,3.1,26.5,1.8,21.3,3013.4
93,107,5,237,101.9,28.7,4.8,1,10,100.9,9.2,65.4,10573.5
93,108,1,2,0.7,0.1,0.1,0,0.1,0.7,0,0.6,96.2
93,112,3,42,14.6,2.5,1.9,0,0,14.6,0,14,1814.3
93,116,2,11,4.7,0.7,0,0,0.5,4.7,0.6,3.9,562.6
93,117,1,73.5,29.5,3.5,0,0,2.3,29.5,2.4,24.9,3427.2
93,123,2,24,10.4,1.9,0.5,0,0.9,10.4,0.9,8.9,1240
118,3,1,2,0.8,0.2,0.1,0,0,0.8,0,0.7,91.2
118,16,1,3,1.2,0.3,0.1,0,0,1.2,0,0.9,151.8
118,20,1,8.5,4.7,1.8,0,0,0.8,4.7,0.6,4.1,533.4
118,21,9,77,34.5,11.3,2.6,1.8,3.2,32.7,5.4,26.7,3878.3
118,33,1,8,3.5,1.1,0.3,0.3,0,3.2,0.3,3.1,460
118,41,5,32,14.3,5.8,2.4,0,0.6,14.3,2.4,9.8,1895.9
118,48,4,21,8,1.7,0.8,0,0.4,8,0.6,6.6,1029.1
118,64,2,7,3,0.8,0.1,0,0.2,3,0.1,2.9,446.8
118,65,7,96,36.6,8.2,1.1,1.4,2.1,35.2,2.5,32.7,5083.7
118,66,1,40,16.9,4.2,1.1,0,0,16.9,2.1,13.9,2025.1
118,69,1,5,1.6,0.1,0.3,0,0.1,1.6,0,1.6,249
118,70,1,2,0.6,0,0.1,0,0,0.6,0,0.6,99.6
118,76,6,13,4.4,1,0.3,0,0.5,4.4,0.3,4.2,579.6
118,85,4,456,189.9,41.9,6.3,4,12.3,185.9,12.3,158.2,18779
118,88,1,2,0.9,0.2,0,0,0.1,0.9,0,0.7,97.3
118,89,3,169,72.6,20.8,3.8,14,6.3,58.6,2.8,56,8831.4
118,93,2,28,11.6,2.1,0.2,0,1.7,11.6,0.7,9.8,1193.3
118,102,3,229.5,85,7.8,2.8,3,5,82,4,75.2,10343.8
118,103,3,74,26,2.7,1.5,0,0.5,26,0.3,22.8,3218.3
118,111,5,107.5,43,7.4,1.1,3.4,3.7,39.6,1.8,38.8,5490.2
118,112,3,99,42.9,14.4,3.1,4.1,3.3,38.8,3.1,34.7,5489.1
118,117,2,7,2.5,0.4,0.3,0,0.2,2.5,0,2.3,296.5
118,118,2,12,5.5,1.5,0,0.1,0.5,5.4,0.5,5.1,641.2
118,119,2,157.5,68.3,11.4,4.8,0,4.2,68.3,3.3,65.4,6938
118,120,0,2417.5,991,268,77,623,179,368,171,236,82264
118,121,2,1051,453.8,122.3,23.6,229,79.5,224.8,53.9,189.5,39270.6
118,122,1,1705.5,895.3,458.8,37,864.5,136.5,30.8,188.5,66.1,63940.2
118,123,0,769.5,440,244,9,440,72,0,75,18,28663
118,124,0,1392,642,259,42,253,74,389,108,239,45698
118,125,0,3732.5,1526,609,207,1252,284,274,609,71,110420
118,126,3,1702.5,903.1,483.3,47,766,82,137.1,166.4,226.8,65752.1
118,127,3,2834.5,1526.1,770.5,55.3,1445.5,191.6,80.6,185.1,419.8,116080.5
8,0,3,31,12.8,4,1.6,1.3,2.2,11.5,1.3,10.8,1163.2
8,4,4,52,25.4,11.5,1.2,0.2,1.6,25.2,2.6,19.4,3436.4
8,9,2,13,5.1,0,0,0.6,0.3,4.5,0,2.6,573.9
8,13,2,4,1.9,0.7,0,0,0.1,1.9,0.1,1.6,207.3
8,18,3,363,143.3,45.2,19.1,43,14.9,100.3,28.1,74.3,12785.6
8,19,1,478.5,195.3,55.3,18,26,23,169.3,17.6,152.1,18316.2
8,20,1,4,1.3,0.1,0.1,0,0.1,1.3,0.1,1.1,132.6
8,24,1,4,1.3,0,0.1,0,0.3,1.3,0.2,0.9,177.9
8,30,2,57,22.3,4.3,0.8,0,2.8,22.3,2.1,20.8,2448.8
8,31,2,30,10,1.8,1.6,0,0.6,10,0.3,9.1,1250.1
8,33,3,14,6.7,2.9,0.5,0.5,0.5,6.2,0,5.2,730.4
8,37,4,14,5.8,1.5,0.4,0,0.6,5.8,0.1,5,638.9
8,41,2,13,4.4,0.4,0.6,0,0,4.4,0,3.8,627
8,45,1,1,0.3,0.1,0.1,0,0,0.3,0.1,0.3,40.7
8,48,4,25,9.1,1,1.2,1.5,1.9,7.6,1.2,6.7,1018.5
8,49,2,4,1.5,0.2,0.3,0.1,0.3,1.4,0.2,1.2,181.8
8,51,2,11,4.2,1,0.3,0,0,4.2,0,4.2,560.7
8,54,4,23.5,8.7,1.8,0.6,0,0.5,8.7,0.2,8.5,1115.9
8,55,3,84,32.4,5.2,1.9,1.1,4.5,31.3,2.9,26.5,3904.5
8,56,2,7,2.9,0.7,0.1,0,0.3,2.9,0.2,2.5,328.4
8,57,2,9,3.8,0.9,0.2,0,0.3,3.8,0.3,3.2,422.2
8,58,1,6,2.8,0.7,0,0.2,0.4,2.6,0,2.3,386.8
8,59,1,11,4.7,1.4,0.5,0,0.9,4.7,0.7,4.2,530.1
8,62,1,7,2.1,0.3,0.3,0,0,2.1,0.1,1.9,264.5
8,64,1,5,1.6,0.2,0.2,0.1,0.2,1.5,0,1.3,183.7
8,65,4,276.5,112.2,29.8,5.7,7,13.6,105.2,10.8,94.9,11466
8,66,4,65,27.2,7.5,2.2,0.4,1.4,26.8,1.9,25.4,3026.2
8,67,2,28,11.7,3.7,0.9,0.3,0.6,11.4,0.3,10.3,1451.1
8,68,1,8,3.1,0.7,0.3,0,0.3,3.1,0.1,2.7,419.4
8,69,1,4,1.6,0.4,0.1,0,0.1,1.6,0.1,1.4,209.7
8,71,3,25,10.5,2.5,0.4,0,1.5,10.5,1.6,9.2,1297.2
8,72,2,2,0.8,0.2,0,0,0.1,0.8,0.1,0.8,91.9
8,73,4,128,44.8,8.7,5,0.3,3,44.5,3.7,39.8,4844.3
8,74,1,2,0.6,0.1,0.1,0.1,0.1,0.5,0.1,0.4,59.9
8,75,7,101.5,38.8,8.2,3.3,6.6,3.8,32.2,3.9,29.7,3983.5
8,77,2,64.5,25.9,9.7,4.8,6.9,4,19,2.5,15,1876
8,78,1,17,5.9,1.5,1,0,0.5,5.9,1.5,4.6,429.1
8,79,3,347,141.1,42.4,13.7,16,15.6,125.1,16.8,108.1,12111.4
8,81,1,37,16,2.6,0.4,0,1.3,16,2.3,13.7,1552.1
8,82,2,31,11.6,1.6,0.8,0,0,11.6,0.8,10.9,1188.1
8,83,2,441,172.5,47.5,15.3,15,21.9,157.5,10.8,149.9,15345.2
8,84,1,120.5,49.9,16.9,4.6,1,3.6,48.9,7,38.2,4295.1
8,85,3,169,59.4,10.1,9.4,0.1,10.4,59.3,3.1,50.9,5483.3
8,86,2,10,3.6,0.5,0.4,0.2,0.4,3.4,0.3,2.8,393.1
8,87,2,33,17.1,8.1,0.1,13.9,4,3.2,1.2,2.6,1028.8
8,88,1,2,0.8,0.1,0,0,0.1,0.8,0.1,0.7,96.9
8,90,3,12,4.8,0.8,0.1,0,0.8,4.8,0.3,4.4,581.7
8,104,1,3,1,0.1,0.2,0,0.1,1,0.1,0.8,111
8,107,1,2,0.8,0.1,0,0.1,0,0.7,0.1,0.4,118.2
8,110,1,9,3.5,0.5,0,0.2,0,3.3,0.2,1.8,532
8,111,1,1,0.4,0.1,0,0,0,0.4,0,0.2,59.1
8,119,2,2,0.8,0.2,0,0,0,0.8,0,0.6,80.8
8,123,5,43,19.2,7.1,1.2,2.3,0.4,16.9,1.9,15.9,2085.4
8,124,2,271,106,26,9,32,14,74,15.2,75.8,9331.1
8,125,2,22,8.4,1.3,0.5,0,0.4,8.4,0.2,7.8,870.3
59,1,2,19,7.9,2,0.4,0.1,0.8,7.8,0.4,6.3,933.4
59,2,3,28,11.7,2.9,0.6,0.1,1.3,11.6,0.6,9.4,1375.5
59,13,5,56,27.3,6.6,0,0.9,2.5,26.4,1,24,3119.2
59,14,5,111,55.6,21.6,0.3,4.5,4.6,51.1,5.2,40.2,5849.7
59,29,1,1,0.4,0.1,0,0,0.1,0.4,0.1,0.3,46.5
59,42,2,16,7.4,3.5,0.3,0,1,7.4,1.4,7.1,735.3
59,43,1,3,1.4,0.7,0.1,0,0.2,1.4,0.3,1.3,137.9
59,50,1,4,1.6,0.5,0.1,0,0,1.6,0.5,1.5,165.3
59,51,5,64,26.3,8.5,2,1.9,1.2,24.4,8.5,20.7,2733.9
59,52,2,14,5.9,1.9,0.4,0.7,0.4,5.2,1.9,4.2,609.7
59,53,1,3,1.1,0.2,0.2,0,0.1,1.1,0.2,0.6,116.6
59,56,4,19.5,7.9,1.4,0.7,0,1.4,7.9,0.9,7,1044.1
59,57,2,17,8,1.4,0,0,1.4,8,0.9,7.5,813.6
59,59,1,2,0.8,0.2,0.1,0,0.1,0.8,0.2,0.6,76.9
59,83,3,44,19.4,5.1,1.1,0,2.6,19.4,1.6,15.4,1991.6
59,85,1,3,1.2,0.3,0.1,0.1,0.2,1.1,0.2,0.9,128.1
59,86,3,176.5,70.4,19.6,8.3,6.7,11.9,63.7,9,51.6,6666.2
59,87,1,224.5,106.2,45.8,5.2,22.4,11.5,83.8,19.5,55.3,8988.6
59,96,3,17,8.6,5,0.9,0,0.9,8.6,2.7,5.9,1024.1
59,97,3,28,14.5,5.5,0.4,0,2.4,14.5,1.9,12.6,1405.1
59,99,5,44,14.6,1.7,1.6,0,1.6,14.6,0.8,12.8,1546.4
59,101,2,17,6.8,1.5,0.7,0,0.7,6.8,0.3,6.1,723.5
59,102,3,93,39.6,12.1,3.4,2,2.4,37.6,2.7,31.1,4256.1
59,105,1,6,2.6,0.7,0.1,0.1,0.2,2.5,0.2,2.3,321.2
59,106,2,113,44.4,11.6,6.7,0.4,2.1,44,5.1,40.9,4831.6
59,107,2,181.5,75.9,19.9,3.4,2.2,3.5,73.7,7.5,70.1,7827.5
59,119,1,23,7.5,0.8,0.4,0,0.4,7.5,1.7,6.7,734.7
59,120,2,26.5,11,2.3,0.4,0,1.2,11,0.8,10.2,1212.2
59,123,3,28.5,10.8,2.6,0.9,0,1.2,10.8,0.9,8.8,1128.9
59,124,1,21,7.9,1.9,0.7,0,0.9,7.9,0.7,6.5,831.8
59,127,1,6,2.3,0.2,0,0.2,0,2.1,0,1.9,398.5
7,0,4,164.5,66.3,17.4,4.4,3.2,6,63.1,7.2,60.4,6634.2
7,11,2,14,5.8,1.4,0.1,0,0.5,5.8,0.5,3.7,609.5
7,12,2,22,9.6,2.2,0,0,0.8,9.6,0.8,5.8,932
7,13,4,41.5,19.2,7.4,0,0,0.9,19.2,1.8,16.4,2150.6
7,18,1,15,5.1,0.6,0.8,0,0.6,5.1,0.6,4.7,567.6
7,19,4,352,143,44.4,17,26,9.4,117,9.4,104.2,12392.2
7,21,1,1,0.3,0.1,0,0,0,0.3,0.1,0.2,39.4
7,28,2,31.5,11.8,1.5,0.5,0,1.1,11.8,0,11.3,1501.8
7,29,1,56.5,20.1,3.5,3.2,1,2.4,19.1,1,18.9,2435.4
7,33,1,2,1,0.4,0.1,0.1,0.1,0.9,0,0.8,104.3
7,36,1,3,1.4,0.4,0,0,0.1,1.4,0,1.2,144.9
7,38,2,67,25.4,3.4,2.5,3.3,6,22.1,1.7,17.8,2473.9
7,39,4,12,4.5,0.7,0.5,0.5,1.2,4,0.4,3.2,443.1
7,40,1,11,3.7,0.3,0.5,0,0,3.7,0,3.2,530.5
7,41,1,2,0.7,0.1,0.1,0,0,0.7,0,0.6,96.5
7,46,2,27,8.3,1.4,2.4,0,0.7,8.3,1.4,7.3,1098.7
7,47,2,26,8,1.3,2.4,0,0.7,8,1.3,7,1058
7,48,3,36,13,3.6,2.2,0,0.7,13,1.4,10.1,1558.8
7,49,3,170,57.3,11.2,7.7,0,0.2,57.3,2.5,55.4,6961.6
7,50,2,12,5.9,1.6,0.4,0,0.8,5.9,1.2,5.5,752.9
7,51,1,4,1.5,0.4,0.1,0,0,1.5,0,1.5,203.9
7,54,2,14,5.3,1.2,0.4,0,0.1,5.3,0.1,5.2,685.2
7,56,3,6,2.1,0.5,0.2,0,0.1,2.1,0.2,2.1,250.5
7,57,4,78,29.6,5.8,1.8,0,1.9,29.6,3.7,29.6,3296.2
7,58,4,128,50.3,12.3,6.4,0,3.9,50.3,0.7,42.8,5577
7,59,4,35,13.9,3.5,1.6,0,2.3,13.9,1.8,12.2,1566.4
7,62,1,5,1.5,0.2,0.2,0,0,1.5,0.1,1.4,188.9
7,64,2,94,35.2,8.8,4.5,0,3.2,35.2,3.3,32,3741.8
7,65,3,82,32.3,7.1,3.4,0,2.3,32.3,1.3,31.3,3356.4
7,69,1,7,2.8,0.6,0.2,0,0.2,2.8,0.1,2.4,367
7,71,1,2,0.9,0.2,0,0,0.2,0.9,0.2,0.8,102.8
7,72,3,20,8.9,2.2,0,0,1.7,8.9,2.2,7.8,1027.8
7,73,1,7,2.1,0,0.1,0,0.1,2.1,0,2,229.6
7,74,3,113,39.2,6,3.7,0,4.7,39.2,1.2,35.3,4385.9
7,75,2,229,87.2,18.7,8.8,0,9.8,87.2,2.4,82,8796.9
7,77,1,47,18.7,5.6,1.5,4.1,1,14.6,0.5,12.1,1698.5
7,78,2,11,3.8,1,0.7,0,0.3,3.8,1,3,277.6
7,79,4,274,101.6,23.2,14.5,7,12,94.6,11.1,75.8,8711.6
7,80,5,274.5,83.7,10.6,18.8,0,8.5,83.7,7.5,77.6,8314.4
7,81,0,574,211,42,32,45,32,166,21,153,18213
7,82,1,138.5,55.4,9.4,4.2,0,6,55.4,3.2,50.1,5592.9
7,83,3,14,5.6,0.8,0,0,0,5.6,0.8,5.4,606.8
7,84,2,310,116.7,22.3,9,0,7,116.7,4.3,109.2,11816.5
7,85,3,160,57.5,11.1,10,0,2,57.5,3,51.5,5684.9
7,87,1,1,0.5,0.3,0,0.5,0.1,0,0,0,29.7
7,88,1,2,0.8,0.1,0,0,0.1,0.8,0.1,0.7,96.9
7,103,4,248.5,86.1,14.9,9.1,4,10.2,82.1,6.2,69.9,8212.8
7,104,3,184.5,74,20.1,6.9,0,4.8,74,5.8,63.1,7687.2
7,118,1,5,2,0.6,0.2,0.2,0.1,1.8,0.3,1.4,229
7,119,4,58,24.3,5.8,1.3,0.6,0.3,23.7,2.2,20.9,2628.3
7,120,2,35,12.7,2,1.3,0,0,12.7,0.6,11.3,1426.7
7,122,2,18,7.2,2.3,0.3,0,0.3,7.2,0.3,6.2,765.2
7,123,2,11.5,5,1.6,0,0,0,5,0.5,4.5,478.3
7,124,3,49,20.2,5.3,0,0,0.2,20.2,1.8,18.4,1937.8
7,125,3,131,52.6,11.4,2,1,2.7,51.6,1.7,48.2,4700.1
82,6,3,58,25.7,7,1.3,0,1.1,25.7,1.3,23.6,2692.1
82,7,1,3,1.1,0.3,0.1,0,0,1.1,0.1,0.8,131.1
82,36,2,9,3.9,0.8,0.1,0.1,0.3,3.8,0.3,3.3,450
82,44,5,19,9.2,2.8,0,0,0.7,9.2,0.6,8.5,1163.4
82,48,1,5.5,2.1,0.3,0.2,0,0.2,2.1,0,2.1,268.9
82,51,1,2,0.9,0.3,0,0,0.1,0.9,0,0.8,109.2
82,56,3,34,16.3,5.2,0.8,0,0.3,16.3,1.5,14.2,1695.5
82,57,3,10,3.6,0.8,0.6,0,0.2,3.6,1,2.8,431
82,67,1,3,1.1,0.3,0,0,0,1.1,0.1,0.9,124.2
82,73,1,1,0.4,0.2,0,0,0,0.4,0.1,0.4,54.6
82,80,1,1,0.5,0.2,0,0,0,0.5,0.1,0.3,44.7
82,88,1,4,1.6,0.5,0.1,0.1,0.1,1.5,0.1,1.1,178.6
82,92,1,2,0.9,0.2,0,0,0.1,0.9,0,0.8,110.3
82,93,7,156,71.8,25,2.4,3.5,3.3,68.3,6.6,56.1,7616.8
82,94,2,21,9.6,3.2,0.3,0.3,0.7,9.3,0.6,8.2,1125
82,98,3,23,9.6,2.2,0.4,0,1.2,9.6,1.9,7,1006.4
82,99,1,179.5,80.9,19.7,4.4,3,9,77.9,5.6,68.8,7792.3
82,103,1,50,22.5,10,1,0.6,0.3,21.9,1.3,20.6,3077.7
82,104,3,165,70.8,21.2,2.2,3.2,6.7,67.6,7.7,58.8,8722.7
82,110,4,62.5,21.8,2.4,2.4,0.8,1.6,21,0.7,17.8,2377.4
82,113,2,2.5,1.3,0.5,0,0,0.3,1.3,0,1,175.5
82,114,1,2,1,0.4,0.1,0,0.2,1,0.1,0.9,140.4
82,117,3,24.5,8.5,0,0,0,0.8,8.5,0.8,5.5,1244.4
82,118,2,33.5,11.9,1.8,1,0,1,11.9,0,9.2,1597.9
82,120,1,3,1.1,0.2,0.1,0,0.1,1.1,0,0.8,143.1
58,2,6,135,54.4,15,4.2,2.2,4.4,52.2,7.2,46.1,5737.1
58,11,2,65.5,22.4,4,2.5,0,2.8,22.4,1.6,20.3,2596.1
58,14,2,45,19.6,6.1,0.7,0.1,1.6,19.5,4.2,15.2,2548.8
58,22,1,30,15.3,5.1,0.2,1,2,14.3,2.3,11.3,1456.1
58,23,1,2,1,0.5,0,0.1,0.1,0.9,0.3,0.8,106.6
58,50,5,42,17.7,5.9,1.1,0.5,0.5,17.2,1.1,15.7,1867.3
58,53,3,6,2.4,0.6,0.2,0.2,0.1,2.2,0.2,2,292.3
58,65,4,51.5,22,3.8,1.2,0,2,22,2.1,19.1,2547.3
58,68,1,3,1.3,0.2,0.1,0,0.1,1.3,0.1,1.1,147.9
58,76,4,13,5.5,1.6,0.4,0,1,5.5,0.7,4.8,588.8
58,77,1,4,1.7,0.5,0.1,0,0.3,1.7,0.2,1.6,184.9
58,80,1,1,0.5,0.2,0,0,0.1,0.5,0.1,0.4,59.8
58,82,1,2,1,0.5,0,0,0.1,1,0.1,0.9,130.2
58,83,1,1,0.5,0.2,0,0,0,0.5,0.1,0.4,65.1
58,86,3,19,8.6,3.3,0.4,1.7,0.7,6.9,0.8,6.1,861.3
58,87,6,212,87,24.3,6.8,7.4,4.9,79.6,6.4,70.3,8504.4
58,89,3,19,8.7,1.5,0.3,0,1.1,8.7,0,7.5,967
58,90,3,59,27.3,7.7,1.5,0,2.2,27.3,1,24.2,2988.2
58,92,1,4,1.5,0.3,0.3,0,0.2,1.5,0.2,1.2,159
58,94,1,1.5,0.6,0.1,0.1,0,0.1,0.6,0.1,0.5,59.6
58,96,1,1,0.4,0,0,0,0,0.4,0,0.3,39.9
58,99,2,124,42.5,5.4,7.1,0.1,8.1,42.4,4,27.5,4409.9
58,100,1,43,18.9,8,0.5,2.5,1,16.4,2.5,12.9,2061
58,102,5,103,38.1,4.3,3,0,2,38.1,3.3,34.5,4575.2
58,103,2,66,26.2,4.9,1.7,0,1.7,26.2,0.7,24.2,3050.7
58,104,1,1,0.4,0.1,0,0,0,0.4,0,0.4,46.7
58,107,1,9,3.9,1,0.2,0.1,0.3,3.8,0.3,3.5,481.8
58,114,2,15,4.6,0.7,0.9,0,0.3,4.6,0.3,4.1,675
58,118,4,85.5,29.4,5.4,2.7,0,2,29.4,3.5,24.7,3077.2
58,119,2,192.5,67.5,8.4,5.7,0,5.5,67.5,6.9,59.2,7108.3
58,120,4,153.5,59.9,11.8,3.3,0,7.9,59.9,5.5,55.5,6549.6
58,121,2,5,2,0.5,0,0.2,0.1,1.8,0.3,1.6,198.1
58,122,3,38,19.7,8.3,0.4,1.1,1.3,18.6,0.9,17.3,2076.6
58,123,1,51,22.7,7,2,1.8,1.4,20.9,3.9,16.5,2053.7
58,125,1,3,1.1,0.1,0,0,0,1.1,0.1,1,150.5
58,126,3,30,15,3,0,0.9,0,14.1,2.1,14.1,2466.9
58,127,1,2,0.8,0.1,0,0.1,0,0.7,0,0.6,132.8
56,19,1,5,2.4,1.1,0,0.2,0.2,2.2,0.6,2.1,266.5
56,30,3,23.5,9.4,2.8,0.7,0,1.2,9.4,1.7,7.2,1092.9
56,31,1,24,12.4,2.1,0,0,0.1,12.4,0.1,11.3,1192.5
56,32,4,34,12.6,3.1,1.2,0.7,0.6,11.9,1.2,10.2,1545.2
56,33,3,22,8.5,0.3,0,0,1.2,8.5,0.3,8.5,860.5
56,34,2,30,11.5,0.6,0,0,1.8,11.5,0.6,11.5,1173.5
56,36,1,6,2.8,1.1,0.2,0.1,0.2,2.7,0.3,2.4,295.2
56,37,5,160,73.5,24.7,4.7,1.4,8.7,72.1,6.6,62.2,7013.4
56,38,1,1,0.5,0.1,0,0,0.1,0.5,0.1,0.4,44.5
56,50,4,54,27.7,11.6,1,0,1,27.7,3,23.9,2920.4
56,57,3,17,7.9,3.9,0.6,0,0.6,7.9,0.6,7.9,993.3
56,59,4,29,11.5,2.8,1.1,0,0.6,11.5,0.6,9.8,1214.8
56,60,4,19,7.6,2.4,0.6,1.9,0,5.7,1.2,4.5,836.3
56,61,5,83.5,37,12,1.8,4.1,2.5,32.9,4,26.4,4245.7
56,62,5,58.5,28.6,11.2,1.2,5,2.8,23.6,2,18.6,2943.8
56,63,1,127,49.6,14.8,6,1,7.1,48.6,7.7,16.4,4660.4
56,65,1,4,1.7,0.3,0.1,0,0.1,1.7,0.1,1.5,197.2
56,72,1,1,0.4,0.1,0,0,0.1,0.4,0.1,0.2,40.2
56,73,1,10,4.2,1.2,0.4,0,0.8,4.2,0.8,1.9,401.5
56,74,1,2,0.6,0.1,0.1,0,0,0.6,0.1,0.6,68.2
56,75,1,5,1.6,0.2,0.3,0,0.1,1.6,0.2,1.6,170.4
56,77,4,18,5.6,0.6,1,0,0.3,5.6,0.6,5.6,613.7
56,79,1,32,12.5,4.2,2,0,0.1,12.5,0.1,8.4,1181.8
56,80,0,50.5,24,5,1,0,3,24,2,20,2378
56,83,2,9,4.5,2.1,0.2,0,0.4,4.5,0.7,3.8,585.9
56,85,2,9.5,4.8,1.4,0,0.3,0.7,4.5,1,3.1,466
56,86,1,12,6.1,1.7,0,0.4,0.9,5.7,1.3,3.9,588.7
56,90,2,74,35.9,18,2.2,19.3,2.8,16.6,14.8,12.4,2225
56,92,6,154,61,18.1,4.6,5,1.9,56,5.3,47.4,5364.1
56,94,1,18,6.7,1.2,1.2,0,0.8,6.7,0.8,5.5,715.6
56,101,4,37.5,16.6,5.2,1.1,0.6,2.5,16,1.4,14.7,1845.5
56,102,3,38,16.9,5.5,1.1,0.5,2.7,16.4,1.6,14.8,1866.1
56,117,1,3,0.9,0.1,0.2,0,0.1,0.9,0.1,0.8,135
56,122,4,35,18,7.9,2.1,1,0.9,17,0,17,1708
56,123,2,644,301.6,131.8,17.7,144.4,47.7,157.2,69.6,118.7,24581.2
56,124,6,282,124.1,42,9.1,50,18.5,74.1,22.6,55.3,11263.7
56,125,1,1,0.5,0.1,0,0,0,0.5,0,0.4,50.5
56,126,1,2,0.8,0.1,0,0.1,0,0.7,0,0.6,132.8
57,2,3,10,4.1,1,0.1,0,0.4,4.1,0.1,3.6,437.1
57,11,6,94,41.3,10.4,1.7,0,5.8,41.3,5.1,34.5,5174.7
57,12,1,2,0.9,0.3,0.1,0,0.1,0.9,0.1,0.8,110.2
57,21,1,1,0.4,0.1,0,0,0,0.4,0,0.4,46.9
57,22,6,162,68.3,20.7,4.7,0,1,68.3,6.7,64.3,7362.2
57,23,2,18,8.7,4,0,0.6,0.6,8.1,2.3,7.6,959.3
57,32,2,4,1.5,0.4,0.1,0.1,0.1,1.4,0.1,1.2,181.7
57,33,2,16,6,1.5,0.6,0.3,0.3,5.7,0.6,4.7,727.1
57,37,3,14,6.5,2.6,0.5,0.1,0.5,6.4,0.8,5.6,688.8
57,38,1,2,0.9,0.3,0,0,0.2,0.9,0.1,0.7,89
57,44,1,3,1.3,0.5,0,0,0.1,1.3,0.2,0.9,134.6
57,45,2,9,3.8,1.6,0,0,0.3,3.8,0.5,2.7,403.9
57,48,2,3,1.4,0.4,0.1,0,0,1.4,0.1,1.2,150.6
57,50,5,38,16.2,5.5,1,0.5,0.6,15.7,0.6,14.2,1705.5
57,53,5,40,16.5,4.4,1.8,1.8,0.9,14.7,1.8,13.8,1948.6
57,58,1,3,1.2,0.3,0.1,0,0.1,1.2,0.1,1,125.7
57,61,4,122,49.2,8.4,3.5,2,9.1,47.2,4.5,43.3,5138.8
57,62,2,13,4.8,0.6,0.5,0,0.8,4.8,0.5,4.7,563.3
57,67,1,2,0.9,0.1,0,0,0.1,0.9,0.1,0.7,98.6
57,72,3,46,17,3,2,5,2,12,1,10.1,1726
57,73,5,54,30.9,14.9,0,0,1,30.9,2.9,26,3195.9
57,74,1,18,5.7,0.6,0.9,0,0.3,5.7,0.6,5.7,613.6
57,75,1,7,2.2,0.2,0.4,0,0.1,2.2,0.2,2.2,238.6
57,76,3,7,2.6,0.5,0.2,0,0.3,2.6,0.2,2.5,275.1
57,77,5,112.5,46.3,11.7,3.5,0,4.7,46.3,4.2,41,4777.9
57,78,2,7,3.5,1.5,0.2,0,0.4,3.5,0.4,2.8,418.7
57,79,2,5.5,2.8,1.1,0.2,0,0.3,2.8,0.3,2.2,328.9
57,81,2,9,4.5,2.1,0.2,0,0.4,4.5,0.6,3.9,585.9
57,82,4,14,7,3.3,0.2,0,0.6,7,1,6,911.4
57,89,1,2,0.9,0.2,0,0,0.1,0.9,0,0.8,101.8
57,90,2,55,22.1,5.7,2.1,0,2.5,22.1,1,20.6,2323.1
57,91,1,6,2.2,0.4,0.4,0,0.3,2.2,0.3,1.8,238.5
57,99,3,62,29,8.2,0.5,2.5,4.2,26.5,2.3,24.1,2965
57,100,2,51,18.8,2.5,1.3,0.2,2,18.6,1.3,17.3,2160.6
57,102,2,285.5,118.9,35.9,8.4,10,12.4,108.9,19.4,88,12906.5
57,103,3,199.5,85.4,28.8,6.4,5,8.4,80.4,12.4,67.4,7923.5
57,113,1,1,0.3,0,0.1,0,0,0.3,0,0.3,45
57,114,1,2,0.6,0.1,0.1,0,0,0.6,0,0.5,90
57,117,1,1,0.3,0,0.1,0,0,0.3,0,0.3,45
57,122,4,109,43,9.7,2.7,3.7,2.7,39.3,7,37.3,4423.3
57,123,0,647.5,307,125,19,83,39,224,65,184,26733
57,124,4,95,45.2,14.3,0,6.8,2.5,38.4,7.8,30.5,4338.4
57,125,2,13,4.9,0.5,0,0.2,0,4.7,0.3,4.2,652.3
76,0,2,297,133.5,36.8,4.6,5.2,12.3,128.3,15.9,108.3,12335.2
76,1,3,5,2.2,0.7,0.1,0.1,0.1,2.1,0.3,1.7,194.6
76,12,4,34.5,13,2,0,0,0,13,0,11.1,1599
76,13,2,69,32.2,12.1,1.6,0,3.6,32.2,4.6,26.2,3502.9
76,14,1,2,0.9,0.3,0.1,0,0.1,0.9,0.2,0.8,107.7
76,16,3,31,11.1,2.4,2.4,0,0,11.1,0.8,8.7,1338.6
76,17,1,8,2.9,0.6,0.6,0,0,2.9,0.2,2.3,345.4
76,30,1,6,3,0.5,0,0,1,3,0,2.5,340
76,32,1,239,100.8,26.4,6.1,6.4,10.5,94.4,14.2,51.2,9095.8
76,33,1,72,31.9,7.2,1.3,0.3,2.9,31.6,1.9,27,3009.9
76,48,1,17,7.2,1.9,0.7,0.7,0.5,6.5,1,5.7,817
76,49,7,91,37.3,10.4,4.4,3.4,2.7,33.9,4.1,27.3,4213.9
76,50,5,30,11.7,3.5,1.7,0.9,0.9,10.8,0.9,7.4,1312.6
76,53,1,2,0.8,0.2,0.1,0,0.2,0.8,0.1,0.5,89.6
76,58,3,14,6.4,1.5,0.3,0,0,6.4,1.9,5.5,756.3
76,75,1,2,0.8,0.1,0.1,0.2,0.1,0.6,0.2,0.6,80.7
76,76,2,40,16.5,2.6,1.4,3.5,2.5,13,3.5,12.6,1773.2
76,89,3,14,5.4,1.4,0.5,0,0.5,5.4,0,3.1,753.3
76,91,5,16,6.5,1.3,0.2,0,0.6,6.5,0.5,5.4,768.6
76,98,2,82,35.2,10.9,2.3,0,5.7,35.2,4.5,26.3,3123.6
76,99,4,42,18.5,5.7,1,0,2,18.5,1.5,12.8,1864.9
76,105,1,4,1.6,0.4,0,0,0,1.6,0.1,1.5,151.5
76,106,4,54,22,6.1,0.4,0,0.8,22,2.1,21.2,2313.5
76,107,1,2,0.9,0.3,0,0,0.1,0.9,0.1,0.9,104
76,110,1,2,0.7,0.2,0.2,0,0,0.7,0.1,0.5,102.3
76,112,1,5,2.2,0.6,0.2,0,0.4,2.2,0,1.8,336.3
76,120,1,17,5.7,0.8,1.1,0.4,0.8,5.3,1.1,5.3,1059.3
120,2,1,2,0.8,0.2,0,0,0,0.8,0.1,0.7,83.7
120,3,6,55,21.3,5.3,1.3,0,1.1,21.3,3.3,18.7,2293.5
120,4,2,33.5,13,3.2,0.6,0,0.7,13,2,11.6,1397.8
120,9,1,1,0.5,0.1,0,0,0.1,0.5,0,0.3,53.6
120,10,7,67,31.7,8.9,0.4,0,4.1,31.7,1.8,22.8,3588.6
120,11,3,27,13.1,4,0.1,0.4,1.7,12.7,1.1,9.2,1490.9
120,12,1,10,6.2,2.8,0,1.6,0.5,4.6,1.3,3.6,684.6
120,13,5,26,10.2,3,1.1,0,0,10.2,0.3,7.6,1315.8
120,21,1,2,1.1,0.4,0,0,0.2,1.1,0.1,1,125.5
120,28,1,5,1.9,0.4,0.2,0,0.1,1.9,0.1,1.6,237.3
120,33,1,5,2.2,0.7,0.2,0.2,0,2,0.2,1.9,287.5
120,48,4,35,13.5,3.2,1.1,0,0.8,13.5,1.2,11.3,1726.8
120,49,3,32,12.6,3,1,0,0.8,12.6,1.2,10.4,1586.6
120,56,6,65,27.5,7.3,1.5,1.5,1.2,26,3,18.9,3503.4
120,57,2,10,4.3,1,0.2,0.2,0.2,4.1,0.4,2.9,530.4
120,66,3,26,9.6,1.2,0.4,0,0,9.6,0.4,9.6,1113.2
120,67,1,15,5.6,0.6,0.2,0,0,5.6,0.2,5.6,642.2
120,75,1,1,0.4,0.1,0,0,0,0.4,0,0.4,53.1
120,76,3,32,12.8,3.6,0.4,0,1.1,12.8,0.4,11.4,1699.2
120,83,1,27,10.1,1.9,0.8,0,0.3,10.1,1.1,7.3,1139.6
120,84,4,165,66.8,11.1,3,0,0.5,66.8,1.9,60.6,7851.7
120,89,1,3,1.5,0.5,0,0,0.1,1.5,0,1.3,172.2
120,90,1,1,0.5,0.2,0,0,0,0.5,0,0.4,57.4
120,91,2,4,1.7,0.5,0,0,0.1,1.7,0.1,1.6,198.3
120,93,2,191.5,73.5,13.7,4.1,0,4.2,73.5,0.9,68.9,8697.8
120,94,0,96,39,6,1,0,4,39,1,37,4536
120,95,1,6,2.7,0.6,0,0,0.3,2.7,0.1,2.3,378.5
120,110,3,45,16.9,3,0.7,0.3,1,16.6,0,12.6,2305.2
120,111,2,690.5,294.5,83,14.9,50.3,34.8,244.2,12,216.5,34968.4
120,112,4,119,45.8,10,5.2,0,1.9,45.8,2,41.3,6401
120,116,2,146,56.9,12,4.3,2,0.3,54.9,3,44.9,6621.9
120,117,3,221,84.1,14,2.6,0,3.6,84.1,3,79.1,9849
120,119,2,140.5,63.8,25.3,6.9,1,1.6,62.8,3,46.9,7581.2
120,120,1,273.5,109.1,17.5,7.6,3,6,106.1,1.6,102,13650
120,121,0,705,298,48,10,0,23,298,11,251,31036
120,122,0,3043.5,1332,494,128,894,244,438,437,278,103373
120,123,1,3178,1490.6,645.2,111.3,1444.1,353,46.5,535.3,101.6,111628.6
120,124,2,1440.5,719.7,339.2,45.6,524.3,107,195.4,207.9,188.4,47098.9
120,125,2,1097.5,610.4,346.4,25,522,70,88.4,134.6,255.4,39520.4
120,126,1,2958,1626.8,870.5,68.3,1574.1,189,52.7,253.1,482.3,118335.1
120,127,0,3725.5,1937,956,91,1618,220,319,266,747,161237
52,9,3,300.5,124.5,38.1,8.7,13.9,16.4,110.6,16,57.6,11279.4
52,10,0,489,251,106,6,51,24,200,33,162,23879
52,11,2,270,127.3,44.3,5,1.4,8.2,125.9,5.6,118,12947.8
52,12,1,321.5,127.7,33.5,14.1,2.4,17.2,125.3,17.6,79.2,12738.7
52,17,3,31,10.6,3.8,3.8,0,0,10.6,1.9,10.6,1234.1
52,18,5,51,30.6,15.3,0,0,2.2,30.6,3.7,26.3,3602
52,23,3,30,13,5.1,1.1,0,0.3,13,2.6,12,1356.1
52,25,1,1,0.4,0.1,0,0,0,0.4,0,0.3,51.4
52,34,2,5,1.8,0.5,0.2,0,0.1,1.8,0.1,1.1,195.1
52,35,1,17.5,6.2,1.8,0.8,0,0.3,6.2,0.3,4.1,683.1
52,36,2,20,7.8,1.3,0,0,0.9,7.8,0.9,5.8,736.4
52,48,2,85,30,5,3,0.5,1.5,29.5,3.4,28,3848.3
52,49,1,4,1.4,0.2,0.2,0.1,0.1,1.3,0.2,1.2,219
52,50,4,21,7.8,2.1,0.6,0,0,7.8,0,6.9,951.9
52,51,3,9,3.4,0.9,0.2,0,0,3.4,0,3,410.8
52,52,1,1,0.4,0.1,0,0,0,0.4,0,0.4,48.2
52,55,3,18,7.2,2.3,0.3,0,0,7.2,0.3,6.4,867.8
52,60,4,43,16,0,0,0,0,16,0,16,1792.1
52,61,3,31,12.9,4.6,1.7,0.5,0.4,12.4,1.2,10.4,1367.3
52,62,1,1,0.4,0.1,0.1,0,0,0.4,0,0.3,44.1
52,63,3,21,7.9,2.6,1.3,0,0,7.9,0.4,7.9,792.3
52,64,2,9,3.4,1.1,0.5,0,0,3.4,0.2,3.3,345.4
52,65,1,2,0.9,0.2,0,0,0,0.9,0,0.6,87.2
52,67,1,1,0.4,0.1,0,0,0,0.4,0,0.3,43.6
52,68,1,3,1.2,0.4,0.2,0,0.2,1.2,0.3,1.1,129
52,70,5,33,13.7,4.6,1.7,0,2.8,13.7,3.6,11.9,1419
52,77,2,5,2.1,0.5,0.1,0,0.2,2.1,0.1,1.7,204.2
52,83,4,17,5.5,0.7,0.7,0,0.7,5.5,0.7,5.1,660.6
52,85,2,114,45.5,10.5,4.9,0.9,0.9,44.6,2.9,41.8,4809.9
52,86,1,2,0.8,0.2,0,0,0,0.8,0,0.7,97.4
52,100,3,159,66.5,20.5,4.4,8,4.6,58.5,6.2,52.7,6510.4
52,101,4,58,24.8,7.1,1.5,1,1.8,23.8,0.4,21.6,2669.9
52,111,2,170,70.7,14.5,2.3,0.2,6.4,70.5,5.3,65.6,7067
52,112,6,259.5,99.9,17.9,4.4,1.8,8.1,98.1,7.4,87.1,10569.9
52,113,3,83,34.7,11.5,2.3,3,3,31.7,3.3,28.7,3749.1
52,118,4,37,12.8,2.2,1.5,0,0,12.8,2.2,10.5,1417.2
52,119,2,12,4.1,0.7,0.5,0,0,4.1,0.7,3.4,459.6
52,122,1,5,2.2,1.1,0.5,0.3,0.2,1.9,0.5,1.2,226.6
52,124,2,10,3.8,0.3,0.2,0.2,0.2,3.6,0.2,3.3,386.2
52,125,2,13,4.9,0.5,0.2,0.2,0.2,4.7,0.2,4.4,502.1
52,126,2,126.5,50.3,8.9,3,0.3,4.1,50,5,41.7,4814.1
83,3,2,13,6.5,2,0,0,0,6.5,0.5,5.2,646.8
83,6,1,302,145.7,54.2,6.1,19,15,126.7,23.1,103.5,14328.4
83,7,3,133,62.6,21.6,2.5,5,3.8,57.6,5.5,49.1,5919.3
83,16,1,5,2.5,1.1,0.1,0,0.1,2.5,0.3,1.8,397.3
83,24,3,68.5,27.6,5.6,1,0,5.3,27.6,1,23.7,3016
83,25,5,144.5,67.3,21,1.1,0.1,6.3,67.2,8.7,61.9,6911.7
83,26,2,27,11.2,2.8,0.1,0.1,0.3,11.1,0.8,9.8,1194.9
83,43,1,3,1.6,0.5,0,0,0.1,1.6,0,1.5,188.4
83,47,4,23,9.6,2.3,0,0,0.8,9.6,1.5,8.9,1358.5
83,48,7,59,22.7,3.5,1.7,0,1.7,22.7,0,22.7,2884.5
83,56,1,2,0.7,0.2,0.1,0,0,0.7,0.2,0.6,86.2
83,57,2,7,2.5,0.5,0.4,0,0.2,2.5,0.7,1.9,301.7
83,61,7,94,37.4,9.2,2,2.7,4.6,34.7,5.1,28.4,4227.4
83,62,1,3,1.4,0.4,0,0.3,0.1,1.1,0.1,0.8,164.5
83,67,2,8,3,0.8,0.2,0.2,0.2,2.8,0.4,2.6,331
83,73,6,44,19.1,7,1.1,0,0,19.1,2.9,15.7,2417.6
83,93,3,53,25.1,5.3,0.3,0.2,0.7,24.9,0.5,24,3016
83,94,3,20.5,9.4,3.1,0.2,0.2,0.7,9.2,0.6,8,1099.8
83,95,1,4,1.5,0.2,0,0,0,1.5,0.1,1,201.6
83,96,1,2,0.7,0.1,0,0,0,0.7,0.1,0.5,100.8
83,98,2,25,12,4.1,0.1,0,2.3,12,0.7,9.5,1087
83,99,3,148.5,63.4,15.4,3.8,0,4.9,63.4,5.1,52.3,6021.9
83,110,1,12,4.2,0.4,0.4,0.2,0.3,4,0.1,3.4,456.4
83,115,1,3,1,0,0,0,0.1,1,0.1,0.7,152.4
83,117,1,4,1.4,0,0,0,0.1,1.4,0.1,0.9,203.2
51,4,2,18,6.2,1.4,1.2,0,0.6,6.2,0,6.2,813.9
51,5,3,100,33.2,5.7,5.4,0,3.7,33.2,1,30.2,4193.5
51,9,4,104,54.3,28.8,2.7,40,9.1,14.3,24.7,11.1,4357.2
51,10,4,499,230,97.8,19,75,33.6,155,64.6,95.3,20060.1
51,12,2,23,11.5,4.5,0,0,0,11.5,0.9,11.5,1291.5
51,13,1,2,1,0.4,0,0,0,1,0.1,1,112.3
51,38,1,6,2.1,0.4,0.4,0,0.2,2.1,0.3,1.9,222.4
51,51,1,4,1.8,0.4,0.1,0,0.1,1.8,0,1.5,203.5
51,56,1,9,3.7,0.7,0.5,0,0.7,3.7,0.2,3,408.7
51,57,1,3,1.2,0.2,0.2,0,0.2,1.2,0.1,1,136.2
51,58,1,4,1.4,0.2,0.1,0,0,1.4,0.1,1.4,145.8
51,59,4,78,33,9,2.1,0,0,33,2.1,32,3592.3
51,60,2,16,6.2,1.6,1,0,0,6.2,1,6.2,727.7
51,68,3,48,17,3,1.5,0,3.7,17,0.7,15.5,1956.2
51,71,2,4,1.4,0.2,0.1,0,0.3,1.4,0,1.2,154
51,72,3,14,4.8,0.5,0.1,0,0.9,4.8,0.1,4,507.7
51,76,2,6,2.5,0.6,0.1,0,0.3,2.5,0.1,2,245.1
51,81,2,7,2.8,0.7,0.4,0,0.2,2.8,0.2,1.9,322.5
51,84,1,2,0.9,0.1,0,0,0.3,0.9,0.2,0.5,134.6
51,85,1,2,0.9,0.1,0,0,0.3,0.9,0.2,0.5,134.6
51,88,1,3,1.4,0.1,0,0,0.5,1.4,0.2,0.7,201.8
51,90,1,3,1.4,0.1,0,0,0.5,1.4,0.2,0.7,201.8
51,95,1,2,0.8,0.2,0,0,0,0.8,0,0.8,90.5
51,96,1,45.5,18.6,4.1,0.3,0,2,18.6,2,17.9,1983.5
51,97,1,32,10.7,1.5,1.5,0,0,10.7,0,9.7,1295
51,99,1,2,0.8,0.2,0.1,0,0.1,0.8,0.1,0.7,89.6
51,100,2,327.5,129.2,32.6,11.7,3,16.7,126.2,10.2,109.7,14296.3
51,101,4,24,10.6,3.4,0.9,3.1,1.4,7.5,0.7,6.1,1196.1
51,103,1,2,1,0.4,0.1,0.5,0.1,0.5,0.1,0.3,109.8
51,112,4,59,19.1,1.7,3.3,0,2.5,19.1,2.5,16.7,1991.1
51,113,4,84,28.1,1,2,0,3.9,28.1,3.9,23.9,3099
51,119,5,122,52.7,18.8,3.4,4,3.7,48.7,9,40.7,4758.4
51,120,4,84,34.4,7.6,1.2,0,4.5,34.4,3.2,31.1,3485.2
51,121,1,1,0.4,0.2,0.1,0,0,0.4,0.1,0.2,45.3
53,2,2,7,3.1,0.9,0.1,0,0.2,3.1,0.3,2.7,321.2
53,3,4,50,22.4,7.3,0.6,0,1.8,22.4,3.2,19.1,2237.1
53,4,1,3,1.4,0.6,0.1,0,0.1,1.4,0.1,1.1,183.8
53,9,0,49,23,9,0,0,0,23,1,4,2033
53,10,2,109.5,42.8,6.4,3,0.1,2.2,42.7,2.2,40.4,4903.7
53,11,1,1,0.5,0.1,0,0.1,0.1,0.4,0,0.4,50.8
53,16,1,1,0.3,0.1,0.1,0,0,0.3,0.1,0.3,39.8
53,18,1,8,4.8,2.4,0,0,0.3,4.8,0.6,4.1,565
53,22,1,3,1.3,0.5,0.1,0,0,1.3,0.3,1.2,135.6
53,23,4,80,32.7,12.9,3.4,0,0.4,32.7,4.4,29.4,3350.4
53,25,2,12,4.8,1.4,0.4,0,0,4.8,0,4,616.4
53,26,1,3,1.2,0.3,0.1,0,0,1.2,0,1,154.1
53,34,1,84,36.2,11.9,3.4,6,4.1,30.2,5.1,28.1,3543.3
53,35,2,151,61.4,18.7,5.6,7,5.5,54.4,4.5,41.3,6155.3
53,36,2,238,100.2,33.3,6,27,14.9,73.2,17.9,38.4,7991.6
53,37,3,91,42.1,15.1,1.8,0,2.6,42.1,4.2,27.7,3886.5
53,42,3,33,13.3,5.3,1.5,0,0.9,13.3,2.4,12.1,1183.6
53,43,2,11,4.8,1.5,0.3,0,0,4.8,0.7,3.7,554.9
53,44,4,22,8.4,1.5,0.7,0,0.7,8.4,1.1,7.1,986.6
53,45,8,70,26.7,4.5,2.1,0,2.1,26.7,3.3,22.5,3120.7
53,46,3,14,5.4,0.9,0.4,0,0.4,5.4,0.6,4.5,624.2
53,48,3,21,7.3,0.9,0.9,0.3,0.3,7,1.2,6.4,1149.8
53,49,1,1,0.3,0,0,0,0,0.3,0.1,0.3,54.8
53,50,1,1,0.4,0.1,0,0,0,0.4,0,0.3,45.3
53,61,2,62,27.6,8.2,2,0.3,1.2,27.3,3.8,21.4,2719.9
53,62,2,475.5,226.6,83.8,13.4,11.4,18.4,215.2,26,151.5,20475.7
53,63,4,42,20.4,8.5,1.2,0,2.1,20.4,2.9,17,1722.9
53,64,2,78.5,32.1,7.4,1.7,0,1,32.1,2.3,27.1,3577
53,65,5,66,29.4,8.1,1.5,1.4,1.5,28,1.5,21.4,2879.1
53,66,4,14.5,6.5,1.7,0.3,0.2,0.3,6.3,0.3,4.6,632.5
53,74,3,7,2.9,0.7,0.1,0,0.3,2.9,0.1,2.3,285.9
53,76,1,6,2.5,0.7,0.1,0,0.3,2.5,0.1,2,245.1
53,79,2,6,2.3,0.6,0.2,0,0,2.3,0.4,1.9,261.4
53,80,4,22,8.1,2.2,0.7,0,0,8.1,1.4,6.9,958.4
53,83,2,44.5,17.9,5.7,1.6,0,2.4,17.9,2.4,15.5,1896.8
53,84,1,2,0.8,0.3,0.1,0,0.1,0.8,0.1,0.7,85.2
53,86,5,22,9.2,1.7,0.3,0.1,1.1,9.1,0.7,8.7,933
53,88,1,2,0.9,0.1,0,0,0.3,0.9,0.2,0.5,134.6
53,95,4,201.5,90.1,35.6,6.6,29,12.4,61.1,19.2,52.4,7032.6
53,96,1,7,2.9,0.7,0.3,0,0.2,2.9,0.1,2.5,287.3
53,98,4,45,17,4,1.5,1.5,1.5,15.5,1.5,14.5,1620.5
53,99,5,47,17.7,4.3,1.6,1.5,1.5,16.2,1.5,15.3,1704.5
53,100,1,208,93.5,28.3,2.7,2,6.3,91.5,6.1,76,8970.7
53,101,3,43.5,17.4,4.2,1.8,2.1,1.2,15.3,0.6,13.8,1931.6
53,102,1,1,0.5,0.2,0,0.3,0.1,0.2,0,0.1,54.9
53,106,1,7,2.3,0.3,0.2,0.1,0.2,2.2,0.2,2.1,275
53,111,1,4,1.6,0.3,0.1,0,0.1,1.6,0.1,1.4,180.4
53,112,2,45.5,18.9,5.3,0.2,0.1,1.4,18.8,2.2,13.9,1913.8
53,113,3,8,3.3,0.9,0.1,0,0,3.3,0.1,3.3,424
53,114,1,7,2.9,0.8,0.1,0,0,2.9,0.1,2.9,371.1
53,117,1,2,0.6,0.1,0.1,0,0.1,0.6,0.1,0.6,67.5
53,119,1,5,1.9,0.3,0.1,0,0.3,1.9,0.1,1.8,190.2
53,126,4,111,40.6,7.8,4.9,0.1,2.2,40.5,5.9,35.1,4081.2
53,127,2,21,7.9,0.9,0.5,0,1.2,7.9,0.5,6.7,772.9
95,0,2,76.5,32.7,10,2,0,2.5,32.7,0.7,31.3,3821.5
95,4,4,65,28.6,10.7,2,0,2.1,28.6,2.8,21.8,2923.1
95,5,1,5.5,2.7,0.7,0,0,0.2,2.7,0.2,2.5,301.2
95,7,2,5,2.5,0.7,0,0,0.2,2.5,0.2,2.3,273.8
95,10,3,22.5,10.8,4,0,0.5,1.7,10.3,0,9.1,1150
95,11,2,7,3.4,1.2,0,0.1,0.5,3.3,0.1,2.9,365.1
95,26,1,7,3,1,0.2,0,0.2,3,0.2,2.8,328.6
95,43,3,42,13.4,2.4,2.8,0.1,0.3,13.3,2.3,10.2,1545.1
95,56,2,12,5.8,2,0,0,0,5.8,0.8,5.8,763
95,61,2,46,21.2,5.9,1.4,0,0.9,21.2,1.4,17.7,2256.5
95,62,1,1,0.4,0.1,0,0,0,0.4,0,0.4,50.1
95,84,4,68,29.7,6.8,1.3,0.3,1.8,29.4,0.8,25.8,3531.4
95,85,1,2,0.9,0.2,0,0,0,0.9,0,0.9,102.8
95,94,3,39,16.6,2.3,0.4,0,1.3,16.6,0.8,13.9,1932.6
95,95,1,2,1,0.4,0,0,0.1,1,0,0.7,107.7
95,97,1,2,0.9,0.2,0.1,0,0.1,0.9,0,0.7,107.3
95,98,5,38,19.1,5.9,0,0.7,1.4,18.4,1.4,15.6,2221.7
95,99,1,3,1.6,0.5,0,0.1,0.1,1.5,0.1,1.3,176.1
95,109,3,122,53.9,16.2,1.6,0,3.1,53.9,5.2,39.8,6356.1
95,110,3,27,10.7,2.1,0.8,0,0.1,10.7,0.1,9.2,1314.8
95,111,2,8,2.9,0.6,0.4,0,0.2,2.9,0,2.3,400.6
95,112,1,1,0.4,0.1,0.1,0,0,0.4,0,0.3,50.7
95,121,3,26,11.5,1.7,0.5,0,1.3,11.5,1.1,10.6,1336.2
95,124,1,3,1.1,0,0.1,0,0.3,1.1,0.1,0.9,166.6
95,127,0,26,11,2,0,0,1,11,0,11,1334
55,6,1,5,2.3,1.1,0.1,0,0.2,2.3,0.2,1.9,306.2
55,7,6,113.5,50.2,16.9,2.7,0,8.4,50.2,5.4,42.9,6038.3
55,8,3,47,17.7,2.6,1,0,2.6,17.7,3.2,14.1,2164.1
55,19,1,6,2.9,1.4,0,0.2,0.2,2.7,0.8,2.5,319.7
55,29,1,8,3.2,0.9,0.3,0,0.4,3.2,0.6,2.5,372.1
55,30,3,56,22.5,6.5,1.8,0,3,22.5,4.2,17.1,2604.5
55,35,1,5,2.9,1.5,0.1,0,0.1,2.9,0.3,2.6,245.5
55,36,3,212.5,97.9,37.7,7.1,10.3,11.1,87.6,11.9,59.4,9453.8
55,37,1,73.5,28.4,8,3.5,0.1,7.5,28.3,8.8,16.3,2850.3
55,57,3,29,15.1,6.1,0.4,0,2.4,15.1,2.4,12.1,1516.8
55,58,3,30,13,4.1,0.8,0,0.4,13,0.4,11.1,1324
55,61,3,9,4.3,1.4,0,0,0.4,4.3,0.2,3.4,486.1
55,62,3,449.5,229,106.2,9.8,24.6,22.2,204.4,35.2,111.4,19704.3
55,63,1,467,216.4,86.2,16,16,34.9,200.4,42.3,76.6,17313.6
55,72,1,8,3.4,0.9,0.3,0,0.6,3.4,0.6,1.5,321.2
55,75,1,3,0.9,0.1,0.2,0,0.1,0.9,0.1,0.9,102.3
55,79,2,21,10.6,4.4,0.6,0,1.2,10.6,1.2,8.4,1256
55,80,1,2,1,0.4,0.1,0,0.1,1,0.1,0.8,119.6
55,82,3,40,13.8,2.5,1.6,0,1.7,13.8,1.8,12.5,1659.3
55,86,1,6,3.1,0.9,0,0.2,0.4,2.9,0.7,2,294.3
55,89,2,4.5,2,0.2,0,0,0.5,2,0.4,1.1,276.9
55,90,3,148,65,15.9,1.6,1.7,7.7,63.3,8.3,55.1,6108.2
55,91,4,46,19.5,5.1,1.3,0.1,1,19.4,1.7,17.6,2011.7
55,92,5,38.5,16.2,4.1,1.3,0,0.6,16.2,1.1,14.8,1681.1
55,94,2,56,23.7,8.2,1.2,0,0.8,23.7,2.8,18.3,2368.8
55,95,4,273.5,113.2,34.7,8.6,28,21.4,85.2,17.2,49.7,9228.1
55,96,5,161.5,72.1,21.8,2.5,0,4.9,72.1,6,52.6,6363.9
55,97,4,302,115.2,27.5,10.4,4,4.7,111.2,8.3,100.7,11454.3
55,98,2,101,43.8,13.3,1.6,3.6,8.6,40.2,2,39.3,4447.3
55,117,1,5,1.6,0.2,0.3,0,0.1,1.6,0.1,1.4,225
55,118,1,7,3.4,1.1,0.2,0,0.3,3.4,0.4,3.1,335.9
55,119,1,88.5,31.7,3.9,2.3,0,5.5,31.7,5.7,27.2,3211.8
55,120,2,62,25.7,6.2,2.9,0,3,25.7,0.9,23.4,2563.8
55,123,2,74,28.9,5.5,3.2,0,3.2,28.9,4.3,19.5,2605.2
55,124,5,557.5,241.4,86.6,20.3,147.2,50.8,94.2,89.6,68.8,17579.8
55,125,2,52,21.6,5.9,2,3.2,1.2,18.4,1.2,16.9,2094.7
50,4,2,8,2.8,0.7,0.5,0,0.3,2.8,0,2.8,361.7
50,5,2,78,26.8,4.2,3,0,3.4,26.8,3,24.8,3307
50,10,1,9,3.7,1.3,0.2,0,0.4,3.7,0.6,2.7,383.7
50,11,1,1,0.5,0.2,0,0,0,0.5,0,0.5,56.2
50,22,1,4,2.4,1.2,0,0,0.2,2.4,0.3,2.1,282.5
50,29,4,12,5.1,1.7,0.2,0,0.2,5.1,0.5,3.9,553.5
50,32,1,9,3.1,0.7,0.4,0,0.2,3.1,0.2,2.9,353.7
50,38,6,65,23.3,4.4,3.7,0,1.8,23.3,2.8,21.4,2524.3
50,39,6,56,20.9,3.6,2.3,0.2,1.3,20.7,2.3,19.3,2313.5
50,40,1,2,0.8,0.1,0.1,0,0.1,0.8,0.1,0.6,84.2
50,41,1,3,1.3,0.5,0.1,0,0.2,1.3,0.1,1.2,156.4
50,44,4,22,9.7,3.8,0.5,0,1.3,9.7,0.5,8.6,1147
50,48,1,3,1.3,0.3,0.1,0,0.1,1.3,0,1.1,152.6
50,50,1,2,0.9,0.2,0,0,0,0.9,0,0.8,101.8
50,51,1,13,5.2,1.7,0.2,0,0,5.2,0.2,4.7,626.7
50,53,2,17,6.8,2.3,0.3,0,0,6.8,0.3,6.1,819.5
50,56,2,10,4.1,0.8,0.5,0,0.8,4.1,0.3,3.4,454.1
50,57,1,2,0.8,0.2,0.1,0,0.2,0.8,0.1,0.7,90.8
50,58,2,12,4.1,0.6,0.4,0,0,4.1,0.4,4.1,437.3
50,59,1,6,2.3,0.6,0.4,0,0,2.3,0.4,2.3,272.9
50,61,1,1,0.5,0.2,0,0,0,0.5,0,0.4,49.4
50,62,1,2,1,0.5,0,0,0,1,0,0.9,98.8
50,63,1,1,0.5,0.2,0,0,0,0.5,0,0.4,49.4
50,66,1,1,0.4,0.1,0,0,0,0.4,0,0.3,41.1
50,70,2,12,4.3,0.7,0.4,0,0.9,4.3,0.2,3.9,489.1
50,71,1,5,1.8,0.2,0.1,0,0.3,1.8,0.1,1.4,181.3
50,72,1,14,4.9,0.5,0.2,0,0.9,4.9,0.2,4,507.7
50,73,3,23,8.1,0.8,0.4,0,1.5,8.1,0.4,6.5,834.1
50,78,5,14,5.6,1.4,0.8,0,0.4,5.6,0.4,3.8,645.2
50,81,1,1,0.4,0.1,0.1,0,0,0.4,0,0.3,46.1
50,87,1,2,0.9,0.1,0,0,0.3,0.9,0.2,0.5,134.6
50,91,2,6,2.7,0.3,0,0,0.9,2.7,0.5,1.4,403.7
50,93,1,4,1.4,0.2,0.1,0,0,1.4,0.2,1.2,155.1
50,95,3,200,85.5,26.2,4.3,2,6.4,83.5,10.1,69.1,8355.2
50,96,3,144,53,7.6,2.7,0,0.2,53,0,50.2,5745.4
50,97,1,10,3.3,0.5,0.5,0,0,3.3,0,3,404.7
50,99,3,111,41,7.5,4.5,0,3.5,41,2.4,34.5,4372.6
50,100,5,40,16,3.8,1.3,0,1.3,16,1.1,14.7,1791.2
50,110,1,2,0.7,0.1,0.1,0,0,0.7,0.1,0.6,78.6
50,120,1,17,6.9,1.6,0.3,0,0.9,6.9,0.7,6.3,705.4
50,123,1,9,3.5,1,0.8,0,0.3,3.5,0.3,1.5,393.2
50,124,2,31.5,13.2,4.2,2.2,0,0.9,13.2,1.4,5.5,1369.3
54,1,4,72,34.1,10.3,0.5,0.5,1.5,33.6,1.5,31.1,3534.2
54,2,4,67,31,8.4,1.5,4.5,2.5,26.5,1.5,24,3322.3
54,3,4,33,14.7,4.7,0.4,0,1.1,14.7,2.2,12.6,1476.4
54,6,1,6,2.8,1.3,0.1,0,0.2,2.8,0.2,2.2,367.5
54,7,2,5,2.4,1.1,0.1,0,0.1,2.4,0.1,1.9,306.2
54,12,1,12,4.6,1.1,0.9,0.2,0.5,4.4,0.7,3.5,514.6
54,14,1,1,0.4,0.1,0.1,0,0,0.4,0.1,0.3,42.9
54,18,1,2,1.2,0.6,0,0,0.1,1.2,0.1,1,141.3
54,20,1,2,1.2,0.6,0,0,0.1,1.2,0.1,1,141.3
54,23,1,9,3.9,1.5,0.3,0,0.1,3.9,0.8,3.6,406.8
54,34,0,203,92,29,6,8,9,84,8,72,8425
54,35,4,116,56.9,18.8,0.5,1,5.5,55.9,4.7,41.2,5449.8
54,36,1,301,160.2,71.7,4.2,46,22.2,114.2,24.6,72.6,13854
54,37,4,84.5,44.1,16.4,1.3,4,4.5,40.1,2,29.4,4449.3
54,42,3,62,26.7,11,1.7,0,1,26.7,3.7,21.6,2555.3
54,43,5,53,23,7.1,1.6,0,0,23,3.1,18.1,2673.7
54,51,1,3,1.2,0.4,0.1,0,0,1.2,0.1,1.1,144.6
54,60,1,7,3.7,1.7,0,0,0,3.7,0,3,345.7
54,61,5,55,30.9,15.2,0.2,0.2,1,30.7,4.2,9.4,2323.4
54,62,0,642.5,346,175,15,176,45,170,93,129,27684
54,63,3,287,140.6,53.4,5.3,19,16,121.6,9.2,95.1,12234
54,64,1,1,0.4,0.1,0,0,0,0.4,0,0.3,43.6
54,65,2,4,1.8,0.4,0,0,0,1.8,0,1.2,174.4
54,71,1,3,1.3,0.3,0.1,0,0.1,1.3,0.1,1,122.5
54,72,1,3,1.3,0.3,0.1,0,0.1,1.3,0.1,1,122.5
54,76,2,8,3.3,0.9,0.1,0,0.4,3.3,0.1,2.7,326.8
54,79,1,4,1.5,0.4,0.1,0,0,1.5,0.2,1.2,174.2
54,82,2,17,5.5,0.7,0.7,0,0.7,5.5,0.7,5.1,660.6
54,83,1,7,2.8,0.9,0.3,0,0.4,2.8,0.4,2.4,298.4
54,84,1,1,0.4,0.1,0,0,0.1,0.4,0.1,0.3,42.6
54,86,4,58,21.7,3.6,0.8,0,2.1,21.7,2.3,20.8,2198.9
54,92,2,14,4.9,0.7,0.5,0,0.2,4.9,0.7,4.1,542.7
54,94,4,211,74.2,13.3,11,0,12.8,74.2,9.8,53.8,7298.6
54,95,2,260.5,108.1,34,10.4,17,15.3,91.1,15.1,67.6,10304.4
54,96,1,8,3.3,0.8,0.3,0,0.2,3.3,0.1,2.9,328.4
54,100,5,97,42.1,13,0.9,0,1.9,42.1,3,39.1,3808.9
54,106,1,6,2,0.3,0.2,0.1,0.1,1.9,0.2,1.8,235.7
54,113,2,21.5,8.8,2.4,0.4,0,0,8.8,0.4,8.8,1139.7
54,114,2,3,1.2,0.3,0,0,0,1.2,0,1.2,159
54,116,1,2,0.6,0.1,0.1,0,0.1,0.6,0.1,0.6,67.5
54,118,3,9,4.4,1.4,0.3,0,0.4,4.4,0.5,4,431.9
54,119,7,85,36.6,9.1,2.3,0,4.3,36.6,3.4,33.7,3661.5
54,120,2,16,6,0.9,0.4,0,0.9,6,0.4,5.7,608.7
54,123,1,4,1.8,0.9,0.4,0.3,0.1,1.5,0.4,1,181.2
54,124,1,6,2.6,1.3,0.6,0.4,0.2,2.2,0.6,1.5,271.9
98,2,1,8,3,0.8,0.6,0.1,0.9,2.9,0.7,2.3,399
98,17,5,22,9.8,2.2,0.1,0,1.1,9.8,1.4,9.1,1060
98,18,3,40.5,19.1,5.8,0.4,0,1.4,19.1,3.2,14.5,2395.1
98,19,2,17,8,3.1,0.2,0,0.4,8,1.2,6.3,898.9
98,30,2,46,25.1,10.3,0.3,0,4.2,25.1,9.1,10.9,2051.9
98,31,4,260,112.3,32.5,8.1,9,6.7,103.3,10.2,79.6,11686.3
98,37,3,21,6.9,1.4,1,0.6,0.5,6.3,1,4.4,889.8
98,46,3,29.5,11.4,2.8,1.3,0.4,0.9,11,2,9.3,1354.6
98,53,2,70.5,26.6,6.3,1.7,0,2.9,26.6,2.6,25.4,3292.8
98,54,1,1,0.5,0.2,0,0,0,0.5,0,0.4,54.4
98,60,2,40,18.1,6.4,1.5,1.5,0.9,16.6,2,15.6,2394.1
98,61,1,78.5,30.8,5.7,1.4,1,1.4,29.8,2.4,26.9,3708.9
98,69,2,33,14.7,5.9,2.3,0,0,14.7,1.3,12.3,1867.3
98,70,1,2,0.9,0.3,0.1,0,0,0.9,0.1,0.8,117.1
98,81,2,4,1.8,0.3,0,0.1,0,1.7,0.2,1.5,236
98,82,4,183.5,79,16.2,2,0.2,8.9,78.8,2.3,66.6,9686.4
98,83,4,27,10.6,1.7,0.3,0,1.9,10.6,0,8.3,1442.2
98,84,1,5,1.8,0.2,0,0,0.1,1.8,0.1,1.8,228.9
98,85,5,43,15.6,2.1,0,0.3,0.5,15.3,0.6,14.7,1976.1
98,92,4,51,22.4,5.9,1.2,0,0.5,22.4,0.4,21.6,2416.2
98,93,2,12,4.8,1.4,0.2,0.4,0.3,4.4,0.4,3.9,522
98,94,3,74,31.1,7.9,0.9,2.6,2.2,28.5,1.5,26.3,3092.7
98,95,2,72.5,38.5,16.5,0.1,0,2.2,38.5,2,31.2,4216.2
98,96,5,386,173.1,67.1,5.5,20.5,12.3,152.6,8.1,129.9,18048.2
98,105,2,12,4.4,0.8,0.8,0,0.8,4.4,0.8,4,555.2
98,108,1,8,3.2,0.8,0.1,0,0,3.2,0.1,2.9,479.6
98,114,2,33.5,10.5,0.5,1.5,0.1,1.1,10.4,0.8,9.1,1322
98,115,4,305,118.5,25.8,9,2.6,10.8,115.9,9.1,91,13572.2
98,116,1,4,1.3,0.2,0.2,0,0.1,1.3,0.1,0.9,153.1
98,118,2,23.5,9.7,2,0.3,0.6,0.9,9.1,0.1,7.4,1200.6
98,119,5,83,34.4,7.5,0.4,0.8,1.2,33.6,0.9,26.6,4124.9
98,122,4,47.5,17.4,0.7,0.8,0,3,17.4,0.7,14.8,2517.4
79,0,1,9,4.1,1.6,0.1,0,0.3,4.1,0.1,3.5,411.7
79,1,3,428.5,201.4,69.8,8,25,18,176.4,22.3,154.7,18122.8
79,2,0,41.5,15,1,0,0,1,15,0,15,1610
79,5,4,65,28,7.3,1.5,0,0,28,1.1,25.8,3773.4
79,17,1,2,1,0.3,0,0,0,1,0.2,1,131.3
79,38,2,33,16.1,4.6,0,0,1.5,16.1,2.3,13.8,1545.7
79,39,2,49,23.9,10.4,2,0,2.5,23.9,2.7,22.1,2239.4
79,46,1,2,0.9,0.3,0.1,0,0.1,0.9,0.1,0.8,110.9
79,49,1,1,0.4,0.1,0,0,0,0.4,0,0.4,55.5
79,51,1,2,0.8,0.2,0.1,0,0.2,0.8,0.1,0.5,89.6
79,52,1,12,4.8,1,0.4,0,1,4.8,0.6,2.9,537.4
79,53,4,66,26.1,5.2,2,0,5.2,26.1,3.1,15.7,2955.7
79,64,1,2,0.9,0.2,0,0,0,0.9,0.3,0.8,108
79,66,1,1,0.4,0.1,0,0,0,0.4,0,0.3,51.8
79,72,1,5,2.5,0.8,0,0,0.2,2.5,0,2.2,300.9
79,73,1,1,0.5,0.2,0,0,0,0.5,0,0.4,60.2
79,75,2,7,4,2.3,0,0,0,4,0.3,3,437
79,76,7,57,22,3.3,2.3,0.8,3.1,21.2,1.7,20,2612
79,93,1,2,1,0.4,0,0,0,1,0,0.8,113.4
79,94,2,4,2,0.8,0.1,0,0.1,2,0.1,1.7,226.8
79,99,3,44,16.1,4.2,2.3,0,0.7,16.1,0.5,12.6,1669
79,106,3,17,6.1,1.3,0.9,0.4,0.4,5.7,1.3,4.4,764.1
79,108,1,4,1.4,0.3,0.2,0.1,0.1,1.3,0.3,1,179.8
79,120,1,3,1,0.1,0.2,0.1,0.1,0.9,0.2,0.9,186.9
79,127,3,63.5,26.6,4,0,0,1.8,26.6,1,24.6,2964.4
13,0,1,386,166.1,69.2,17.2,61,21,105.1,40.1,45.9,11042.2
13,1,1,434,172.4,55,19.4,65.5,25.3,106.9,35.4,78.4,13777.3
13,2,3,77,28.5,5.1,4.3,0.9,2.5,27.6,2,26.2,2909.8
13,12,1,4,2,1.1,0,0,0.3,2,0.2,1.7,235.3
13,13,1,4,1.2,0.1,0.3,0,0,1.2,0,1,174.5
13,14,1,7,2.1,0.2,0.5,0,0,2.1,0,1.7,305.4
13,18,1,1,0.4,0.1,0,0,0,0.4,0,0.3,45.2
13,25,1,3,1.1,0.3,0.1,0,0,1.1,0,0.9,123.9
13,31,5,104,40.1,8.8,3.8,0,2.9,40.1,3.5,35.9,4453
13,34,1,3,1.1,0.1,0.2,0,0.3,1.1,0,0.9,145.2
13,36,2,16,6,0.5,1,0,1.5,6,0,5,774.5
13,39,1,2,0.9,0.1,0,0,0.1,0.9,0,0.7,107.4
13,40,3,15,6.6,1.2,0.2,0,0.6,6.6,0.2,5.6,763.5
13,44,5,61,24.2,4.9,2.1,0.5,0.7,23.7,1.8,18.5,2657.8
13,45,1,486,185.1,45.8,19.2,17,14.3,168.1,14.1,147.5,18835.7
13,46,3,16,6.9,1.8,0.4,0.2,0.3,6.7,0.9,5.5,665.3
13,50,4,38,16.7,2.8,0.6,0.6,0.6,16.1,0,13.9,1788.3
13,51,3,67,27.4,8,2.3,0.2,0.5,27.2,1,26.1,3217.1
13,52,1,60.5,24.7,4.8,0.2,4,5.3,20.7,3,19.7,2190.7
13,53,4,58,20.2,2.8,1.8,0,3.7,20.2,0.3,19.4,2335.9
13,56,1,1,0.4,0.1,0,0,0,0.4,0,0.4,36.3
13,57,1,3,1.4,0.5,0.1,0,0.1,1.4,0.2,1.2,161.2
13,59,5,61,23.7,6,2.1,0.1,0.9,23.6,0.9,20.7,3064.3
13,60,3,91,33,5.1,2.8,0.2,2,32.8,1.7,31.5,4024.7
13,62,4,77.5,28.6,4.1,2.5,0,1,28.6,1.5,27.4,3735.7
13,67,1,4,1.4,0.2,0.1,0.1,0.1,1.3,0,1,146.6
13,69,0,24,11,3,0,0,0,11,0,10,1099
13,70,2,32,13,3.8,0.5,0,0.5,13,1.4,10.4,1521.2
13,71,3,26,9.4,1.6,0.8,0,1.1,9.4,0.6,8.1,1130.5
13,72,4,305,118.5,25.6,10.3,1,16,117.5,5.5,102.9,12511.9
13,73,3,13,5.3,1.5,0.5,0,0.3,5.3,0.5,5,570.3
13,74,3,37,13.7,3.2,0.9,0,0.5,13.7,1.3,13.1,1400.4
13,75,3,53,20,4.7,0.3,0.2,2.3,19.8,1.3,18.5,1945.5
13,80,4,51.5,22.2,7.6,2.6,0,2.7,22.2,0.8,21.2,2793.9
13,83,1,1,0.5,0.2,0,0,0,0.5,0.1,0.5,46
13,84,3,59.5,25.4,4.4,0.3,0.4,5.9,25,2.9,23.2,2856
13,85,3,411.5,168.5,47.3,8.7,32,22,136.5,17,116.2,14927.2
13,86,3,122.5,41.1,7.2,5.7,2.1,2.6,39,2.6,38.4,4001.5
13,87,2,72.5,26.7,6.6,2.1,0.8,4.3,25.9,1.3,21.5,2496.7
13,89,2,45,17.9,5.4,0.9,0.4,0.3,17.5,2.9,17.3,1905
13,90,1,2,0.7,0.1,0.1,0,0,0.7,0.1,0.6,83.8
13,93,3,64,23.5,3.9,1.6,0.5,1.8,23,0.1,20.1,2510.2
13,94,2,15,5.6,1.1,0.4,0,0.5,5.6,0.1,5.2,623.4
13,95,4,11,3.6,0.3,0.3,0,0.4,3.6,0,3.3,403.7
13,109,2,6,2.5,1.1,0.2,0,0.1,2.5,0,2.2,327.4
13,117,6,45,17.1,5.3,1.7,0,1.2,17.1,3.6,11.4,2133.3
13,119,2,3,1.2,0.3,0,0,0,1.2,0,0.9,121.2
13,122,2,10,3.8,0.9,0.8,0.6,0.2,3.2,0.3,1.4,362.1
13,123,1,11,4.1,1,0.8,0.6,0.2,3.5,0.4,1.6,398.3
13,126,4,34,15,5,1.6,0,1.6,15,1.6,13.6,1534
15,1,4,397.5,153.9,31.9,11.9,8,13.2,145.9,14.5,135.7,15557.4
15,2,5,178.5,69.6,14.2,3.4,0,5.1,69.6,5.2,64,6683.8
15,3,1,155.5,50.5,8.5,10.2,11.9,2.2,38.6,9.6,36,4535.6
15,4,2,59,24,8.6,1.9,2.7,1.9,21.3,3.3,19.3,2367.6
15,5,5,95,35.4,6,3.4,0.5,1.9,34.9,1.7,28.3,4462.2
15,13,1,4,1.2,0.1,0.3,0,0,1.2,0,1,174.5
15,15,2,13,5.9,2.1,0.6,0,0.6,5.9,0.9,4.1,615.1
15,18,2,30,10.9,2.2,1.4,0,0,10.9,1.4,10.2,1357.3
15,19,5,89,30.7,4.9,3.9,2.5,4,28.2,2.4,27.9,3091.1
15,20,1,12,5.1,1.6,0.5,0,0,5.1,0.3,4.8,513.1
15,21,2,5,2,0.5,0.3,0,0,2,0.3,1.1,259.3
15,23,1,10,4,1,0.7,0,0,4,0.7,1.7,541.3
15,26,3,76,24.9,4.9,4.8,0,1.8,24.9,3.2,19.9,2755.9
15,27,3,121.5,42.1,5.6,6.1,0,3.1,42.1,1.7,36.5,5273.2
15,29,1,13,4.1,0,0.4,0,1.1,4.1,0.6,3,578.2
15,30,3,37,11.3,0,0.8,0,2.2,11.3,1.4,8.8,1493.8
15,33,2,42.5,14.7,1.8,2.1,0.3,1.5,14.4,1.5,11.6,2010.8
15,34,3,376.5,144.4,41.4,15.5,22.5,12.6,121.9,18.5,108.5,13605.4
15,35,0,107,35,5,6,10,6,25,2,25,3468
15,37,1,4,1.8,0.6,0.1,0,0.1,1.8,0.1,1.6,249.4
15,38,2,12,3.6,0.4,0.6,0,0.4,3.6,0.4,3,524
15,40,3,14,4.2,0.3,0.8,0,0.3,4.2,0.3,3.6,611.3
15,44,2,16,5.2,0.7,0.8,0,0.4,5.2,0.6,4,678.1
15,45,5,53,20.5,5.7,1.4,0,1.6,20.5,1,17.6,2173.9
15,46,4,70,29.1,9.7,1.2,0,0.7,29.1,1.7,21.3,3670.1
15,48,4,57,21.7,3.5,0.9,0.5,3,21.2,1.5,18.1,2802.8
15,49,2,32.5,12.5,2,0.6,0.4,1.6,12.1,1,10.1,1721.3
15,50,1,2,0.7,0.1,0,0,0.1,0.7,0,0.7,82.5
15,51,2,97,42.1,14.1,1.7,1,5.1,41.1,7.4,36.6,4710.1
15,52,2,57,21.3,6.4,4.6,0,2.3,21.3,3.4,16.4,2244.4
15,53,4,131,49.6,12.2,6.5,0.9,2.6,48.7,3.4,44.4,5604.3
15,54,2,2,0.8,0.2,0,0,0,0.8,0,0.6,75.4
15,55,2,33,13.8,4.8,1.4,0,0,13.8,0.7,12.4,1403.2
15,56,1,7,3.3,1.2,0.2,0,0.2,3.3,0.4,2.9,376.2
15,58,1,6,2.3,0.6,0.3,0,0,2.3,0.1,1.9,307.1
15,60,1,9,4,1.1,0.2,0.2,0.5,3.8,0.1,2.8,447.1
15,61,1,3,1.1,0.2,0.2,0,0.1,1.1,0,0.9,116.1
15,64,1,18,7.6,3.5,0.7,0,0,7.6,0.7,5.5,875.8
15,68,1,12,4.9,1.6,0.6,0,0.6,4.9,0.6,2.6,631.1
15,69,4,128,45.8,11.3,6.9,2.1,4.9,43.7,1,36.8,5052.9
15,72,1,49,18.8,1.3,1.2,0,4.2,18.8,2.1,16.5,2208.5
15,73,3,74.5,29.3,5.6,3,0,2.9,29.3,3.9,24.6,3349.7
15,76,2,43,16.3,2.7,1.2,0.8,1.9,15.5,1.9,13.7,1890.1
15,79,4,69,25.1,4.4,2,2.1,4,23,3.1,20.9,2759.1
15,81,2,7,2.5,0.5,0.3,0,0.1,2.5,0.5,2.2,255.4
15,82,3,369.5,155.4,48.7,15.4,29,22.5,126.4,22.5,108.5,12817.4
15,83,4,183.5,78.2,27.6,5.5,3.3,6.7,74.9,4.5,70,7446.6
15,84,5,112.5,45.8,11.5,1.8,0.5,3.4,45.3,2.4,43,5142.1
15,85,3,25.5,10.2,2.3,0.3,0.3,2.3,9.9,1.4,10.2,1076.6
15,86,2,59,24.4,4.5,0.8,0.3,0.7,24.1,0.9,23.1,2575.6
15,87,4,121.5,45.2,11.1,5.3,0,2.6,45.2,4.9,39.9,4372.9
15,88,3,23,9,1.8,0.4,0.4,0.3,8.6,0.5,7.7,865.8
15,89,3,65,27.1,4.6,1,0.5,2.6,26.6,0.8,24.3,2763.9
15,90,8,55,19.5,2,1.7,0.2,1,19.3,0.7,18.4,2059.4
15,91,4,81.5,30.2,5.1,1.3,0,2.6,30.2,2.1,29.8,3092.3
15,93,2,139.5,56,12.9,5.9,0.6,9.2,55.4,5.7,49.9,5542.2
15,94,2,392,149.5,39.7,16.6,10.1,16.6,139.4,11.2,118.9,14965
15,106,1,2,0.9,0.3,0.1,0.1,0.1,0.8,0,0.7,94.8
15,107,3,255,101.8,34.2,11.7,10,12,91.8,16.7,85.9,10148.2
15,108,2,11,3.9,1,0.4,0,0.1,3.9,0,3.4,503.2
15,112,5,101.5,34.3,4.9,5.2,1.7,0,32.6,1.2,28.5,3805
15,113,3,230.5,83.9,19.7,11.8,1,6.9,82.9,6,73.9,9594.6
15,125,1,13,4.4,0.3,0.6,0,0.6,4.4,0.9,4.1,521.2
15,126,4,131,53,14,3,0,6,53,2,49,5493
15,127,2,7.5,2.9,0.6,0.3,0,0.3,2.9,0.2,2.9,277.1
10,3,3,222,81.7,15,11.1,0,6.9,81.7,6.9,60.6,8896.5
10,4,3,74.5,30.7,6.4,3.7,0.2,2.3,30.5,3.3,28.2,3484.7
10,8,4,44,19,6.2,0.9,1.5,2.1,17.5,1.8,10.9,2378.5
10,14,1,10,3,0.2,0.7,0,0,3,0,2.4,436.3
10,16,1,5,1.5,0.1,0.3,0,0,1.5,0,1.2,218.2
10,20,1,3,1.3,0.3,0.1,0,0.1,1.3,0,1,155.4
10,21,5,37,14.4,3.5,2.1,1.5,0.9,12.9,0.6,11,1506.4
10,22,1,2,0.7,0.2,0.1,0.1,0.1,0.6,0.1,0.5,67.9
10,24,1,4,1.3,0,0.1,0,0.3,1.3,0.2,0.9,177.9
10,29,2,10,3.2,0.4,0.4,0,0.2,3.2,0,3,406
10,31,1,4,1.6,0.7,0.3,0,0,1.6,0.1,1.4,194.6
10,32,3,4,1.6,0.8,0.3,0,0,1.6,0,1.5,194.5
10,34,1,1,0.3,0,0,0,0,0.3,0,0.3,39.3
10,35,4,46,14.6,1.6,2.2,0,0.7,14.6,0.6,13.9,1852.3
10,36,2,34,10.4,0.4,1.4,0,0,10.4,0.4,10.4,1336.4
10,40,5,77.5,28.3,4.6,2.2,0,3,28.3,3,22.5,3075.9
10,41,2,487,170,25.7,25.4,4,19.9,166,11.7,147.5,17274.6
10,42,3,100.5,31.3,3.3,4.8,0.7,4.6,30.6,1.3,27.5,3502.2
10,46,2,18,6.8,0.9,0.3,0.2,0.4,6.6,0.2,6.6,901.6
10,47,1,9,3.6,1,0,0.5,0.3,3.1,0.5,3.1,423
10,49,1,3,1.2,0.1,0.2,0,0.1,1.2,0.1,1,151.2
10,51,6,41,14.4,1.8,2.8,0,1.4,14.4,1.4,12.5,1893.7
10,52,2,10,3.4,0.5,0.4,0,0.3,3.4,0.1,3.2,451.4
10,53,4,47.5,18.4,2.3,1.3,0,2.3,18.4,1,18.4,2467.8
10,55,3,117,56.4,19.6,0.7,6.3,5.7,50.1,3.1,44.3,5243.4
10,56,3,265,92.2,8.4,8.3,0,8.4,92.2,6.4,86.2,10249.6
10,57,2,157,53.6,10.5,6.5,0,6,53.6,6.3,50.8,6872.9
10,58,2,13,4.6,0.7,0.2,0,0.5,4.6,0.5,4.1,529.8
10,59,3,11,4.4,0.6,0.1,0,0.3,4.4,0.4,4,559.6
10,60,4,57,23.3,3.6,0.7,0.4,1.9,22.9,2.1,20.7,2943.6
10,62,4,86.5,28.5,3.3,2.9,0,1.1,28.5,2.2,24.5,3179.6
10,63,3,72,24.5,3.9,2.4,0.8,2.8,23.7,2.4,22.2,2903.2
10,64,2,12,4.3,1.1,0.3,0,0.5,4.3,0.7,4.2,538.7
10,66,1,10,3.2,0.4,0.4,0,0.2,3.2,0,2.8,435.8
10,67,1,1,0.4,0.1,0,0,0.1,0.4,0.1,0.4,48.9
10,69,3,48,17.8,3.2,0.2,0.1,1,17.7,1.9,16.5,2274.8
10,71,1,6,2.3,0.6,0,0,0,2.3,0,2.1,242.9
10,72,2,5,1.9,0.4,0.4,0,0.1,1.9,0,1.7,210.9
10,73,3,35,13.8,3.3,1.8,1,1,12.8,0.2,12,1548.9
10,74,3,21,7.4,1.7,1.1,1.2,0.7,6.2,0.6,5.5,772.1
10,75,1,4,1.3,0.3,0.2,0.3,0.1,1,0.2,0.8,119.8
10,80,1,3.5,1.3,0.4,0.1,0.5,0.1,0.8,0.2,0.9,128.8
10,82,2,7,2.3,0.4,0.4,0,0.1,2.3,0.1,1.7,251.6
10,84,1,1,0.4,0.1,0,0,0,0.4,0,0.3,37
10,86,1,3,1.2,0.2,0,0,0.2,1.2,0.2,0.9,113.8
10,87,2,11,4.2,0.5,0.2,0,0.9,4.2,0.5,3.1,417.1
10,88,2,21,7.5,0.8,0.7,0.2,1,7.3,0.9,6.8,836.7
10,89,1,2,0.7,0,0.1,0,0.1,0.7,0.1,0.7,79.8
10,90,3,6,2.4,0.7,0.1,0.4,0.1,2,0.4,1.8,237
10,93,1,10,3.3,1.1,0.7,0,0,3.3,0.4,3.1,346.4
10,96,1,7,2.6,0.5,0.2,0,0.3,2.6,0.2,1.6,287.9
10,101,1,16,5.3,0.6,1,0,0.6,5.3,0.6,4.4,591.8
10,112,1,6,2.4,0.9,0.1,0,0.2,2.4,0.5,1.4,265.8
10,117,4,17,6.8,2.5,0.2,0,0.6,6.8,1.5,4,753.1
10,118,1,4,1.7,0.4,0.1,0,0,1.7,0.1,1.2,161.5
10,119,1,8,3.3,0.8,0.2,0,0,3.3,0.2,2.3,323
10,122,1,6,2.1,0.3,0.3,0.5,0.3,1.6,0,1.1,217.6
10,123,4,289.5,110.6,26.6,9.2,4.3,7.7,106.3,5.3,98.9,10622.2
10,124,2,62,24.6,5,1.3,0.4,1.1,24.2,0.2,24.1,2458.2
10,125,1,52,22.8,5.5,1,0,2.1,22.8,2,22.8,2251.2
10,126,2,3,2.3,1.6,0,0,0.2,2.3,0,2.3,327.7
12,0,3,497,194,43.7,22,49.3,25.3,144.7,21.7,133.7,16242.3
12,1,7,154,57.4,12.5,7.7,7.6,2.9,49.8,4.2,48.2,5860.1
12,2,3,27,10.7,2.5,1,1.2,0.8,9.5,1,8.4,1095.6
12,3,1,1,0.4,0.1,0,0,0,0.4,0,0.4,42.8
12,15,1,2,0.6,0,0.1,0,0,0.6,0,0.5,87.3
12,27,6,42.5,21.1,8.1,0,1.2,0,19.9,0,17.9,2603.1
12,31,2,31,12,2.9,1.2,0,1.2,12,1.5,10.2,1282.1
12,34,1,5,1.9,0.3,0.1,0,0,1.9,0,1.9,232.9
12,38,2,6,2.6,0.2,0,0,0.2,2.6,0,2.2,322.1
12,39,2,8,3.5,0.3,0,0,0.3,3.5,0,2.9,429.5
12,40,2,8,3.5,1.1,0.3,0,0.3,3.5,0.3,3.2,373.9
12,41,1,16,6.9,2.1,0.5,0,0.5,6.9,0.5,6.4,747.7
12,43,1,64.5,20.8,3.9,3.6,0,2.9,20.8,2.3,18.3,2489
12,44,2,61.5,18.3,0.9,2.6,0,3.9,18.3,2.3,15.8,2102.6
12,45,1,6,2.8,0.8,0.2,0.2,0,2.6,0.6,2.2,261.4
12,46,1,7,2.5,0.3,0.2,0,0.2,2.5,0.1,2.3,327.2
12,47,4,41,14.4,1.7,1.1,0,1.1,14.4,0.6,13.2,1916.6
12,48,1,1,0.4,0.1,0,0,0,0.4,0,0.4,47.1
12,51,2,10,4.4,0.8,0.1,0.2,0.1,4.2,0,3.7,461
12,52,5,291.5,119.6,30.5,7.7,20,5.3,99.6,5,97.6,11524.6
12,53,1,19,8.5,2,0.3,0.3,1.2,8.2,0.6,8.2,972.2
12,54,7,48.5,21.4,5.1,0.7,0.7,2.8,20.7,1.5,20.6,2414.8
12,57,4,27,10.4,2.2,0,0,0,10.4,0.7,9.6,980.1
12,58,2,35,13.8,3.5,0.5,0,1.2,13.8,0.5,12.6,1742
12,59,1,2,0.7,0.1,0.1,0,0,0.7,0.1,0.7,88.5
12,60,6,54,20.1,3.8,1.6,0,0.8,20.1,1.6,18.8,2388.6
12,61,4,142.5,51.4,8.5,4.1,0,2.4,51.4,3.1,46.8,6355.1
12,65,5,37,15.1,3.8,1.9,0,3,15.1,0,12.4,1676.4
12,66,1,16,5.5,0.8,0.3,0.2,0.5,5.3,0.2,4,586.3
12,67,5,129,41.1,6,6.7,0.8,3.4,40.3,0.7,32.1,4542.1
12,72,3,134,50,10.4,4.4,2,1.9,48,3.9,43.5,5868.9
12,73,2,14,5.1,1.1,0.3,0,0.2,5.1,0.5,5,518.6
12,74,7,111,46.6,13.8,3.1,0.4,4.9,46.2,2.6,43.1,4758.3
12,75,5,105,40.1,8.4,2.5,2.4,5,37.7,4,34.5,4417.4
12,76,1,1,0.4,0.1,0,0,0,0.4,0,0.3,44
12,77,2,5,1.9,0.3,0.2,0.1,0.2,1.8,0.2,1.6,219.8
12,78,2,20,6.4,1.2,1.2,0.4,1.2,6,1.6,3.6,648
12,80,4,43,19.1,5.6,1.6,0,2.4,19.1,3.1,15.9,1983.6
12,81,2,17,6.5,0.5,0,0,0,6.5,0,5.5,990
12,82,2,97,36.5,7.5,4,2,3,34.5,2,29.5,3753
12,83,4,31,15.5,7.3,0,0,0,15.5,2.3,14.1,1424.6
12,84,1,3,1.3,0.4,0,0.1,0.3,1.2,0.2,1.2,159.4
12,85,3,92.5,40,13.9,2,14.7,7.2,25.3,2.5,23.5,4160.7
12,86,1,4,1.3,0.2,0.1,0.1,0,1.2,0,1.1,118.8
12,88,1,4,1.3,0.3,0.2,0.1,0.1,1.2,0.2,1.3,140.1
12,89,4,175.5,67.4,19.5,6.6,0.9,4.8,66.5,6.3,53.7,6792.1
12,91,2,35,13.5,3.6,0.5,1.4,0.7,12.1,0.3,10.9,1518.7
12,95,1,2,0.6,0.1,0.1,0,0.1,0.6,0,0.6,73.4
12,97,1,4,1.3,0.1,0.1,0,0.2,1.3,0,1.2,146.8
12,99,1,5,1.9,0.4,0.3,0,0,1.9,0,1.8,192.4
12,102,1,3,1.1,0.3,0.2,0,0.1,1.1,0,1.1,123.5
12,105,1,7,2.5,0.5,0.3,0,0.1,2.5,0.3,2.2,254.7
12,106,2,6,2.1,0.4,0.3,0,0,2.1,0.3,1.9,218.3
12,108,2,3,1.3,0.6,0.1,0,0,1.3,0,1.1,163.7
12,109,3,111,42.6,12.7,7.1,1,2.5,41.6,1,38.5,5212.8
12,114,1,4,1.6,0.6,0.1,0,0.1,1.6,0.4,0.9,177.2
12,115,1,1,0.4,0.1,0,0,0,0.4,0.1,0.2,44.3
12,117,2,27,10,2.3,1.8,0,0.6,10,1.8,7.7,1394.6
12,123,3,32.5,12.1,3,2.4,1.8,0.6,10.3,1.2,4.8,1176.7
12,126,4,28.5,13,4.8,1.3,0,1.3,13,1.3,11.5,1335.9
12,127,4,27,12.3,4.5,1.2,0,1.2,12.3,1.2,11,1265.5
9,3,1,3,1.3,0.4,0.2,0.1,0,1.2,0.2,0.9,145.8
9,4,2,107,43.8,8.8,3,1.4,6.4,42.4,4.8,31.6,5190
9,8,1,2,0.8,0,0,0.1,0,0.7,0,0.4,88.3
9,14,1,3,0.9,0.1,0.2,0,0,0.9,0,0.7,130.9
9,17,1,6,1.8,0.1,0.4,0,0,1.8,0,1.4,261.8
9,19,1,5,2.1,0.4,0,0,0,2.1,0.2,1.6,203.8
9,27,1,2,0.6,0,0.1,0,0.2,0.6,0.1,0.5,89
9,30,4,164.5,57.4,9.7,6,2,3.9,55.4,2.3,49.5,6974
9,31,2,98,32.2,4.1,6.9,0,1.8,32.2,1.4,31.2,4303.2
9,37,1,5,1.7,0.4,0.3,0,0.2,1.7,0.1,1.5,210.4
9,40,1,3,1,0.1,0.1,0,0.1,1,0.1,0.7,99.1
9,41,2,37,11.3,1.3,2.2,0.8,2.7,10.5,1.3,7,1186.2
9,42,1,18,5.5,0.6,1.1,0.4,1.3,5.1,0.6,3.4,577.1
9,45,1,22,8.2,0.9,0.5,0,0.5,8.2,0,8.2,1115.6
9,48,3,78.5,25.8,2.2,4.8,2.3,2.9,23.5,2.8,21.3,3046.1
9,55,1,100.5,33.9,7.3,7.4,0.5,2.9,33.4,3.9,30,3654.8
9,56,5,176,66.4,14.3,6.8,0.3,5.8,66.1,3.1,58.6,7014.2
9,57,2,29.5,12.5,2.9,0.6,0,1.1,12.5,0.9,10.4,1384
9,58,1,4,1.9,0.5,0,0.1,0.2,1.8,0,1.5,257.9
9,60,2,9,4.3,1.1,0,0.3,0.5,4,0,3.4,580.3
9,64,2,33.5,10.9,1.1,1.1,1.1,1.6,9.8,0,8.7,1231
9,65,2,47,20.3,7.4,1.2,2,3.1,18.3,3.2,15.2,1928.3
9,66,1,2,0.6,0.1,0.1,0,0,0.6,0,0.6,87.2
9,67,2,49,18.4,4.8,1.8,0,0.3,18.4,0,16.7,2087.7
9,69,2,14,5.2,1.2,0.2,0.1,0.3,5.1,0.4,4.7,591.3
9,70,3,25,9.5,2.6,0.5,0.3,0.5,9.2,0.5,8,925.9
9,71,3,53,20.1,5.5,1.1,0.5,1.1,19.6,1.1,17.2,1983.6
9,72,1,18,7,1.7,0,0,0,7,0,6.4,728.7
9,73,0,40.5,12,1,3,0,3,12,1,9,1653
9,74,5,179,73,18.2,4.7,0.5,9.7,72.5,4.2,63.5,7136.2
9,75,2,145,59.1,13.8,3.6,3,11.5,56.1,3.6,47.5,5626.4
9,77,1,48,15.4,2.7,2.7,0,0,15.4,0,10.9,1252.5
9,78,1,1,0.4,0.1,0,0,0,0.4,0.1,0.3,36.4
9,79,3,53.5,23.3,6.5,0.9,0,1.9,23.3,3.7,15.8,1948.3
9,81,3,11,3.6,0.6,0.6,0,0.2,3.6,0.2,2.7,395.4
9,83,2,39,14.4,3.2,1.6,0,1.1,14.4,1.1,12.8,1300.8
9,84,1,2,0.7,0.2,0.1,0,0.1,0.7,0.1,0.7,66.7
9,85,3,372.5,136.4,32.1,17.1,11.9,13.8,124.5,9.8,113,12516.2
9,86,5,46,16.8,2.4,1.8,0.9,2.4,15.9,1.8,12.9,1789.6
9,87,1,4,1.5,0.2,0.1,0,0.3,1.5,0.2,1.1,151.7
9,88,2,14,5.5,1.8,0.3,0.7,0.3,4.8,0.8,4.2,553
9,101,1,5,1.7,0.2,0.3,0,0.2,1.7,0.2,1.4,184.9
9,109,4,42,17,3.9,0.3,0,3,17,0.3,13,1751.6
9,119,3,31,13,3.2,0.7,0,0,13,0.7,9.1,1251.7
9,122,1,31,10.9,1.7,1.7,2.5,1.7,8.4,0,5.9,1124.4
9,123,3,517.5,252.9,109.5,14.2,106.1,27.7,146.8,35.2,139,21465.4
9,124,2,479,243.1,104.9,11,126.9,29.3,116.2,44,107.8,19144.9
9,125,3,54.5,19.8,3,1.6,0,0.8,19.8,0,19.1,2067.2
14,1,0,39,15,4,1,0,2,15,0,13,1257
14,2,0,545,215,55,22,20,19,195,21,171,20106
14,3,6,110,39.6,7,5,0,2.1,39.6,1,38.6,4713
14,11,1,10.5,5.4,2.9,0,0,0.8,5.4,0.4,4.5,617.6
14,12,1,11,5.6,3,0,0,0.9,5.6,0.4,4.7,647.1
14,13,2,5,1.5,0.1,0.4,0,0,1.5,0,1.2,218.1
14,18,1,41,16.2,2.4,0.3,0,2,16.2,0.3,14,1896.5
14,20,1,32,13.5,4.3,1.4,0,0,13.5,0.7,12.8,1368.2
14,21,0,40,20,7,0,0,2,20,0,19,2038
14,23,1,8,2.9,0.7,0.5,0.5,0.2,2.4,0.2,2.2,271.8
14,29,2,12.5,3.9,0,0.4,0,1,3.9,0.6,2.9,556
14,30,1,2,0.6,0,0.1,0,0.2,0.6,0.1,0.5,89
14,33,1,20,6.7,0.7,1,0,0.7,6.7,0.7,5.4,952.9
14,36,1,1,0.4,0,0.1,0,0.1,0.4,0,0.3,48.4
14,44,1,5,1.9,0.3,0.2,0,0.3,1.9,0.1,1.4,242.2
14,45,4,139.5,58.1,17.4,4.6,0,4.7,58.1,3.1,46.8,5705.7
14,50,1,2,0.9,0.2,0,0,0,0.9,0,0.7,94.1
14,51,3,29.5,11.7,1.9,1,0,1.9,11.7,1,9.7,1348.3
14,52,1,1,0.4,0.1,0,0,0.1,0.4,0,0.3,45.7
14,53,5,60,21.2,5.2,2.8,0,1.7,21.2,1.1,18.8,2261.7
14,56,5,28,12.9,4.3,0.6,0,0.6,12.9,1.4,11.4,1435.2
14,57,1,2,0.9,0.3,0.1,0,0.1,0.9,0.1,0.8,107.5
14,59,4,73.5,28,4.7,2.7,0.3,0.6,27.7,0.5,25.6,3420.3
14,60,4,72,27.1,5.3,1.9,1.3,1.9,25.8,0.6,24.5,3304.8
14,61,2,7,2.6,0.5,0.2,0.1,0.1,2.5,0.1,2.4,317.1
14,65,1,2,0.8,0.2,0.1,0,0.2,0.8,0,0.7,90.6
14,71,2,32,11.4,1.8,1.3,0,1.5,11.4,0.7,9.6,1379.3
14,72,6,49,17.5,2.8,2,0,2.2,17.5,1.1,14.7,2112
14,73,3,92.5,35.5,10.6,6.6,0,2.6,35.5,2.6,34.6,3987.4
14,75,1,4,1.5,0.2,0.1,0.1,0.2,1.4,0.2,1.3,175.8
14,76,1,8,3,0.5,0.2,0.1,0.4,2.9,0.4,2.5,351.6
14,77,3,49.5,18.8,3.1,1.3,0.8,2.1,18,2.1,15.7,2175.9
14,79,1,13,4.2,0.8,0.8,0.3,0.8,3.9,1,2.3,421.2
14,80,2,12,3.8,0.7,0.7,0.2,0.7,3.6,1,2.2,388.8
14,83,3,116.5,38.7,7.3,7,10,4.9,28.7,8.4,26.7,3946.9
14,84,4,30,11.6,2.8,0.7,0.4,1.1,11.2,0.9,10.4,1230.5
14,85,4,66,25.6,6.9,1.9,1.1,2.2,24.5,2.2,22.1,2460.3
14,86,1,5,1.9,0.5,0.1,0.1,0.2,1.8,0.2,1.7,186.4
14,87,1,1,0.4,0.1,0,0,0,0.4,0,0.3,36.7
14,88,3,53,20.7,4.2,1,1,0.6,19.7,1.2,17.5,1995.2
14,89,6,96.5,36.7,6.9,2.7,1.8,1.1,34.9,2.4,30.6,3777.5
14,90,3,28,10,1.6,1.3,0.5,0.3,9.5,0.8,8.2,1173.2
14,92,2,7.5,3,0.9,0,0.4,0.2,2.6,0,2.4,330.6
14,93,5,247.5,91.8,22.6,11.3,0,9.3,91.8,7.6,76.5,9591.5
14,94,3,144.5,56.6,10.6,3,14,6,42.6,3.2,39.7,5465.5
14,95,4,197,69.8,11.5,7.5,0,10.2,69.8,4.7,63.4,7477.6
14,96,2,46,20.8,7.6,0.6,0,0.8,20.8,2.2,19.5,2276.5
14,100,4,23,9,1.9,1.3,0,0,9,0,8.2,884.9
14,103,1,7,2.6,0.6,0.4,0,0.1,2.6,0,2.5,288.1
14,104,3,81.5,33.2,8.1,3.4,0,1.8,33.2,2,31.4,3350.5
14,107,4,127,50.8,15.6,4.6,0,0.6,50.8,3.6,41,5217.2
14,108,1,15,6.4,2.7,0.5,0,0.2,6.4,0,5.4,818.4
14,112,1,17,5.7,1.2,0.8,0.4,0,5.3,0.8,4.5,654.9
14,113,3,37,18.5,5.7,0,0.9,0,17.6,1.8,17.6,1878.7
14,114,1,3,1.5,0.4,0,0.1,0,1.4,0.1,1.4,152.3
14,115,1,1,0.4,0.1,0,0,0,0.4,0.1,0.2,44.3
14,116,1,1,0.4,0.1,0,0,0,0.4,0.1,0.2,44.3
14,125,3,17.5,5.9,0.3,0.7,0,0.7,5.9,1.2,5.5,701.6
14,126,6,60,22.2,4.1,2.4,0,2.4,22.2,2.2,21.9,2260.5
14,127,2,14,5.3,1.1,0.6,0,0.6,5.3,0.4,5.3,517.2
22,1,3,79,33.6,6.3,1.3,0,2.6,33.6,2,31.3,4038.7
22,7,3,22,7.4,1.2,1.8,0,0,7.4,1.2,7.4,939.3
22,8,5,263.5,112.2,30.6,9.5,7,8.2,105.2,1.7,84.8,12173.5
22,9,3,34,13.6,3.1,2,0,0.6,13.6,0.8,12.5,1635.9
22,15,2,7,2.5,0.5,0.5,0,0.2,2.5,0.5,2.5,293.8
22,17,1,6,2.1,0.4,0.4,0,0.2,2.1,0.4,2.1,251.8
22,21,1,3,1.3,0.3,0.1,0,0,1.3,0.1,1,162.6
22,29,1,3,1.1,0.2,0.1,0,0.1,1.1,0.1,1,128.8
22,33,1,4,1.4,0.4,0.2,0,0.2,1.4,0.2,1.1,185
22,34,2,13,4.6,1.3,0.6,0,0.6,4.6,0.7,3.7,601.1
22,42,1,5,1.7,0.5,0.2,0,0.1,1.7,0.2,1.7,199.7
22,44,1,2,0.6,0.1,0.1,0,0.1,0.6,0,0.4,69.8
22,45,1,3,1,0.1,0.2,0.1,0.1,0.9,0,0.6,104.8
22,47,1,3,1,0.1,0.2,0.1,0.1,0.9,0,0.6,104.8
22,48,2,59,20.2,4,2.5,4.2,1.2,16,1.5,16,2617
22,49,3,105.5,46.3,20.3,4.1,29.5,6.6,16.8,8.2,28.6,3508.9
22,50,5,96,39.3,12.8,4.3,0,2.3,39.3,4.7,32.8,4319.4
22,51,5,139.5,55.8,17.1,3.9,1.6,5.9,54.2,5.9,49.8,5031.9
22,52,2,6.5,2.7,1.2,0.2,0.2,0.2,2.5,0.4,2.4,226.2
22,56,2,8,3.2,0.2,0,0,0.2,3.2,0,3.2,363
22,58,3,11,4.8,1.5,0,0,0,4.8,0.4,2.6,600.6
22,61,2,40,16.5,3.8,0.2,0,1.2,16.5,1.1,6.8,1833.3
22,62,2,46,19,6.3,1.8,0,1.8,19,0.9,14.4,1993.3
22,64,3,7,3.2,1.3,0.1,0,0,3.2,0.5,2.8,327.1
22,66,1,1,0.5,0.2,0,0,0,0.5,0.1,0.5,43.6
22,68,6,55,25.1,5.7,1.9,0,1.9,25.1,3,22.2,2444.1
22,74,3,46,18,6.1,2.3,0.4,1.6,17.6,1.7,14.4,1956.3
22,75,3,15,6.2,1,0,0,1,6.2,0.7,5.5,739.5
22,77,2,22,8.9,2.6,0.7,2.3,0,6.6,0,5,1132.5
22,79,2,35,13.2,2,1.3,0.7,1.3,12.5,1.3,13.2,1460.8
22,80,3,18,6.8,1,0.7,0.3,0.7,6.5,0.7,6.8,751.3
22,81,2,22,9,2.3,0.3,0,2,9,1,6,922
22,82,4,38,15.5,4,0.6,0,3.5,15.5,1.7,10.3,1592.5
22,83,1,3,1.2,0.3,0,0,0.3,1.2,0.1,0.8,125.7
22,87,2,29,14.3,5.2,0.5,2.4,1.4,11.9,0.9,10.5,1446.2
22,88,3,19,8.4,2.3,0.7,0.7,0,7.7,0.7,6.6,871.1
22,89,1,27,10.2,2,0.8,0,0.8,10.2,0.4,9.4,1035.4
22,90,3,47,22.7,10.6,1.7,0,1.7,22.7,0.3,21,2376
22,96,2,10.5,3.6,1,0.9,0,0,3.6,0.2,3.1,377.1
22,101,1,8,2.9,0.8,0.5,0,0,2.9,0.2,2.4,344
22,102,1,11,4,1.1,0.7,0,0,4,0.2,3.4,473
22,115,1,7,2.7,0.7,0.3,0,0.3,2.7,0.4,2.1,319.5
22,120,1,6,2.3,0.5,0.5,0,0.1,2.3,0.1,2,234.4
11,0,1,1,0.4,0.1,0.1,0,0,0.4,0.1,0.3,48.6
11,2,1,4,1.7,0.5,0.2,0.1,0.1,1.6,0.3,1.2,194.4
11,3,3,337.5,136,33.4,9.2,8,15.6,128,10.6,111.9,13975.6
11,4,1,64.5,29.1,9.2,2.1,0,3.1,29.1,2.1,22,2720.9
11,9,2,8,3.4,0.8,0.1,0.3,0.3,3.1,0.2,1.9,413.3
11,20,6,25,10.9,2.5,1.1,0,0.5,10.9,0,8.4,1294.8
11,34,3,40,16.4,7.1,2.9,0,0,16.4,0.7,14.3,1945.7
11,35,1,4,1.2,0.1,0.2,0,0,1.2,0.1,1.2,157.2
11,36,3,42,14.5,2.9,2.5,0,1.8,14.5,0.6,12.7,1758.8
11,39,1,4,1.4,0.2,0.2,0,0.2,1.4,0.2,0.9,132.1
11,40,1,21.5,8.6,1.5,0,0,0.5,8.6,0.5,8.1,1041.4
11,41,3,214.5,69.5,8.6,12.1,0,6.9,69.5,5.1,65.4,7494.5
11,43,2,56,24.9,6.8,2,0,1.8,24.9,0,21.1,2645.9
11,44,1,2,1.1,0.3,0,0,0.2,1.1,0,0.9,106.1
11,46,3,30,11.7,2.7,0.2,1.1,0.7,10.6,1.1,10.6,1450.8
11,47,1,4,1.6,0.5,0,0.2,0.1,1.4,0.2,1.4,188
11,49,3,34.5,13.5,1.6,2.9,0,1.6,13.5,1.6,11.2,1738.5
11,51,3,37,11.3,1.5,2,0,0.8,11.3,0.8,10.3,1528.8
11,52,3,32,9.9,1.3,1.7,0,0.7,9.9,0.7,8.9,1322.2
11,53,4,22,8,1.2,0.4,0,1.2,8,0,8,1119.1
11,56,1,5,1.7,0.3,0.3,0,0.2,1.7,0.2,1.5,207.2
11,57,5,139,50.9,12,6,6,9.2,44.9,3.5,39.9,5204.9
11,58,3,13,4.7,0.8,0.3,0,0.5,4.7,0.5,4.2,529.8
11,59,3,28,10.1,1.5,0.5,0,1.1,10.1,1.1,9,1148.3
11,60,6,114.5,40.4,5,4,0,3.6,40.4,4,36.3,5045.5
11,61,2,5,1.9,0.2,0.2,0,0.1,1.9,0.2,1.6,224.5
11,62,1,3,0.9,0.1,0.2,0,0.1,0.9,0.1,0.7,99.3
11,65,1,1,0.4,0.1,0,0,0.1,0.4,0.1,0.4,48.9
11,66,3,23,8.6,2.7,0.6,0,1.3,8.6,1.9,8.6,1125.7
11,67,1,5,1.9,0.6,0.1,0,0.3,1.9,0.4,1.9,244.7
11,71,1,2,0.7,0.1,0,0,0,0.7,0.1,0.7,98.3
11,72,2,148,54.1,10.7,9.7,3,6.8,51.1,2,46.3,5557.1
11,73,4,257,115.9,39,7.7,12.6,20.6,103.3,15.3,87,10728.5
11,74,4,43,16.9,4.1,2.1,1.2,1.2,15.7,0.4,14.7,1894.4
11,75,1,1,0.4,0.1,0,0,0,0.4,0,0.4,41.4
11,77,5,46,18.4,6.4,0,0,0,18.4,1.8,16.6,1905.3
11,78,3,52.5,19.7,5.6,1.9,7.5,1.9,12.2,3.7,14,1931.3
11,81,2,7,2.3,0.4,0.4,0,0.1,2.3,0.1,1.7,251.6
11,82,2,27,8.9,1.5,1.5,0,0.5,8.9,0.5,6.7,970.5
11,85,2,137,54.8,16.7,5.8,2,1.4,52.8,1.4,47.3,5343.8
11,86,2,128,47.6,7.5,5.2,0,6.2,47.6,3.9,40.3,4793.5
11,87,1,7,2.7,0.3,0.1,0,0.6,2.7,0.3,2,265.4
11,88,4,133.5,50.8,9.9,4.3,2,7.2,48.8,3.8,46.9,5858.7
11,89,5,96.5,35.9,10.7,3.2,0.4,2.9,35.5,3.9,32.6,3436
11,90,2,6,2.4,0.8,0.1,0.3,0.1,2.1,0.3,1.8,237
11,91,2,43.5,15.6,5.2,2,1,0.3,14.6,2.2,13.3,1592
11,96,3,135.5,56.4,16.9,3,4,10.5,52.4,4.8,38.5,5857.3
11,97,4,145.5,56.9,17.6,2.4,7,5,49.9,5.4,39.6,5981.5
11,98,2,8,3.1,0.6,0.5,0,0,3.1,0,2.9,307.8
11,102,4,189.5,73,18.2,7.5,0,7.2,73,10.2,59.5,7858.3
11,108,2,8,2.7,0.7,0.3,0,0,2.7,0.3,1.9,239.5
11,109,4,70,24.3,5.6,2.5,0,0,24.3,2.5,20.1,2396.9
11,123,2,117,46.7,12.4,3.3,3,2.2,43.7,1,38.4,4683.7
11,124,2,11,3.6,0.9,0.8,0,0.4,3.6,0,3.1,366.6
11,125,2,13,10,6.9,0,0,0.8,10,0,10,1420
23,5,1,6,2,0.3,0.5,0,0,2,0.3,2,256.2
23,7,1,3,1,0.2,0.2,0,0,1,0.2,1,128.1
23,8,2,208.5,82,15.6,7.1,10,14.3,72,12.5,66.4,8279
23,9,7,138,58.6,15,4.9,0,3.9,58.6,5.4,51.1,6749.7
23,10,1,25,10.1,1.8,0.6,0,1.2,10.1,1.2,8.3,1146.4
23,17,2,18,6.4,1.1,1.1,0,0.6,6.4,1.1,6.4,755.4
23,21,1,5,2.2,0.6,0.1,0,0,2.2,0.1,1.7,271
23,26,7,97,35.7,6.6,2.7,0,4,35.7,0.9,31.8,4093.3
23,28,2,6,2.3,0.4,0.2,0,0.2,2.3,0.1,2,257.6
23,31,1,6,2.1,0.6,0.3,0,0.3,2.1,0.4,1.7,277.4
23,32,3,4,1.5,0.4,0.1,0,0.1,1.5,0.3,1.2,184.9
23,33,2,11,3.9,1.1,0.5,0,0.5,3.9,0.6,3.1,508.7
23,35,2,7,2.5,0.7,0.3,0,0.3,2.5,0.4,2,323.7
23,39,2,12,5.2,1.4,0,0,0.6,5.2,0.6,4.4,684.2
23,47,2,95,22.6,0.4,10.9,0.5,2.4,22.1,2.2,20.8,2345
23,48,1,612.5,171.8,12.2,51.8,4.3,21.9,167.5,16.3,150,16375.5
23,49,2,370,152,66.1,17.5,141.2,31.3,10.8,78.5,7.8,8358.8
23,50,1,89.5,37.8,7.8,2.6,0,2.2,37.8,1,36.6,3978.6
23,51,3,22.5,8.6,1.5,0.5,0,0.7,8.6,0.6,7.6,926.5
23,56,2,15.5,6.2,0.6,0,0,0.6,6.2,0,6.2,703.4
23,57,2,40,13.6,1.1,2,0,0.1,13.6,2,12.6,1456.5
23,64,2,4,1.7,0.5,0,0,0,1.7,0.1,0.9,218.4
23,65,3,45,25.8,12.6,0.9,0,3,25.8,2.1,22,2747.6
23,66,1,1,0.5,0.2,0,0,0.1,0.5,0,0.4,46.1
23,67,2,21,9.5,4,0.7,0,0,9.5,1.3,9.5,915.2
23,68,3,8,3.4,0.8,0.2,0,0.5,3.4,0.2,3,362.8
23,69,1,7,2.9,0.7,0.2,0,0.5,2.9,0.2,2.6,319.6
23,73,1,4,1.4,0.4,0.2,0.3,0.1,1.1,0.3,1.2,166.8
23,74,2,34.5,12,3.2,1.9,2.5,0.7,9.5,2.5,10.1,1438.9
23,75,3,72,27,4.4,2.5,1.6,1.6,25.4,1.1,23.3,3031.4
23,79,1,12,4.5,0.6,0.5,0.2,0.3,4.3,0.2,4.2,430.3
23,83,1,2,0.8,0.2,0,0,0.2,0.8,0.1,0.5,83.8
23,84,3,19,8.4,3,0.4,0.1,1.2,8.3,0.4,6.8,907
23,85,2,105,39.1,8.4,3.5,1,1.1,38.1,2,32.8,3957.3
23,86,5,29,13.3,4.2,0.6,1.3,1.2,12,0.7,10.6,1374.8
23,87,3,414,156.6,37.4,15.3,11.3,18.7,145.3,11.5,133,15285
23,88,4,159,66.1,20.5,3.9,1.4,2.9,64.7,5.3,58.1,6819.2
23,89,1,146,75.2,33.4,2.6,34,11.6,41.2,8.3,31.6,6159.6
23,92,2,33,13.5,4.1,1.8,0.4,1.3,13.1,2,11.3,1327
23,102,1,3,1.1,0.3,0.2,0,0,1.1,0.1,0.9,129
23,105,3,30.5,11.1,1.8,1.2,0.8,0.7,10.3,0.7,5,1361.7
23,106,1,46,18.7,3.1,0.7,0.7,1.4,18,0.4,13.8,2140
23,108,1,1,0.4,0.2,0,0,0,0.4,0,0.4,53.5
23,114,1,4,1.6,0.4,0.2,0,0.2,1.6,0.2,1.2,182.6
23,115,1,16,6.3,1.6,0.6,0,0.6,6.3,0.9,4.7,730.4
24,0,1,5,1.6,0.3,0.3,0,0.1,1.6,0,1.3,181.2
24,3,2,4,1.2,0.2,0.2,0,0.2,1.2,0,1,145
24,4,1,1,0.3,0.1,0.1,0,0,0.3,0,0.3,36.2
24,6,1,8,2.7,0.4,0.6,0,0,2.7,0.4,2.7,341.5
24,9,3,34.5,13,0.1,0,0,1.6,13,0.1,10.9,1612.2
24,10,3,19,8.9,2.8,0,0,0,8.9,1.3,4.7,818.3
24,17,1,30.5,13.9,4.1,1.1,0,1.1,13.9,0,13.8,1420.3
24,18,1,7,2.9,0.6,0,0,0,2.9,0.1,2.5,323.9
24,21,3,16,6.9,1.8,0.3,0,0,6.9,0.3,5.5,851.3
24,27,2,7,2.3,0.3,0.3,0,0,2.3,0.1,2.2,245.8
24,32,2,22,7.8,2.3,1,0,1,7.8,1.3,6.2,1017.3
24,39,1,1,0.4,0.1,0,0,0,0.4,0,0.4,57
24,40,5,32.5,14.3,3.5,0,0,1.5,14.3,1.5,12.1,1852.8
24,44,1,1,0.3,0.1,0,0,0,0.3,0,0.3,39.9
24,45,1,10,3.2,0.3,0.6,0.3,0.3,2.9,0.2,2,349.2
24,47,2,95,48.6,25.1,3,35.9,4.1,12.7,4.5,13.6,3044.4
24,48,1,1108,557.3,257.6,31.3,287.9,87.6,269.4,123.9,197.1,40839.5
24,49,0,792,357,131,29,170,47,187,52,159,27919
24,50,3,9,3.7,0.6,0.1,0,0.4,3.7,0,3.5,395.1
24,51,1,3,1.3,0.6,0.1,0.1,0.1,1.2,0.2,1.1,104.4
24,53,4,64,24,5.9,2,0,2,24,1,20,2675
24,55,3,52.5,20.3,3.9,1.6,0,3.2,20.3,1.9,19.1,2450.1
24,63,4,19,7.6,2.3,0,0,0,7.6,0.7,6.6,802.2
24,64,1,4,1.6,0.5,0,0,0,1.6,0.2,1.4,168.9
24,65,6,32,15.3,5.3,1.2,0,2.8,15.3,1.2,12.8,1475.2
24,66,5,72,30.8,7.5,2.5,1.2,4.3,29.6,4.5,25,3306.6
24,67,2,26,9.6,2.1,0.7,0.4,0.4,9.2,0.7,8.2,1079.2
24,68,1,2,0.8,0.2,0,0,0.1,0.8,0,0.7,91.3
24,69,1,5,2.1,0.5,0.1,0,0.3,2.1,0.1,1.9,228.3
24,70,1,18,7.5,1.7,0.4,0,1.3,7.5,0.4,6.7,821.7
24,73,1,2,0.7,0.2,0.1,0.1,0,0.6,0.1,0.6,83.4
24,74,1,8,2.8,0.7,0.4,0.6,0.1,2.2,0.6,2.3,333.7
24,75,4,31,12.5,3.7,1.1,3.2,0,9.3,0,7.1,1595.8
24,79,3,57,21.3,2.9,2.2,0.8,1.5,20.5,0.7,19.8,2044
24,80,1,165,66.3,17.5,6.3,0.1,6.2,66.2,4.1,54.1,6148.7
24,83,3,11,3.5,0.2,0.7,0.7,1.1,2.8,0.5,1.3,375.1
24,84,2,190,77.4,19.4,6.2,3.2,3.7,74.2,1.8,67,7989.7
24,85,3,471,201.7,75.1,20.5,100,20.2,101.7,39.5,94,16344.4
24,87,1,4,1.5,0.1,0.2,0,0,1.5,0,1.4,152.2
24,88,2,5,1.9,0.2,0.1,0,0.5,1.9,0.2,1.5,242.8
24,89,1,3,1.1,0.1,0.1,0,0.3,1.1,0.1,0.9,145.7
24,91,4,121.5,50.2,16.6,4.9,0.7,3.2,49.5,5.4,39.4,4849.5
24,92,5,211.5,84.4,18.7,6.8,2.4,7.2,82,7.9,71.2,8457.4
24,94,1,29,9.8,2.8,2.5,0,0,9.8,0.7,8.4,1041.5
24,95,2,95.5,36.7,7.9,2.7,2,2,34.7,3.5,31.8,3904.3
24,97,1,1,0.3,0.1,0.1,0,0,0.3,0,0.3,35.9
24,106,3,35,13.2,2.1,1,0.5,0.8,12.7,0.8,5.2,1438.2
24,110,2,6,2.5,0.9,0.2,0,0,2.5,0.2,2.3,321.1
24,114,1,1,0.4,0.1,0,0,0,0.4,0.1,0.3,45.6
24,115,1,4,1.6,0.4,0.2,0,0.2,1.6,0.2,1.2,182.6
24,122,2,4,1.5,0.1,0.1,0.5,0.1,1,0.1,0.9,159.7
24,124,5,61,22,3.8,2.8,0,1.4,22,2.4,20.1,2542.9
24,125,1,2,0.7,0.1,0.1,0,0,0.7,0,0.5,78.3
24,127,3,115,38.2,6,5,2,3,36.2,3,25.3,4438.7
16,4,3,22,8.5,2.5,1.2,1.4,1.1,7.1,1.4,6.1,848.5
16,5,2,8,3,0.6,0.4,0,0.2,3,0.2,2.4,378.8
16,15,4,88.5,36,8.9,2,3,4,33,4.7,23.7,3716.7
16,19,4,194.5,73.7,12.5,4.4,3.5,9,70.2,5.9,65.6,7689.9
16,33,1,16,7.3,2.4,0.4,1.5,0.9,5.8,0.9,5.3,686.4
16,34,4,122,52,15.4,3,6.6,5.6,45.4,7.6,40.2,5339.1
16,35,2,22,9.8,3.4,0.7,0,0.4,9.8,0.4,8.8,1371.6
16,36,1,7,3.1,1.1,0.2,0,0.1,3.1,0.1,2.8,436.4
16,37,1,3,1.3,0.5,0.1,0,0.1,1.3,0.1,1.2,187
16,38,1,1,0.3,0,0.1,0,0,0.3,0,0.3,43.7
16,40,1,12,3.7,0.3,0.6,0,0.3,3.7,0.3,3.1,524
16,42,2,15,4.8,0.5,0.8,0,0.3,4.8,0.5,3.7,614.7
16,43,4,26,8.1,0.9,1.5,0,0.6,8.1,0.9,6.3,1065.4
16,47,1,2,1,0.5,0,0,0,1,0.1,0.5,124.6
16,51,2,24,9.3,3,1.4,0,0.7,9.3,1,7.5,1035
16,52,2,67,23.6,5,4.9,0,1.5,23.6,1.7,16.3,2424
16,53,3,91.5,41.1,15.9,2.6,8,5.1,33.1,3.1,29.5,3793.1
16,54,0,25,12,3,0,0,2,12,0,12,1151
16,55,2,15,6.2,2.2,0.6,0,0,6.2,0.3,5.6,637.8
16,58,2,12,5.3,1.4,0.3,0.3,0.6,5,0.2,3.7,596.1
16,60,3,343,148.2,45.8,6.8,2.9,7.7,145.3,10.5,134.9,15694.6
16,61,3,679.5,298.7,112.4,18.9,121.6,59.9,177.1,53.5,137,24807.3
16,62,5,430.5,171.8,46.2,18.6,106,43.2,65.8,31.8,53.5,14261.8
16,64,1,8,3.4,1.5,0.3,0,0,3.4,0.3,2.5,389.2
16,69,1,3,1,0.2,0.1,0.1,0.1,0.9,0,0.8,101
16,70,1,2,0.8,0.2,0.1,0,0.1,0.8,0,0.7,104.3
16,71,1,9,3.8,0.8,0.4,0.2,0.4,3.6,0.2,3,469.2
16,74,4,15,6.8,1.7,0.5,0,0.9,6.8,0.9,5.9,791
16,78,1,4,1.4,0.2,0.1,0,0.1,1.4,0.1,1.1,156.1
16,81,3,33,11.8,1.9,1.6,0,0.5,11.8,2.2,10.2,1203.7
16,82,3,425.5,166.3,49,17.4,27,16.8,139.3,20.5,118.8,14552.2
16,83,3,478.5,199.1,59.3,17.6,36.3,26.3,162.8,28.3,138.2,17883.8
16,84,2,55,19.5,4.9,3.4,0.2,1.4,19.3,1.2,18.4,1992.2
16,85,2,30,12,2.7,0.4,0.4,2.7,11.6,1.5,12,1266.6
16,91,1,2,0.7,0.1,0.1,0,0,0.7,0,0.7,72.9
16,93,1,31,12.3,2.6,1.3,1.3,1.9,11,1.3,10.3,1200
16,94,1,34,11.9,3.7,2.8,0,0,11.9,0,9.2,1196.4
16,96,1,3,1.1,0.3,0.2,0,0,1.1,0,0.8,105.6
16,101,1,15,4.7,0.9,1.3,0,0.4,4.7,0,3.9,468
16,107,0,148.5,51,8,8,0,7,51,5,48,4839
16,113,1,3,1.1,0.3,0.2,0,0.1,1.1,0,1.1,117.4
16,116,1,11,4.2,1,0.4,0,0.2,4.2,0.4,3.7,478.5
25,2,3,256.5,82.8,13.9,17.8,3,10.9,79.8,5.9,70,8810.6
25,3,2,44,17.2,2.2,0.2,0,2.4,17.2,0.2,14.8,1897.8
25,9,1,2,0.8,0.2,0.1,0,0.2,0.8,0.1,0.7,110.4
25,14,3,11,5.3,2.2,0.4,0,0,5.3,0.9,3.1,624.4
25,17,4,76,28.2,4,5,0,3,28.2,1,26.2,3118.7
25,18,5,95,43.1,11.4,0,0,3.6,43.1,2.4,38.4,5237.9
25,21,5,72,27.8,5.8,1.3,0,2.3,27.8,2.6,21.5,3059.7
25,24,2,10,4.4,1.2,0.2,0,0,4.4,0.2,3.4,542
25,28,1,14,5.3,0.8,0.5,0,0.5,5.3,0.3,4.8,601.2
25,40,2,36,12.2,1.7,0.6,0,0.6,12.2,1.1,10.6,1536.4
25,41,3,42,14.4,2.8,1,0,0.7,14.4,1.5,12.9,1751.4
25,47,2,182.5,90,41.9,5.9,64.5,15.9,25.5,13.6,32.1,6367.5
25,48,4,186.5,88,40.1,6.7,41.8,9.2,46.2,6.1,41.4,7760.5
25,49,3,707.5,338.5,151.2,24.9,237.4,69.6,101.1,82.7,70.6,22780.3
25,50,2,4,2,0.5,0,0,0.1,2,0.1,1.7,267.5
25,51,1,5,1.9,0.3,0.1,0,0,1.9,0,1.9,231.9
25,52,1,2,0.8,0.1,0,0,0,0.8,0,0.8,92.8
25,57,1,3,1.3,0.3,0.1,0,0.2,1.3,0.3,1.1,182.7
25,60,2,6,2.4,0.8,0.2,0,0.2,2.4,0.2,2.2,296
25,61,3,29,12.7,3.7,0.6,0,0.6,12.7,1,10.3,1585.4
25,63,5,41,17.3,5,0.5,0,0.5,17.3,1.5,15.7,1923.6
25,65,2,79,31.5,11.3,3.1,1,2.7,30.5,2.6,23.8,3161.9
25,66,4,199.5,80.8,24.4,10.3,10.3,11.4,70.5,10.2,63.5,7766.5
25,70,2,9,3.8,1.1,0.3,0,0.6,3.8,0.1,3.2,490.5
25,75,2,13,5.3,1.6,0.4,1.3,0,4,0,2.9,677.5
25,77,1,4,1.6,0.5,0.1,0.4,0,1.2,0,0.9,205.9
25,80,1,399,161.3,48,14.6,21.6,20.3,139.7,15.7,123,14939.9
25,81,4,140.5,50.9,10.8,5.3,0.3,6.6,50.6,6.2,47.3,4815.2
25,84,1,693,311.5,120.3,19.8,157.8,46.1,153.7,56.5,126.3,26412.1
25,85,4,656.5,259.9,79.6,29.5,86,42.5,173.9,47.2,127.2,22407.5
25,88,1,2,0.8,0.1,0,0,0.2,0.8,0.1,0.6,97.1
25,89,1,2,0.8,0.1,0,0,0.2,0.8,0.1,0.6,97.1
25,91,2,25,10.3,3,1.4,0.3,1,10,1.5,8.6,1005.3
25,92,4,239.5,95.9,27.1,6.8,2.3,9.1,93.6,7.1,78.5,9032.4
25,93,1,17,6.9,1.1,0.5,2.1,1.1,4.8,1.1,4.8,723
25,94,1,8,2.7,0.8,0.7,0,0,2.7,0.2,2.3,287.3
25,95,1,14,4.8,1.4,1.2,0,0,4.8,0.3,4.1,502.8
25,99,2,73.5,28.8,9.8,5.3,0,4.2,28.8,2.2,21.5,3163.4
25,100,2,6,2.6,0.8,0.2,0,0.2,2.6,0.2,2.2,276.8
25,107,1,2,1,0.3,0,0,0.3,1,0.3,0.7,115.8
25,110,3,78,33,12.2,2.3,1,5.7,32,3.3,29.2,4019.3
25,114,4,41,14.3,4.9,2.4,0,2.4,14.3,2.6,10,1602.2
25,115,3,50,19.2,7,1.5,0,1.5,19.2,3.6,11.7,1969
25,119,1,89.5,39,13,2.2,15,6,24,4.6,16.6,3288.6
25,120,1,364.5,158.6,53.3,16.3,33,13.8,125.6,31.8,108.9,14976.5
25,121,5,474.5,202,82.9,19.1,53.1,19,148.9,32.6,114.5,17787.6
25,122,1,49,18.8,4,1.8,0.4,2.8,18.4,1.2,16.9,2012
25,125,1,2,0.7,0.1,0.1,0,0,0.7,0,0.5,78.3
25,127,5,164.5,64.5,15.7,7.7,0,3.4,64.5,6.3,58.6,6142.2
26,2,1,367,149.2,42.1,15.3,12,16.1,137.2,13.1,123,14739.4
26,3,1,365,133.8,26.8,15.8,4,15.6,129.8,17.8,89.2,14368.1
26,8,1,21,8.9,1.9,0.6,0,1.9,8.9,0.6,7,1158.8
26,9,3,10,4.2,1,0.3,0,1,4.2,0.3,3.3,551.8
26,28,1,11,4.2,0.6,0.4,0,0.4,4.2,0.2,3.7,472.4
26,32,2,6,2.8,0.8,0,0,0.3,2.8,0,1.8,414.6
26,38,1,2,0.7,0.1,0,0,0,0.7,0.1,0.6,85.4
26,41,4,30.5,10.6,3,1.1,0,0.7,10.6,1.1,10.1,1218.2
26,47,4,38.5,15.5,5,2.1,1.4,2.1,14.1,4.2,10.7,1659.4
26,48,4,14,5.6,1.9,0.7,0,0.7,5.6,0.2,4.2,661.3
26,49,1,4.5,2.2,0.6,0,0,0.2,2.2,0.2,2,300.9
26,51,2,34,13.1,2.3,0.4,0,0,13.1,0,13.1,1577.1
26,52,3,32,12.3,2.2,0.4,0,0,12.3,0,12.3,1484.3
26,54,1,1,0.5,0.2,0.1,0,0,0.5,0.1,0.5,59
26,55,3,10,4.4,1,0.3,0,0.6,4.4,1,3.7,609
26,60,4,38,15.2,5,1.7,0,1.7,15.2,1.7,13.5,1874.6
26,62,4,22,9.7,2.6,0.7,0,0.7,9.7,0.7,9.7,1211.3
26,63,2,3,1.3,0.3,0.1,0,0.1,1.3,0.1,1.3,165.2
26,66,4,31,14.9,4.8,1.2,0,1.8,14.9,0,13.8,1527.3
26,67,1,4,1.9,0.6,0.2,0,0.2,1.9,0,1.8,197.1
26,69,2,4,1.6,0.6,0.2,0,0.4,1.6,0,1.4,262.2
26,70,2,51.5,23.3,7.7,2.2,0,2.7,23.3,4,20.6,2946.2
26,72,2,3,1.3,0.6,0.1,0.1,0,1.2,0.1,0.7,179.3
26,74,1,3,1.3,0.7,0.1,0.1,0,1.2,0.1,0.8,179.2
26,76,2,4,1.8,0.8,0.2,0.2,0,1.6,0.2,1,239
26,84,5,153.5,61.1,18.3,5.4,3,4,58.1,4,40.2,6821.9
26,85,1,3,1.3,0.5,0.2,0,0,1.3,0.1,1,161
26,88,1,2,0.8,0.1,0,0,0.2,0.8,0.1,0.6,97.1
26,90,1,4,1.5,0.2,0.1,0,0.3,1.5,0.2,1.2,194.2
26,92,2,19,8.6,3.4,0.4,0.6,1,8,1,6.9,703.4
26,93,4,15,6,0.9,0.5,1.8,0.9,4.2,0.9,4.2,638
26,98,3,7,2.7,0.7,0.3,0,0.3,2.7,0.1,2.5,293.7
26,99,4,94.5,38,9.9,3.6,0,3,38,2.1,33.9,4171.1
26,100,1,16.5,6.9,2,0.7,0,0.4,6.9,0.4,5.9,761
26,105,7,79,30.1,6.9,4,0,1.1,30.1,4,25,3692.1
26,107,3,62.5,27.1,6.6,1,0,5.7,27.1,3.7,22.3,3008.1
26,108,2,6,2.7,0.7,0.3,0,0.9,2.7,0.3,2.1,304.3
26,117,4,44,16,2.1,0,0,1,16,1,14,1822
26,118,3,12,5.9,1.6,0.2,0,0,5.9,0,5.9,671.5
26,119,6,167.5,74.9,19.6,2.8,8,10,66.9,12.6,51.5,7055.3
26,120,1,520,213,55.5,19.6,24,27.5,189,23.3,142.8,19414.8
26,121,2,57,19.8,2.5,3,0,2.5,19.8,1.4,18.8,2051
26,122,1,2,0.8,0.2,0.1,0,0.1,0.8,0.1,0.6,87.8
26,124,2,28.5,9.6,1.5,2.2,0,0.8,9.6,2.2,8.1,967.5
26,127,1,3,1.2,0.3,0.1,0,0.1,1.2,0.2,1.1,116.5
78,0,2,10,4.5,1.4,0,0,0,4.5,0.2,4.3,478.1
78,1,3,55,23.2,7.2,1.5,0,0.8,23.2,0.3,21.9,2362.2
78,5,3,35,14.9,4.4,1.3,0.5,0.5,14.4,1.4,12.5,1924.3
78,16,5,36,16.5,4.7,0,0,0.9,16.5,1.4,14.9,1947.4
78,17,3,13,6.1,1.7,0,0,0.3,6.1,0.6,5.4,719.3
78,20,4,66,24.1,5.1,1,0,3.5,24.1,0.5,20.6,2928
78,21,1,2,0.8,0.2,0.1,0,0.1,0.8,0,0.6,96
78,26,5,166.5,63.8,4.3,1,0,11.2,63.8,2,58,7499
78,27,1,6,2.4,0.3,0,0,0.2,2.4,0,2.2,308.2
78,47,1,1,0.4,0.1,0,0,0,0.4,0,0.4,55.5
78,53,4,13,5.2,1,0.4,0,1,5.2,0.6,3.2,582.1
78,62,1,3,1.1,0,0,0,0.1,1.1,0.1,0.9,122.4
78,64,1,2,0.9,0.2,0,0,0,0.9,0.3,0.8,108
78,67,2,22,7.9,1.9,0.9,0,0.6,7.9,0.2,6.4,1028.4
78,68,1,4,1.4,0.4,0.1,0,0.1,1.4,0,1.1,207.3
78,76,1,6,3,0.9,0,0,0.3,3,0,2.7,361
78,87,3,122.5,58.6,22.9,1.9,5,5.9,53.6,1.1,43.5,6366.8
78,88,1,52,22.5,8.1,1.7,1,1,21.5,4,16.4,2677
78,93,4,133.5,55.8,19.1,6.1,0,4,55.8,5.5,48.6,5843.9
78,94,2,18,7.8,2,0.3,0,0.7,7.8,0.5,6.8,890.7
78,98,4,21,9.3,3,0.2,0,0.5,9.3,0.7,8.6,994.7
78,99,4,472,202.4,61.8,10.2,16,17.9,186.4,19.9,156,19681.3
78,100,5,58.5,23.7,5.3,1.3,0,2.2,23.7,2,20.5,2723.2
78,106,2,16,5.7,1.3,0.8,0.3,0.5,5.4,1.3,4.1,719.2
78,108,1,1,0.4,0.1,0.1,0,0,0.4,0.1,0.3,44.9
78,114,3,58.5,25.2,8.1,2.9,0,3.7,25.2,3.7,19.2,3231.8
78,117,1,6,2.5,0.4,0,0,0.3,2.5,0.4,2.1,279
78,118,4,61,25.5,5.4,1.1,0,1.8,25.5,2.5,22.6,2764.4
78,119,1,4,1.7,0.4,0.1,0,0.1,1.7,0.2,1.5,181.3
78,123,1,2,0.7,0.1,0.1,0.1,0.1,0.6,0.1,0.6,124.6
78,127,1,3,1.4,0.1,0,0,0.2,1.4,0,1.3,154.5
99,2,3,77,30.1,6.8,3.5,5.8,6.6,24.3,6.2,19.9,3432.8
99,16,4,29,11.5,2.1,0.3,0,0.5,11.5,2.3,10.5,1317.2
99,17,4,19,7.5,1.3,0.1,0,0.1,7.5,1.5,6.9,854.6
99,18,5,75,36,15.1,0.4,0,2.5,36,6.1,29.3,4142.1
99,19,4,25.5,12.2,4.9,0.2,0,0.6,12.2,2,9.5,1371.2
99,30,1,2,1,0.3,0,0,0.1,1,0.1,0.9,108.5
99,31,5,134.5,63.1,24.2,2,6,4.6,57.1,10.1,42.5,6404.5
99,32,5,115,50.2,14.5,1.5,4.4,3.3,45.8,6.5,33.3,5048.7
99,45,1,87.5,38.2,15.3,2.4,0,3.1,38.2,4.4,33.4,4838.6
99,46,3,69.5,28.6,6.7,1.9,0.3,1.3,28.3,1.8,22.8,3166.9
99,48,1,2,0.8,0.2,0.1,0,0.1,0.8,0.2,0.6,91.8
99,53,4,115,54.3,20.4,3.1,3,1.5,51.3,1.6,42.2,6465.2
99,54,4,61.5,28,9.8,1.8,0,2.3,28,0.9,25,3346
99,60,1,42,17.1,5.4,1.5,0.5,0.9,16.6,0,16.6,2430.1
99,61,2,31,13,1.4,1.2,1.2,0.3,11.8,1.2,11.6,1646.7
99,62,1,2,0.9,0.1,0.1,0.1,0.2,0.8,0.1,0.6,109.5
99,69,0,27,13,6,0,0,0,13,0,10,1344
99,70,1,5,2.3,0.8,0.2,0,0,2.3,0.2,1.9,292.7
99,79,1,2,0.8,0.1,0,0,0.1,0.8,0.1,0.6,168.2
99,81,1,2,0.9,0.1,0,0.1,0,0.8,0.1,0.7,116.7
99,82,3,22,10,1.3,0,0.7,0,9.3,1.3,8,1284
99,83,3,37.5,13.3,0.7,0.7,0,2,13.3,0,10.6,1660
99,84,1,121,42.1,4.5,2,1.5,5.4,40.6,1.8,39.5,4902.2
99,85,2,73,26.5,3,1,2,2.5,24.5,3,22,3268
99,91,2,44,19.5,5.4,0.1,0,3,19.5,0.1,16.1,2214.2
99,92,3,124.5,52.6,14.4,0.5,0,7,52.6,6.5,44.4,6039.1
99,93,3,18,7.6,2.2,0.4,0.4,0.7,7.2,0.4,6.2,776.8
99,94,1,8,3.4,1,0.2,0.2,0.3,3.2,0.2,2.7,345.2
99,95,3,300,133,38.9,2.9,3,12.3,130,8,110.7,15176.3
99,96,1,566.5,253.8,82,9.5,20,14.7,233.8,18,206.1,26322.9
99,97,2,20,8.2,1.5,0,0,0.8,8.2,0.8,8.2,945.2
99,100,2,163,75,20,3,1,5,74,7,65,8075
99,101,3,104.5,49.9,17.1,0.5,9,1.5,40.9,5,37.8,5567.5
99,115,2,22,7.3,1.4,1,0.2,0.8,7.1,0.8,4.9,842.3
99,124,3,35.5,14,2.1,0,0,1.2,14,0,10.9,1843.2
99,125,2,17,6.8,1,0,0,0.5,6.8,0,5.2,884
21,1,1,238,95.5,25.6,9.2,0,5.1,95.5,3.1,84.2,10968.8
21,2,5,166,62.7,13.7,6.4,0,5.6,62.7,3.6,54.3,7384.8
21,6,1,96,44.6,15.1,3.3,0,2.7,44.6,2.6,38.8,4009.6
21,7,3,551,282.4,136.6,17.4,201,37.6,81.4,34.9,74.1,21227
21,8,3,399.5,202.9,101.1,8.8,104,18,98.9,22.6,112.5,16492.4
21,9,4,49,16.3,3.4,2.8,0,0.1,16.3,2.1,14.5,1958.2
21,10,1,9,3.4,0.7,0.7,0,0.2,3.4,0.5,2.3,391.5
21,14,2,6,2.3,0.4,0.2,0,0.2,2.3,0.1,2.1,283.9
21,18,1,2,0.8,0.2,0.1,0,0,0.8,0.1,0.3,108.3
21,23,3,23.5,8.3,1.9,1.9,0,1.2,8.3,1.9,6.4,775.5
21,26,1,4,1.2,0,0,0,0.1,1.2,0.1,1,134.5
21,27,1,13,3.8,0,0,0,0.3,3.8,0.3,3.3,437.2
21,32,3,111.5,38.1,6,5,1,6,37.1,5,35,4042
21,33,5,78.5,30.6,7,1,0,1.8,30.6,2,29.5,3021.8
21,34,1,1,0.4,0.1,0,0,0,0.4,0,0.4,40.2
21,37,1,2,0.7,0.1,0,0,0,0.7,0,0.6,81.1
21,44,1,1,0.4,0.1,0,0,0,0.4,0,0.3,41.5
21,46,1,1,0.4,0.1,0,0,0,0.4,0,0.4,47.8
21,47,2,15,6.4,1.9,0.5,0.5,0,5.9,0.5,5.5,717.7
21,49,1,2,0.6,0.1,0.1,0,0.1,0.6,0,0.6,71.1
21,50,3,61,21,1.2,2.9,0.2,1,20.8,0.7,18.8,2041.5
21,51,1,394,164.6,56.5,17.7,71.1,19.3,93.5,30.2,88.1,13041.8
21,52,4,163.5,61.3,9.3,5.7,0,4.7,61.3,2.5,59.1,6729.2
21,53,3,18,7,1.1,0.7,0,0.9,7,0.2,6.3,755.8
21,61,3,85,32.3,8.2,3.6,0,0.7,32.3,2.3,26.3,3455.1
21,64,1,1,0.4,0.1,0,0,0,0.4,0.1,0.3,39.6
21,65,3,26,10.1,2.5,1.4,0,0.9,10.1,0.9,7.2,1113.2
21,66,1,2,0.8,0.2,0.1,0,0.1,0.8,0.1,0.6,85.6
21,68,3,12,5.5,2.3,0.4,0,0.4,5.5,1.6,5.5,570.5
21,69,2,14,5.6,1.5,0.3,0.1,0.1,5.5,0.8,5.2,650.2
21,70,1,167.5,67,17.1,7.2,0.1,4.1,66.9,5.5,59.7,8354.4
21,71,1,11,4.4,1.2,0.2,0.1,0.1,4.3,0.6,4.1,510.9
21,73,5,66,24.3,2.8,0.9,0,0.9,24.3,0,21.3,2758.4
21,74,1,4,1.4,0.3,0.2,0.1,0.2,1.3,0.3,1.1,146.6
21,75,1,1,0.3,0.1,0,0,0,0.3,0.1,0.3,36.7
21,80,3,7,2.9,1.1,0,0.3,0,2.6,0.8,2.1,330.9
21,81,4,20,6.8,1.7,1.2,0,0.5,6.8,1.1,5.8,656
21,82,2,22,7.4,1.7,1.4,0,0.6,7.4,1.1,6.2,704.9
21,83,2,13,4.3,1,0.9,0,0.3,4.3,0.7,3.7,416.5
21,93,2,8,3,0.2,0.2,0,0.6,3,0.4,2.2,331.2
21,94,1,5,1.8,0.1,0.1,0,0.3,1.8,0.2,1.4,207
21,97,1,3,1.1,0.1,0.1,0,0.2,1.1,0.1,0.8,124.2
21,99,4,44,18.9,3.2,0.9,0,1.8,18.9,1.6,18.1,2095.4
21,102,1,2,0.6,0.1,0.2,0,0.1,0.6,0,0.5,62.4
21,106,1,8,4.3,1.5,0,0,0.4,4.3,0.6,3.9,455.6
21,109,2,130,43,7.8,8.4,0,0,43,3.2,35.3,4816.5
21,110,3,37,13.2,2.7,1.3,0,0,13.2,0.7,11.2,1498.5
21,120,3,43.5,15.3,2.7,2.7,1.8,0.9,13.5,0,10.7,1964.2
21,122,2,20,7.2,0.8,0.4,0.4,0,6.8,0.4,5.8,874.2
21,123,3,25,8.9,1.1,0.6,0.6,0,8.3,0.6,7.2,1092.8
27,2,2,168.5,72,22,4,0,8,72,3,58,6559
27,3,4,195,70,11.9,7,0,7.9,70,2.9,59,7832
27,13,2,6,2.8,1.2,0.2,0,0,2.8,0.4,1.6,340.6
27,16,2,8,3.9,1.6,0.3,0,0,3.9,0.7,2.3,454.1
27,21,1,2,0.8,0.2,0,0,0,0.8,0,0.7,92.5
27,25,4,47,15.9,2.9,2.9,1.4,1.4,14.5,2.9,12.9,1995.7
27,28,2,10,3.8,0.6,0.3,0,0.3,3.8,0.2,3.4,429.4
27,31,2,21,9.8,2.8,0,0,1.1,9.8,0,6.3,1451.1
27,32,1,4,1.9,0.5,0,0,0.2,1.9,0,1.2,276.4
27,38,3,24,9.2,2.4,1.3,0,0.6,9.2,1,8.6,974
27,39,3,32,12.1,3.2,1.8,0,0.7,12.1,1.3,11.6,1298.5
27,47,3,178.5,74.7,19.2,4.9,0,10.2,74.7,4.7,66.9,8053.4
27,48,2,8,3.2,1,0.3,0,0.3,3.2,0.2,2.4,377.9
27,51,2,8,3.7,1.3,0.5,0,0.2,3.7,0.5,3.7,471.8
27,58,1,10.5,3.9,1.2,0.4,0,0,3.9,0.4,3.4,476.5
27,59,1,1,0.4,0.1,0,0,0,0.4,0,0.3,45.4
27,61,1,37.5,14.7,0.3,0.2,0.2,0.3,14.5,0.1,13.3,1594
27,62,4,365.5,125.6,22.8,17.6,12.6,15.8,113,13.2,97.9,13141
27,63,1,52,17.5,3.1,2,0,1.1,17.5,1,17.4,1953.9
27,67,1,2,0.8,0.2,0.1,0,0.2,0.8,0.1,0.6,87.9
27,69,3,14,5.5,1.2,0.5,0,0.7,5.5,0.2,4.6,717.1
27,70,3,153,61.5,14.1,6.4,0,9.4,61.5,3.8,57.3,7361.4
27,81,1,2,0.8,0.1,0.1,0,0,0.8,0,0.8,100.7
27,84,5,295,114.7,31.5,15.2,6.4,12.9,108.3,16.3,78.5,12662.8
27,85,2,32,13.3,3.7,2.1,1.6,1.1,11.7,1.1,10.7,1448.5
27,88,1,2,0.8,0.1,0,0,0.2,0.8,0.1,0.6,97.1
27,90,1,5,1.9,0.2,0.1,0,0.4,1.9,0.2,1.5,242.8
27,104,1,3,1.1,0.3,0.2,0,0,1.1,0.1,0.9,129
27,107,1,7.5,2.5,0.2,0.2,0,0.2,2.5,0.5,2.3,271.2
27,109,2,8,3.5,0.9,0.3,0,1.3,3.5,0.3,2.9,405.7
27,119,1,36,17.4,6.9,1.1,6,3,11.4,4,12.4,1692.7
27,120,5,51,17.4,0.7,1.7,0,3.4,17.4,2.4,16.8,2410.4
27,123,1,8,2.7,0.4,0.6,0,0.2,2.7,0.6,2.3,271.6
27,124,1,2,0.7,0.1,0.2,0,0.1,0.7,0.2,0.6,67.9
112,29,5,44,16.7,3.8,1.5,0,0.7,16.7,0.7,14.4,2088.5
112,38,1,2,0.9,0.3,0.1,0,0,0.9,0,0.6,86.3
112,39,1,4,1.8,0.6,0.1,0,0,1.8,0,1.2,172.7
112,50,3,33,14,4,1.2,0.5,0.8,13.5,0.4,11.4,1720.4
112,51,2,19,8,2.2,0.7,0.2,0.4,7.8,0.2,6.6,990.6
112,59,2,32.5,12,4,1,0,0,12,0,11,1800
112,62,2,189.5,69.3,14.5,5.5,0.5,8,68.8,5,45.8,8254.6
112,63,4,252.5,100,21,5.1,8.7,8.6,91.3,3.7,80.4,13173.1
112,64,3,267.5,130.7,52.1,5.3,26.2,12.2,104.5,19.7,73,13205.1
112,73,2,30,12.7,4.6,0.6,0,1.2,12.7,1.2,10.3,1450.9
112,74,1,2,0.8,0.3,0,0,0.1,0.8,0.1,0.7,96.7
112,75,1,2,0.8,0.2,0.1,0,0.1,0.8,0,0.7,119.4
112,76,3,195,101.6,45.5,0.1,30.1,7.4,71.5,18,67.8,9966.5
112,79,2,46,17.1,5.4,2.7,1.8,1.8,15.3,0.9,14.4,2048.3
112,80,1,5,1.9,0.6,0.3,0.2,0.2,1.7,0.1,1.6,222.6
112,90,1,1,0.5,0.2,0,0,0,0.5,0,0.3,49.8
112,91,2,376.5,202.4,92.8,5.2,129,36.6,73.4,31.4,61.9,15381.5
112,92,1,361,198.8,95.3,6.4,83,20.1,115.8,20.7,106,16597.6
112,96,1,5,1.9,0.2,0.1,0,0.1,1.9,0,1.7,253.9
112,100,1,3,1.1,0.1,0.1,0,0,1.1,0,1,135
112,103,1,3,1.1,0.1,0.1,0,0,1.1,0,1,135
112,110,3,11,4.6,0.9,0.2,0,0.1,4.6,0.1,4.2,557.5
112,111,5,187,69.9,13.2,3.5,2.4,1.9,67.5,2.2,60.7,8782.8
112,112,1,5,1.8,0.3,0.2,0.1,0.1,1.7,0,1.4,249.8
112,114,3,10,3.7,0.6,0.4,0.1,0.3,3.6,0,2.7,499.7
112,127,0,211,71,8,10,0,5,71,2,26,8552
117,2,2,7,2.7,0.7,0.4,0,0,2.7,0.1,2.5,319.1
117,20,1,2,0.8,0.3,0.1,0,0.1,0.8,0.2,0.5,91.7
117,21,4,56,22,6.8,3.7,0.6,1.7,21.4,7.3,10.1,2256.5
117,22,1,4,1.9,0.6,0.1,0.1,0.1,1.8,0.2,1.6,208.7
117,33,6,30,12.9,3.9,0.9,0.9,0,12,0.9,11.5,1725
117,41,4,33,14.8,6.1,2.7,0,0.5,14.8,2.7,10.1,1955.2
117,58,1,5,2.3,0.6,0.1,0,0.1,2.3,0,2.2,333
117,59,1,3,1.4,0.3,0,0,0.1,1.4,0,1.3,199.8
117,64,2,21,8.6,2.2,0.4,0.2,0.4,8.4,0.6,7.8,1262.6
117,65,2,46,21,6.3,0.5,0.2,0.5,20.8,0.7,20.1,2480.8
117,70,1,1,0.3,0,0.1,0,0,0.3,0,0.3,49.8
117,74,3,12,4.5,0.8,0.1,0.2,0.1,4.3,0.3,4,651.5
117,76,2,63,19.6,3.4,2.6,0,1.7,19.6,1.7,18.8,2474
117,82,1,13,4.8,0.9,0.4,0,0.1,4.8,0.5,3.5,548.7
117,83,2,5,1.8,0.3,0.2,0,0,1.8,0.2,1.3,211
117,85,2,142,62.7,14,2.4,0,5.6,62.7,1.6,55.1,6285.3
117,86,2,9,3.6,1.1,0,1.2,0.1,2.4,0.1,2.4,419.3
117,89,1,268.5,119.1,37.5,4.1,17,17.2,102.1,7.1,81.9,13099.2
117,90,2,199,89,20,3,1,11,88,1,86,8280
117,93,2,30,13,4,1,0,1,13,0,10,1302
117,102,1,39,15.6,2.3,0.3,0,1,15.6,1.1,12.3,1864.3
117,103,3,35,13.1,0.9,0.5,0,0.5,13.1,0.3,11.7,1608
117,104,4,78.5,30.3,3.5,1.3,1.8,2.5,28.5,2.8,25.6,3893.5
117,105,1,47.5,21.4,6.1,2,11.1,2.1,10.3,0.1,10.3,1991.4
117,111,4,192,81,18.8,4.8,11.2,12.6,69.8,4,56.3,9853.5
117,112,3,167.5,70.4,12.8,2.4,15,5.4,55.4,2.5,43.1,8241.7
117,117,2,190,72.5,16.6,4.7,11,4.9,61.5,6,53.7,8558.5
117,118,5,369,162.6,41.4,5,0.8,13.4,161.8,5.4,140.9,19424.8
117,120,1,5,2,0.3,0.2,0,0.2,2,0.1,1.9,202.9
117,122,3,383.5,179.9,76.5,14,177.4,31.7,2.5,41.7,20.5,13868.4
117,123,0,4590.5,1993,876,221,1920,440,73,929,78,129094
117,124,1,2035,760.7,261.2,123.1,671.3,161.1,89.4,341.1,57,58095.1
117,125,1,2616.5,1214.9,515.7,93.9,986.5,214.8,228.4,373.9,240,90400.9
117,126,1,1651,857.4,422.1,33,534.2,82.1,323.2,148,369,66999
117,127,1,2485,1310.5,658.2,47,1090,149.3,220.5,211.6,502.1,96178.2
17,4,3,144,62.2,16.6,4.2,14,9,48.2,7.6,41.5,5655.2
17,5,3,32,11.1,1.9,1.5,0.4,1.1,10.7,1.1,7.3,1157.8
17,7,2,24,8.6,1.8,1.3,0,0.4,8.6,0.9,7.3,725.2
17,8,1,6,2.4,0.5,0.2,0,0,2.4,0,1.9,245.6
17,32,2,20,6.2,1.5,1.5,1.1,0,5.1,0.7,5.5,708
17,34,1,4,1.2,0.3,0.3,0.2,0,1,0.1,1.1,141.6
17,47,1,1,0.4,0.1,0,0,0,0.4,0,0.4,44.6
17,50,1,4,1.3,0.2,0.2,0,0.2,1.3,0.1,1.2,134.8
17,51,2,19,7.1,0.8,0.5,0.2,1,6.9,0.3,6.2,979.6
17,52,1,2,0.8,0.1,0.1,0,0.1,0.8,0,0.6,103.1
17,53,3,67.5,29.1,4.5,1.1,0.5,5,28.6,1.5,24.9,3388.4
17,54,4,43,13.1,0.2,2.6,0,0.9,13.1,0.6,12.2,1510.9
17,55,3,76,24.8,3,4.6,0,1.4,24.8,2.4,23.4,2885.8
17,56,1,81,35,12.2,2,0,2.6,35,2.6,30.1,4201.4
17,59,1,3,1.2,0.2,0.1,0,0,1.2,0,1,142.2
17,60,3,373.5,115,12.9,25.1,4,11.5,111,8.5,103.1,11840
17,61,5,251,111.1,41.1,7.9,25.2,15.1,85.9,3.1,76.4,10004.1
17,62,4,19,9.6,4.4,0.5,3.5,1.3,6.1,1.3,4.9,912.5
17,65,6,103,37,4.9,1.9,0,3.9,37,1,34.8,4456.1
17,68,1,4,1.7,0.4,0.2,0.1,0.2,1.6,0.1,1.3,208.5
17,69,3,24.5,10.2,2.1,1,0.5,1,9.7,0.5,8,1270
17,70,4,40,16,3.2,1.1,0.5,1.6,15.5,1.6,13.3,1796.8
17,71,6,235,91.2,27.2,10.7,1.3,9.3,89.9,7.6,75.5,9683.3
17,72,5,261.5,101,27.1,11.3,12.4,8.4,88.6,10.8,76.5,10393
17,73,2,6.5,2.9,0.8,0.2,0,0.4,2.9,0.4,2.6,342.7
17,80,3,61,25.6,6.2,1.7,0,4.7,25.6,0.7,21.1,2568
17,81,1,9,3.2,0.5,0.3,0,0.3,3.2,0.3,2.5,351.2
17,83,2,57,21.5,3.9,2.1,0,0.4,21.5,0.7,18.9,1927.5
17,84,5,83,28.5,6.4,4.5,1.5,2.7,27,2.5,20.2,2974.3
17,85,4,318,137.4,47.7,11.1,29,14.9,108.4,11.8,104.1,12802.9
17,86,2,69,30.7,9.7,1.9,2.9,8.4,27.8,2.8,23.5,2784.3
17,87,2,9,3.7,1,0.4,0,0.4,3.7,0.2,3.3,339
17,100,3,24,9.1,1.3,1.1,0,0.5,9.1,0.5,8.5,922.4
17,101,3,63,22.7,3.5,3.5,0,1.5,22.7,1,20.6,2291.1
17,107,1,5,2.2,0.7,0.1,0.3,0.1,1.9,0.4,1.5,240.3
17,108,4,50,15,0.9,1.8,0,0,15,0,13.1,1920.1
17,115,2,5,2,0.5,0.2,0,0.1,2,0.2,1.7,217.5
17,116,5,134,52.8,15.1,4.2,0,5.3,52.8,3.2,41.7,5709.6
17,117,2,98,39.9,7,1.4,0,1.9,39.9,2.4,36.9,3972.2
17,120,4,40,15.4,3.1,1.5,0,3.1,15.4,3.1,15.4,1380.8
17,121,5,95,33.1,3.6,3.4,0,0.9,33.1,1.8,29.4,3209.4
28,1,1,19,8.1,2,0,3.5,1,4.6,1,2,751.9
28,7,1,2,0.7,0.1,0.1,0,0,0.7,0,0.5,88.7
28,8,1,7,2.4,0.3,0.4,0,0.1,2.4,0.1,2.2,305.1
28,16,1,7,2.6,0.5,0.4,0,0.2,2.6,0,2.5,356.5
28,23,3,21,8.9,2,0.3,0.7,1.3,8.2,0.8,6.3,1185.9
28,27,2,18,6.1,1.1,1.1,0.6,0.6,5.5,1.1,5,764.3
28,28,1,9,3.4,0.5,0.3,0,0.3,3.4,0.2,3.1,386.5
28,29,2,13,4.8,1.3,0.4,0,0,4.8,0,3.5,613.6
28,31,2,20,9.3,2.7,0,0,1,9.3,0,6,1382
28,32,2,114,43.2,12.2,4,1,4.4,42.2,3,37.7,4539.9
28,33,1,1,0.5,0.2,0,0,0,0.5,0,0.4,68.8
28,38,6,68,25.8,6.6,3.9,0,1.6,25.8,2.6,24.7,2759.5
28,43,1,42.5,16.4,2.4,1.5,0,0.4,16.4,0.2,14.6,1648
28,44,3,25,9.6,2.2,1.1,0.2,0.9,9.4,0.6,8.3,1099.2
28,45,1,12,4.1,0.6,0.6,0.3,0.4,3.8,0.3,3.7,472
28,46,1,5,2.2,0.9,0.1,0,0.7,2.2,0.2,2.1,209.6
28,47,1,205,90.7,25.8,4.8,2.4,7.6,88.3,5.4,77.1,9362
28,48,1,57,15.3,1,4.4,0.1,0.4,15.2,0.2,14.4,1653.9
28,52,2,27,11,4,1.3,0,0.5,11,1.6,8.8,1199.4
28,53,4,38,16,5.6,1.8,0,0.8,16,2.2,13.8,1848.1
28,54,1,3,1.4,0.5,0.2,0,0.1,1.4,0.2,1.4,176.9
28,58,2,87,40.3,14.2,2.5,2,3.3,38.3,2.8,35.3,4178.2
28,59,5,65.5,25.1,7.3,1.9,0,0.5,25.1,2.4,21.9,2988.5
28,61,1,1,0.4,0.1,0,0,0.1,0.4,0,0.3,45.8
28,62,2,32.5,12.2,1.9,1.2,1.2,1.9,11,0.8,9.6,1488.1
28,63,4,158.5,66.8,17.5,4.9,0.3,7.5,66.5,4.4,53.7,6578.2
28,64,1,2,0.9,0.3,0,0,0.2,0.9,0.1,0.7,93.8
28,68,2,7,2.8,0.7,0.1,0,0.3,2.8,0.8,2.4,284.2
28,69,3,5,1.9,0.3,0.3,0,0.3,1.9,0,1.6,252.6
28,70,1,7,2.6,0.3,0.2,0,0.2,2.6,0.1,2.2,283.3
28,72,1,3,1.3,0.7,0.1,0.1,0,1.2,0.1,0.8,179.2
28,75,1,2,0.9,0.2,0,0,0.1,0.9,0.1,0.7,135.1
28,76,1,3,1.1,0.2,0.1,0,0.1,1.1,0,1,108.6
28,77,1,18,7.9,3.9,0.6,0.6,0,7.3,0.6,4.5,1075.5
28,78,1,2,0.8,0.2,0.1,0.1,0.2,0.7,0.1,0.7,77.8
28,82,3,82.5,33.3,4,1,0,1.7,33.3,0.3,32.6,3774.3
28,83,2,102,39.3,13.2,5.2,0.1,4.9,39.2,2.4,32.5,4176.8
28,84,3,81,31.2,6.1,3.5,0.3,1.1,30.9,1.5,28,3518.1
28,88,1,2,0.8,0.2,0.1,0,0.1,0.8,0.1,0.5,77.3
28,96,1,2,0.9,0.2,0,0.1,0.2,0.8,0,0.7,91
28,104,3,46.5,16.3,2.9,1.9,0,0.5,16.3,2,14.3,1845.5
28,105,3,57,23.8,7.6,1.5,0,2.5,23.8,4.1,20.2,2612.3
28,107,1,14.5,6.3,1.2,0.2,0,0.7,6.3,0,5.8,629.6
28,108,1,5,1.9,0.5,0.3,0.3,0.2,1.6,0.3,1.4,194.5
28,114,3,12,4.4,0.9,0.2,0,0.2,4.4,0.2,3.3,557.7
28,120,1,10,3.4,0.2,0.3,0,0.7,3.4,0.5,3.3,472.6
63,2,7,144.5,64.2,17.9,1.3,0,8.7,64.2,4.6,48.6,6512.6
63,8,2,6,2.5,0.7,0.2,0,0.2,2.5,0.3,2.2,299.6
63,9,3,38,16,4.5,1.2,0,1.2,16,1.9,14,1897.6
63,50,3,37,16.3,5.5,0.6,0,0.9,16.3,1.5,14.8,1823.2
63,53,2,12,4.8,1.2,0.3,0,0,4.8,0.3,3.9,684
63,54,2,5,2,0.5,0.1,0,0,2,0.1,1.7,285
63,56,1,22,7.5,1.2,0.6,0,0.6,7.5,0,7.5,782.2
63,63,3,59,24.6,9.5,2.9,3.4,0.1,21.2,4.4,18.1,2685.4
63,64,1,4,1.7,0.5,0.2,0.1,0,1.6,0.1,1.4,184.5
63,69,1,51,20.9,5.4,1.3,0,0.5,20.9,0.5,15.6,2213
63,70,3,94,40.6,12,2.2,2,3.8,38.6,2.8,34.6,4426.2
63,75,4,22,10,3.1,0.5,0,1,10,0.5,8.8,1146.2
63,78,2,10,4.4,1.4,0.6,0,0.6,4.4,0.6,4.2,432
63,80,2,12,5.4,0.7,0,0,0.4,5.4,0.4,5,648
63,83,1,1,0.4,0.1,0,0,0,0.4,0,0.3,46.1
63,86,2,25,12.2,4.1,0.5,0,2.1,12.2,1,10.7,1287.8
63,88,1,2,0.8,0.1,0,0,0,0.8,0,0.8,109
63,89,5,53,22.5,4.3,0,0.4,2.3,22.1,2,18.6,2773.4
63,95,1,28.5,11.3,2.3,0.5,0,1.4,11.3,0.5,10.2,1212.2
63,112,4,40,16.1,2.6,1.7,0,0,16.1,2.6,15.2,1835
63,113,6,83.5,32.8,7.3,3.2,1,1.9,31.8,2.3,30.7,3958.1
63,119,5,103,45.5,12.6,1.9,1,5.8,44.5,4,38.5,5580.4
63,120,2,11,4.1,1.4,0.5,0,0.2,4.1,0.5,3.4,443.9
63,123,2,17.5,6.4,1,0.2,0.2,0.7,6.2,0.7,5.4,875.7
114,22,3,16,5.4,0.6,1.5,0,0,5.4,1.5,4.4,826.2
114,46,1,5.5,2.3,1,0.5,0,0.2,2.3,0.5,1.8,253.5
114,50,1,3,1.3,0.4,0.1,0.1,0.1,1.2,0,1,156.4
114,61,1,1,0.5,0.2,0,0,0,0.5,0,0.4,70.4
114,62,1,1,0.5,0.2,0,0,0,0.5,0,0.4,70.4
114,63,2,2,1,0.4,0,0,0,1,0,0.8,140.8
114,64,3,36,17.7,6,0.6,0,1.2,17.7,0.6,15.2,2533.4
114,70,1,2,0.9,0.2,0,0.1,0.2,0.8,0.1,0.7,88.1
114,71,3,435.5,196.4,69.7,7,38.8,18.5,157.6,23.2,131.9,21192.4
114,72,0,36,18,7,0,0,1,18,1,15,2468
114,73,1,118,51.7,14.9,2,0,3.9,51.7,2,43.8,5934.1
114,74,2,10,4.3,0.4,0,0,0.4,4.3,0,3.7,556.7
114,76,5,154,81.6,38,1.4,26,5.9,55.6,11.1,41.7,7532.4
114,85,2,120.5,53.2,16.7,2,2,5,51.2,1,45.1,6253.9
114,86,1,517.5,242.9,83.3,6,20,18.1,222.9,11.2,180.7,24890.2
114,90,4,145.5,59,13,1.8,0.8,7.6,58.2,3.6,51.6,6561
114,91,2,930.5,462.6,197.6,18.1,201,50.5,261.6,60,249.1,42924.4
114,92,1,11.5,4.9,1.5,0.6,0,0.3,4.9,0,3.5,824.2
114,98,1,4,1.5,0.2,0.1,0,0.1,1.5,0,1.3,180.1
114,110,4,23,9.6,0.9,0,0,0,9.6,0,8.9,1348.1
114,111,1,3,1.3,0.1,0,0,0,1.3,0,1.2,175.8
114,117,3,76,33,7,1,0,3,33,0,29,4352
114,122,3,420.5,157.9,30,9.8,8.9,9.9,149,10.9,100.8,18719.3
114,123,1,535.5,218.1,51.4,23,20,21,198.1,19,152.8,28737.9
114,125,3,20,8,2,0.7,1.3,0,6.7,0,2.8,832.2
114,126,2,7,3,0.8,0.2,0.3,0.1,2.7,0.1,1.5,318.9
114,127,2,1143,477.9,117.4,33,101,51.4,376.9,48.4,215.7,46391.9
29,7,1,4,1.4,0.2,0.1,0,0,1.4,0.1,1.1,177.4
29,8,2,40.5,13.7,1.6,2.4,0,0.8,13.7,0.8,12.8,1765.1
29,11,2,26,9.6,2.2,1.6,0,0.5,9.6,0.5,9.1,1173.5
29,12,1,22.5,8.4,1.9,1.4,0,0.5,8.4,0.5,7.9,1015.5
29,15,2,4,1.5,0.3,0.3,0,0.1,1.5,0,1.5,203.7
29,16,2,17,6.3,1.4,1.1,0,0.5,6.3,0,6.2,865.6
29,19,1,5,2.1,0.5,0.1,0.2,0.4,1.9,0.2,1.4,294.3
29,22,1,4,1.7,0.4,0.1,0.2,0.3,1.5,0.2,1.2,235.5
29,23,1,6,2.5,0.6,0.1,0.2,0.5,2.3,0.2,1.7,353.2
29,24,1,3,1.3,0.3,0.1,0.1,0.2,1.2,0.1,0.9,176.6
29,28,1,8,2.9,0.8,0.3,0,0,2.9,0,2.1,377.6
29,29,1,155,65.3,19.9,7.3,2,1,63.3,6,53.4,7461.8
29,32,3,55,21.1,4.4,2,0,1.8,21.1,2.4,18.2,2079.4
29,33,1,25,11.6,4.5,0,0,0.9,11.6,0.9,8.9,1719.6
29,34,1,1,0.5,0.2,0,0,0,0.5,0,0.4,68.8
29,41,1,3,1.2,0.3,0,0.1,0.1,1.1,0,0.9,184.9
29,43,3,57,22,4.6,2,0,1.8,22,0.4,20.6,2496.3
29,44,4,200,77.6,17.3,8.4,1.1,8,76.5,5,70.1,8868.8
29,45,2,103.5,36.2,1.6,3.6,0.8,6.2,35.4,3.8,33,4135.3
29,46,2,10,3.5,0.5,0.5,0.3,0.3,3.2,0.2,3.1,393.3
29,48,1,2,0.7,0,0.1,0,0.1,0.7,0.1,0.7,78.4
29,49,3,76.5,29.1,3.6,1.9,0,4.5,29.1,1.9,27.2,3183.7
29,50,2,14,5.2,0.7,0,0,0.7,5.2,0,5.2,533.5
29,51,1,4,1.5,0.2,0,0,0.2,1.5,0,1.5,152.4
29,53,1,13,5.2,1.9,0.6,0,0.2,5.2,0.8,3.8,534.5
29,55,2,38,14.5,2.5,0.8,0,0.8,14.5,1.6,13.7,1509.5
29,56,1,32,13.5,2.3,0.1,1,0.1,12.5,2.2,7.4,1389.9
29,57,1,1,0.4,0.1,0,0,0,0.4,0,0.4,39.7
29,58,2,6,2.4,0.6,0.1,0,0.1,2.4,0.2,2.2,276.2
29,59,1,5,2,0.5,0.1,0,0.1,2,0.2,1.8,230.2
29,63,7,106.5,44.6,10,2.6,0.8,5.1,43.8,2.6,37,4754.2
29,64,4,39,15.3,3.2,1.6,0.3,0.8,15,1.3,13.5,1902.2
29,65,2,32,11.8,2.7,1.4,0,0,11.8,1.4,11.1,1756.6
29,67,2,21,8.3,0,0,0,1.4,8.3,0,4.1,935.7
29,68,3,62.5,23.3,5.9,3.7,0,2.4,23.3,3.5,20.8,2477.7
29,69,1,5,2,0.5,0.1,0,0.2,2,0.6,1.7,203
29,72,1,2,0.9,0.2,0,0,0.1,0.9,0.1,0.7,135.1
29,74,2,4,1.8,0.4,0,0,0.2,1.8,0.2,1.4,270.2
29,76,4,66,24.7,4.2,2.3,0,1.7,24.7,0.5,22.4,2764.7
29,81,1,68,31.3,13.4,2,27,5.1,4.3,8.1,4.2,2158.6
29,82,1,762,340.6,126.5,29,126,49.2,214.6,53.6,198.4,27638.5
29,83,3,329.5,146.1,51.4,7.7,30,17.7,116.1,15.2,98.9,12693.6
29,95,1,2,0.8,0.2,0,0,0.2,0.8,0.1,0.6,85
29,96,2,24,10.2,1.8,0,0,1.8,10.2,0.9,7.4,1020
29,98,2,8,3.1,0.4,0.3,0,0.3,3.1,0.4,2.4,341.9
29,100,3,180,73.7,20.1,5.3,1,8.3,72.7,7.1,59.1,7282.9
29,101,1,2,0.8,0.1,0.1,0,0.1,0.8,0.1,0.6,85.5
29,105,2,33,12.8,2.7,1,0,1.8,12.8,1.8,10,1351.2
29,107,3,72.5,32.7,8.8,0.7,1,4.3,31.7,1,29.2,3330.5
29,108,4,36,13.7,3.6,2.3,2.3,1.3,11.4,2.3,10.1,1400.3
29,114,1,50,18,3.3,0.8,0,0.8,18,0.8,13.1,2334.4
29,123,3,40,15.3,4.2,0.9,0,0,15.3,1.4,13.1,1653.5
29,124,4,43,16.7,4.5,1.2,0,0.1,16.7,1.7,14.3,1782.9
102,1,1,2,1.1,0.5,0.1,0,0.1,1.1,0.1,0.8,100.1
102,2,2,321,156.7,66,11.7,21,11.7,135.7,24.4,107,16820.4
102,3,4,66,33.4,17.3,0.7,8,1,25.4,7,22.6,2967.2
102,27,2,6,2.4,0.5,0.3,0,0.1,2.4,0.3,2,276.8
102,28,1,2,0.8,0.2,0.1,0,0,0.8,0.1,0.7,92.3
102,50,2,18,7.4,2.1,0.7,0.2,0.5,7.2,1,6.7,876.9
102,64,5,113.5,47.5,15.1,6,0,1.5,47.5,5.8,39.8,5474.5
102,65,3,15,6.9,2.2,0.2,0,0.2,6.9,0.6,5.4,797.1
102,70,1,2,0.7,0.1,0,0,0.1,0.7,0,0.7,83
102,75,3,19,7.6,0.6,0.2,0,0.8,7.6,0.2,6.5,930.8
102,76,6,86.5,35,4,1.2,0,3.5,35,0.9,29.9,4205.6
102,77,4,70,28.7,6.6,1.9,0,1.9,28.7,0.5,24,3080
102,78,1,2,0.9,0.2,0,0,0.1,0.9,0.1,0.7,102.5
102,81,7,50.5,21.8,5.1,0.6,0,1.2,21.8,0.4,19.2,2915.7
102,82,4,50,21.5,5,0.5,0,0.5,21.5,0,19.2,2987.6
102,83,3,40.5,15.7,2.1,0.5,0,1.1,15.7,1.1,14.6,2201.6
102,84,3,95.5,33.2,4.5,3,0,1.3,33.2,2.3,31.9,3740.9
102,85,2,55,25.7,6.6,0,0,1.3,25.7,1.1,24.2,3097.7
102,92,1,4,1.8,0.5,0,0,0.1,1.8,0.3,1.7,172.5
102,100,2,4,1.6,0.4,0,0,0.1,1.6,0.3,1.5,217.2
102,103,2,5,2,0.2,0,0,0,2,0,1.7,222.8
102,113,2,84,38.8,10,0.6,1,2,37.8,3,33.8,4811.6
102,114,3,18,6.7,1.6,0.4,0.1,0,6.6,0.3,6.4,859.8
102,118,1,4,1.3,0.3,0.2,0,0,1.3,0.1,1.3,169.7
102,119,4,175,64.3,15.6,8.8,0,3,64.3,4.9,57.3,8103.4
102,120,1,15,5.2,0.3,0.3,0,0,5.2,0.3,4.2,735.3
102,121,4,55,21.6,2.2,0.5,0,0.5,21.6,1.2,19.4,2366.2
102,122,1,106,44.9,7.4,0.3,0,1.3,44.9,1.7,35.6,4955.7
109,1,3,34,14.2,3.4,0.4,0,0.9,14.2,0.8,11.5,1725
109,15,1,1,0.4,0.1,0,0,0,0.4,0,0.3,50.6
109,18,1,4,1.3,0.1,0.4,0,0,1.3,0.4,1.1,206.5
109,36,1,6,2.2,0.2,0.2,0,0.2,2.2,0.2,2.2,226.4
109,37,1,2,0.7,0.1,0.1,0,0.1,0.7,0.1,0.7,75.5
109,46,1,1,0.5,0.1,0,0,0,0.5,0,0.4,58.1
109,47,3,17,7.7,1.9,0.4,0.4,0.7,7.3,0.4,7.1,988.2
109,64,3,25,9.6,1,0.4,0.6,1,9,0.4,8.5,1206.5
109,69,3,103,37,6.3,3.5,0,3.7,37,4,29.9,4416
109,70,3,14,4.6,0.6,0.2,0,0.8,4.6,0,3.4,560
109,76,1,2,0.8,0.2,0.1,0,0.1,0.8,0,0.7,89.2
109,81,2,5,2.1,0.5,0,0,0.2,2.1,0.1,2,246.8
109,87,2,10,4.3,0.6,0.2,0,0.4,4.3,0.4,3.9,378.4
109,88,3,2030,794,258.6,106,753,151.8,41,321.4,109.6,60314
109,89,2,426,243.7,124.9,7.2,178.7,23.5,65,36.4,91.9,17859.3
109,90,0,1683,865,421,40,486,87,379,136,422,61167
109,91,0,1388.5,714,317,26,410,98,304,123,258,52572
109,92,1,228,93.3,17,3,0.7,9.4,92.6,5,67.8,8352.6
109,93,1,595.5,309,130.3,6.4,156.4,26.4,152.6,20.8,165.9,26517.2
109,94,1,536.5,244.3,70.3,3.2,6,22.2,238.3,14,198.1,25229.7
109,95,3,212.5,94.7,20.9,3.6,0,9.6,94.7,2,73,9574
109,96,1,5,1.9,0.2,0.1,0,0.1,1.9,0,1.7,253.9
109,113,1,141,60.9,20.3,2.1,3,6.1,57.9,4,51.5,8473.2
109,114,3,172,67.2,16.6,7.8,0,3.8,67.2,7,53.9,8620.8
109,116,3,195,76,15.8,4,1,5.8,75,6.1,56.9,9496.6
109,117,1,3.5,1.5,0.4,0,0,0.1,1.5,0,1.3,188.7
109,118,6,294,123.9,33.3,6.6,4.5,9.6,119.4,6.5,98.8,16327.6
109,119,1,5,1.7,0.3,0.2,0,0.1,1.7,0,1.5,242
109,123,2,3,1.2,0.2,0,0,0.1,1.2,0.2,1.2,182.3
30,9,1,72,27,6.1,4.2,0,2.1,27,3.1,22,2994.8
30,10,1,8,2.9,0.8,0.6,0,0.1,2.9,0.1,2.4,309.2
30,12,4,27,10.1,2.1,1.7,0,0.8,10.1,0,9.8,1374.9
30,20,1,7,3,0.7,0.1,0.3,0.5,2.7,0.3,2,412.1
30,21,1,2,0.8,0.2,0,0.1,0.2,0.7,0.1,0.6,117.7
30,32,1,7,3,0.5,0,0,0.2,3,0.5,2.8,316.5
30,33,1,1,0.5,0.2,0,0,0,0.5,0,0.4,68.8
30,35,1,5,1.7,0.2,0.2,0,0,1.7,0,1.7,265.6
30,37,1,14,4.7,0.4,0.4,0,0,4.7,0,4.7,743.7
30,38,2,3,1.2,0.3,0,0.1,0.1,1.1,0,0.9,184.9
30,43,1,7,2.8,0.7,0.3,0,0.2,2.8,0.1,2.4,321.5
30,50,1,2,0.7,0.1,0,0,0.1,0.7,0,0.7,76.2
30,52,1,11,4.4,1.6,0.5,0,0.2,4.4,0.6,3.2,452.3
30,55,1,2,0.8,0.1,0,0,0,0.8,0.1,0.7,79.4
30,58,1,2,1,0.4,0,0,0,1,0,0.9,116.5
30,59,2,19.5,9.3,4,0,0,0,9.3,0.5,8.4,1136.3
30,60,1,3.5,1.7,0.7,0,0,0,1.7,0.1,1.5,204
30,61,1,2,1,0.4,0,0,0,1,0,0.9,116.5
30,62,5,111,47.9,13.6,2.5,3.8,7.1,44.1,3.1,40.5,5030.3
30,63,5,314.5,141,57.3,13,26.2,20.7,114.8,19.9,101.4,13052
30,64,3,30,12.1,2.5,1.2,0.3,1,11.8,0.9,10.5,1344.2
30,67,1,3,1.2,0,0,0,0.2,1.2,0,0.6,133.7
30,68,2,5,2.5,1,0.1,0,0.3,2.5,0.4,2.3,273.3
30,71,1,1,0.5,0.1,0,0,0.1,0.5,0,0.4,67.5
30,79,1,3,1.3,0.2,0,0,0.2,1.3,0.2,1.1,175.9
30,80,1,1,0.4,0.1,0,0,0.1,0.4,0.1,0.4,58.6
30,81,2,197.5,72.7,17.3,7.1,24.1,9.3,48.6,11.2,42.6,6037.3
30,82,0,595,226,48,20,15,26,211,21,187,20966
30,83,2,108,48.4,15,3.2,1.6,2.2,46.8,0.7,42.1,4657
30,84,1,8,3.1,0.6,0.2,0,0.4,3.1,0,2.8,330
30,92,1,3,1.3,0.3,0,0.1,0.3,1.2,0.1,1.1,136.4
30,96,2,3,1.3,0.3,0,0.1,0.3,1.2,0,1.1,136.5
30,100,2,6.5,2.5,0.3,0.3,0,0.3,2.5,0.3,1.9,277.8
30,105,1,1,0.4,0.1,0,0,0.1,0.4,0.1,0.3,40.9
30,117,1,7,2.8,0.8,0.3,0,0.2,2.8,0.3,2.6,308.4
30,120,1,7,2.9,0.7,0,0,0.2,2.9,0.4,2.2,294.9
30,124,3,58,24.8,6.2,2.3,2,4.3,22.8,2.7,21.3,2289
30,125,1,7,2.8,0.7,0.5,0,0.1,2.8,0.6,2.7,296.9
62,8,3,21,8.9,2.3,0.7,0,0.7,8.9,1.2,7.7,1048.7
62,9,5,58,23.6,6.4,2,0,2,23.6,2.6,19,2835.1
62,13,1,2,0.9,0.4,0,0,0.1,0.9,0,0.8,80.7
62,38,5,83,28.1,6.8,5.4,0,2.4,28.1,1.6,25.7,3041.6
62,39,5,46,18.1,5.4,1.5,0,1.5,18.1,0.4,17.6,2010
62,40,1,5,2,0.6,0.2,0,0.2,2,0.1,1.9,218.5
62,43,3,34.5,12.6,3.2,2.3,0,2.3,12.6,1.6,11.1,1594.9
62,57,2,15,6,1.5,0.3,0,0,6,0.3,4.9,855
62,58,2,18,7.9,2.1,0,0,0.5,7.9,0,7.5,745.5
62,68,2,5,1.8,0.5,0.2,0,0.1,1.8,0.1,1.5,192.2
62,69,2,18,6.4,1.5,0.8,0,0.3,6.4,0.3,5.6,691.7
62,70,1,9,3.2,0.8,0.4,0,0.2,3.2,0.2,2.8,345.9
62,76,2,4,1.8,0.6,0,0,0.2,1.8,0,1.6,208.4
62,80,2,6,2.7,0.8,0.3,0,0.3,2.7,0.3,2.4,259.2
62,83,2,40.5,16.2,3.8,1.4,0,0,16.2,0.4,14.4,2098.8
62,89,2,4,1.6,0.2,0,0,0,1.6,0,1.6,218
62,95,4,58,24.1,7.8,2,0,2,24.1,2,21.2,2724
62,96,1,51,20.8,5.3,0.1,0,0.1,20.8,4.1,18.7,1888.9
62,97,2,23,9.6,1.9,1.9,0,0.6,9.6,1.2,9.1,1280.7
62,116,1,7,2.8,0.8,0.3,0,0.2,2.8,0.3,2,389.2
62,119,3,21,9.9,3.6,0.4,0,0.7,9.9,1.3,8.8,1029.8
62,120,1,2,0.8,0.2,0.1,0,0,0.8,0.1,0.6,80.7
31,2,1,4,1.7,0.4,0,0.7,0.2,1,0.2,0.4,158.3
31,9,3,139,53.8,12.4,6.9,0,4.2,53.8,6.2,44.9,5908.4
31,10,4,152.5,53.2,11.7,8.7,0,3.6,53.2,5.6,45.8,5899.2
31,12,2,9,3.4,0.7,0.5,0,0.3,3.4,0,3.2,458.3
31,22,1,5,2.1,0.5,0.1,0.2,0.4,1.9,0.2,1.4,294.3
31,42,2,4,1.6,0.4,0.1,0,0.1,1.6,0,1.3,183.7
31,48,1,5,1.9,0.3,0,0,0.3,1.9,0,1.9,190.5
31,50,1,1,0.4,0.1,0,0,0.1,0.4,0,0.4,38.1
31,51,1,1,0.4,0.1,0,0,0.1,0.4,0,0.4,38.1
31,53,1,47.5,17.8,0.5,1.3,0,4,17.8,0.5,17,1929.4
31,54,2,75,26.3,3.5,3.8,0,3,26.3,5.5,21,2792.7
31,57,1,2,0.8,0.1,0,0,0,0.8,0.1,0.7,79.4
31,58,1,8,3.8,1.6,0,0,0,3.8,0.2,3.5,466.2
31,59,3,9,4.3,1.8,0,0,0,4.3,0.2,3.9,524.5
31,62,1,13,5.1,1.3,0.4,0.2,0.9,4.9,0.9,4.4,554.7
31,63,2,39,18.1,6.6,0.6,0,1.5,18.1,0.6,15.9,1649.5
31,64,4,87,31.2,5.4,2.7,0,2.2,31.2,2.6,29.8,3420.7
31,65,4,42,13.3,1.9,1.9,0,0.9,13.3,0,12.3,1372.7
31,67,1,6.5,2.6,0,0,0,0.4,2.6,0,1.3,289.6
31,70,5,37,18.5,7.6,0.7,0,2.2,18.5,3.1,16.9,2022.7
31,71,2,8,3.9,1.4,0.1,0,0.5,3.9,0.6,3.5,463.1
31,76,1,1,0.5,0.1,0,0,0.1,0.5,0,0.4,67.5
31,77,3,11.5,5.4,1.2,0.2,0,0.7,5.4,0.5,4.2,776.6
31,78,1,2,0.8,0.1,0,0,0.1,0.8,0.1,0.7,117.3
31,79,2,8,3.3,0.4,0,0,0.4,3.3,0.4,2.9,469.2
31,82,3,50,16.7,2.7,1.8,1,2.7,15.7,1,14.8,1621.3
31,83,3,49,19.1,3.8,1.5,0,2.3,19.1,0,16.9,2021.2
31,84,3,322,140.7,52,10.9,15.8,13,124.9,21.6,105.6,12970.3
31,85,1,2,0.8,0.2,0.1,0,0.1,0.8,0.1,0.5,77.3
31,87,1,3,1.3,0.2,0.1,0.1,0.1,1.2,0.2,0.8,115.9
31,93,1,2,0.9,0.2,0,0.1,0.2,0.8,0,0.7,91
31,96,3,29,12.4,2.7,0,0.7,2.7,11.7,0.7,10.4,1318.8
31,97,1,3,1.3,0.3,0,0.1,0.3,1.2,0.1,1.1,136.4
31,110,3,57,22.6,4.3,1.2,0,0.6,22.6,0.6,21.6,2697.7
31,111,5,127,47.9,11.5,3.8,0,3.3,47.9,0.4,43.9,5443.3
31,114,1,1,0.4,0.1,0,0,0.1,0.4,0,0.3,49.1
31,117,5,181,60.7,10,10.7,0,6.8,60.7,4.7,52,6851.5
31,118,1,4,1.7,0.4,0,0,0.1,1.7,0.2,1.2,168.5
31,124,3,8.5,3.3,0.8,0.3,0,0,3.3,0.4,3,354
31,125,2,80,33.3,6.6,2.7,3,2.4,30.3,6.1,27.9,3758.8
32,6,2,16,6.9,2.9,0.6,0,0.6,6.9,1,5.6,676.7
32,7,2,34,14.7,6,1.4,0,1.4,14.7,2,12,1438
32,9,2,18,6.2,1,0.7,0,0,6.2,0.3,4.9,798.2
32,16,1,1,0.3,0.1,0.1,0,0,0.3,0.1,0.2,44.7
32,17,1,10,3.1,0.6,0.9,0,0.3,3.1,0.6,2,446.9
32,38,1,6,2.5,0.7,0.1,0.2,0.2,2.3,0.1,1.9,369.8
32,39,1,2,0.8,0.2,0,0.1,0.1,0.7,0,0.6,123.3
32,44,3,71.5,27.4,9.8,3.5,0.1,2.1,27.3,3.5,23.5,2902.5
32,45,1,41.5,16.2,1.9,1.3,1,0.6,15.2,1.9,13.3,1791.1
32,46,1,1,0.3,0.1,0,0,0,0.3,0.1,0.3,33.2
32,47,4,12,4.4,0.5,0.7,0.2,0.4,4.2,0.7,3.4,517.2
32,50,2,4,1.4,0.2,0.2,0,0.2,1.4,0.2,1.2,190.6
32,51,1,3,1.3,0.4,0.1,0,0.2,1.3,0.3,1,144.2
32,53,1,2,0.8,0.2,0,0,0.1,0.8,0.1,0.8,100.8
32,54,4,96,35,8.4,4.1,0,2.5,35,3.9,28.1,4266.4
32,56,1,8,3,0.7,0.3,0,0.3,3,0.4,1.8,408.4
32,57,1,7,2.6,0.6,0.2,0,0.2,2.6,0.3,1.6,357.3
32,58,1,9,3.4,0.7,0.2,0,0.4,3.4,0,2.9,411.3
32,59,2,11,4.2,0.9,0.2,0,0.5,4.2,0,3.6,502.7
32,60,1,5,1.9,0.4,0.1,0,0.2,1.9,0,1.6,228.5
32,61,3,16,8.3,4.2,0.6,0,0.6,8.3,0.6,6,905
32,62,1,2,1,0.5,0.1,0,0.1,1,0.1,0.7,113.1
32,63,2,7,2.5,1.1,0.2,1.1,0,1.4,0.9,1.4,277.9
32,64,5,31,11.9,4.8,1,3.8,0.3,8.1,3.1,7.2,1278.3
32,65,4,36.5,16.6,5.1,0.7,0.4,1.4,16.2,0.7,12.2,1666
32,66,5,46,18.1,5.4,2,2.9,1.7,15.2,1.7,14.3,2038.3
32,67,2,6,2.4,0.7,0.3,0.4,0.2,2,0.2,1.8,265.8
32,69,1,7,2.8,0.7,0.2,0,0,2.8,0.9,2,360.3
32,72,1,5,2.4,0.5,0.1,0,0.3,2.4,0.2,1.8,337.6
32,75,1,4,1.4,0.4,0.2,0,0.1,1.4,0.1,1.3,138.2
32,76,3,55,20.4,5.1,2.8,0,2.5,20.4,1,17.3,1933.6
32,77,4,10,3.9,0.9,0.6,0,0.6,3.9,0.1,3.1,356.3
32,78,4,35,12.5,1.7,1,0,2.2,12.5,2.7,11.9,1227.5
32,84,1,9,3.8,0.5,0,0,0.5,3.8,0.5,3.3,527.8
32,86,1,1,0.4,0.1,0,0,0.1,0.4,0,0.3,43.5
32,87,4,19,7.6,1.5,0,0.9,1.5,6.7,0.4,5.7,826.1
32,88,2,35,10.2,2.7,2,0,0.7,10.2,1.4,8.9,1068.6
32,90,5,94,36.2,9.3,3.9,1.4,4,34.8,3.4,29.3,4153.6
32,101,1,3,0.9,0,0.1,0,0.1,0.9,0,0.7,112.9
32,102,1,5,1.6,0,0.1,0,0.1,1.6,0,1.2,188.2
32,108,2,12,4.6,1.2,0.4,0,1.2,4.6,0.4,3.7,554.9
32,111,3,42,15.8,5.5,1.6,0,0,15.8,1.6,13.5,1676
32,116,1,3,1.1,0.4,0.1,0,0,1.1,0.1,1,119.7
32,117,1,5,1.9,0.7,0.2,0,0,1.9,0.2,1.6,199.5
32,118,2,5,2.1,0.5,0,0,0.1,2.1,0.3,1.5,210.6
32,120,3,13.5,5.5,1.4,0,0,0.4,5.5,0.7,4.1,568.8
32,123,3,39,16.2,5.9,1.5,0,0,16.2,1.5,13.2,1547.5
32,124,1,1,0.4,0.1,0,0,0,0.4,0,0.3,45.2
32,125,2,88,35.9,10.4,3.2,0,0.6,35.9,3.2,30.5,3667
48,7,1,2,0.9,0.2,0,0,0.1,0.9,0.1,0.8,89.1
48,15,2,22,8.4,2.3,0.6,0,0.9,8.4,1.2,7.8,1058.9
48,22,1,2,0.7,0.2,0.1,0,0,0.7,0.1,0.7,74.4
48,30,6,29,13.4,4.4,0.3,0.3,0.6,13.1,1,9.9,1522.8
48,31,1,6,2.6,0.9,0.1,0,0.1,2.6,0.3,1.9,276.8
48,35,1,5,1.8,0.4,0.2,0,0.1,1.8,0.1,1.6,196.5
48,37,2,7,2.4,0.5,0.3,0,0.2,2.4,0.2,2.3,275.1
48,40,6,47,18.7,3.8,1.6,0.3,0.6,18.4,0.6,15.6,2209
48,41,2,10,3.7,1,0.3,0,0.3,3.7,0.3,3.2,492.4
48,42,2,3,1.1,0.3,0.1,0,0.1,1.1,0.1,0.9,147.7
48,44,1,2,0.7,0.2,0.1,0,0.1,0.7,0.1,0.6,98.5
48,47,3,64,26.4,5.7,2.1,0,3.7,26.4,4,23.1,3253.5
48,48,2,18,8.1,2,0.4,0,0.5,8.1,0.1,6.9,916.5
48,49,2,5,2.4,0.7,0.1,0,0.4,2.4,0.4,2.1,257.9
48,58,2,3,1.4,0.6,0.2,0,0.2,1.4,0.2,0.9,131.1
48,59,1,3,1.8,0.9,0,0.1,0.2,1.7,0.4,1.1,164.4
48,60,2,12,4.1,1,0.5,0,0,4.1,0.2,3.8,436
48,62,3,13,8,4.1,0,0.9,0.4,7.1,0.4,6.2,924.7
48,64,1,1,0.4,0.1,0,0,0,0.4,0,0.4,46.1
48,65,4,63,25.5,6,2,0,1,25.5,1,22.7,2901.9
48,71,1,5,1.9,0.3,0.2,0,0.1,1.9,0.2,1.5,241.5
48,72,1,2,0.7,0.1,0.1,0,0,0.7,0.1,0.6,96.6
48,73,2,7,2.8,0.5,0,0,0.7,2.8,0.5,1.2,334.2
48,76,1,1,0.4,0.1,0,0,0,0.4,0,0.3,40.8
48,77,1,8,2.9,1,0.6,0,0,2.9,0.4,2.9,323.7
48,81,1,6,2.4,0.6,0.3,0,0.2,2.4,0.2,1.6,276.5
48,95,3,100,42.9,12.6,3.3,0,4.1,42.9,1,34,4641
48,96,4,171,81.2,28.7,1.1,8,3.4,73.2,4.1,64.2,8435
48,97,1,6,2.7,0.6,0.1,0,0,2.7,0,2.4,273.1
48,98,1,3,1.4,0.4,0,0.1,0.1,1.3,0.1,0.8,134.8
48,108,3,36.5,13,2.4,1.1,0.4,0.7,12.6,1.1,11.9,1480.4
48,109,1,4,1.6,0.4,0.1,0,0.1,1.6,0.1,1.5,172.7
48,114,2,4,1.8,0.2,0,0,0.2,1.8,0,1.6,239.4
48,122,2,90,36.4,8.2,4.3,0.2,2.9,36.2,4.3,26.3,3612.5
48,124,1,1,0.5,0.2,0,0,0,0.5,0.1,0.2,42.3
48,125,1,3,1.1,0.3,0.1,0,0.1,1.1,0.2,1,140.7
49,22,1,3,1.8,0.9,0,0,0.1,1.8,0.2,1.5,211.9
49,25,1,11,4.5,1.2,0.4,0,0,4.5,0,3.7,565.1
49,29,2,6,2.6,0.8,0,0,0,2.6,0.2,2,276.8
49,30,3,17,7.4,2.4,0.2,0,0.2,7.4,0.7,5.5,784.2
49,34,1,1,0.4,0.1,0,0,0,0.4,0,0.3,39.3
49,35,1,2,0.7,0.2,0.1,0,0,0.7,0,0.7,78.6
49,36,1,3,1,0.2,0.1,0,0.1,1,0.1,1,117.9
49,37,3,13,4.5,1,0.6,0,0.3,4.5,0.3,4.3,510.9
49,39,2,12,4.6,0.5,0.3,0.1,0.3,4.5,0.4,4,518.1
49,40,1,17,6.5,0.8,0.5,0.2,0.5,6.3,0.5,5.5,715.8
49,41,2,14,5.9,1.6,0.4,0.1,0.6,5.8,0.4,5,669.7
49,43,1,1,0.4,0.2,0,0,0.1,0.4,0,0.4,52.1
49,44,2,6.5,2.9,0.8,0.2,0,0.2,2.9,0.1,2.5,333.2
49,48,1,7,3.1,0.8,0.2,0,0.2,3.1,0,2.7,356.1
49,56,3,15,6.2,1.2,0.8,0,1.2,6.2,0.5,5,681.2
49,58,3,19,11.3,5.7,0,0.7,1.3,10.6,2.8,7,1041.4
49,59,2,4,2.4,1.2,0,0.2,0.2,2.2,0.6,1.4,219.2
49,60,3,51,17.7,4,2.4,0,0,17.7,0.7,16.3,1853
49,63,2,5,2.6,1.2,0,0,0,2.6,0,2.2,246.9
49,65,4,121,50,16.2,4.5,3,2.9,47,5.7,41.5,5530.6
49,66,2,8,2.9,0.7,0.4,0,0.1,2.9,0.1,2.7,329.1
49,67,1,2,0.7,0.2,0.1,0,0,0.7,0,0.7,82.3
49,69,1,3,1.1,0.2,0.1,0,0.2,1.1,0,1,122.3
49,74,3,5,1.9,0.4,0,0,0.2,1.9,0,1.6,195
49,76,1,3,1.3,0.3,0.1,0,0.1,1.3,0.1,1,122.5
49,83,2,9,3.6,0.9,0.5,0,0.2,3.6,0.2,2.5,414.7
49,84,1,3,1.4,0.1,0,0,0.5,1.4,0.2,0.7,201.8
49,92,1,4,1.4,0.2,0.1,0,0,1.4,0.2,1.2,155.1
49,94,2,47,21.3,7,1.6,0,1.2,21.3,1.3,20.7,2372.6
49,95,3,84,39.4,12.9,0.9,0,3.7,39.4,4.4,27.6,4322.9
49,96,3,21,8.7,1.5,0,0,0.1,8.7,0,8.7,1141.1
49,108,3,50,16.6,2.3,1.5,0.7,1.2,15.9,1.5,15,1964
49,109,2,40,13.3,1.9,1.2,0.6,0.9,12.7,1.2,12,1571.3
49,115,2,8,2.5,0.3,0.4,0,0.4,2.5,0.4,2.3,270
49,121,2,2,0.8,0.4,0.2,0,0,0.8,0.2,0.4,90.6
49,124,2,14.5,7.8,3.5,0,0,0.7,7.8,2.1,2.8,613.3
61,36,4,123.5,45.4,7.8,3,0,4,45.4,3.5,40.2,4736.6
61,37,3,48,15.7,1.6,2.2,0,1.6,15.7,2.2,13.4,1578.6
61,38,3,36,16.8,5.3,0.9,0,3.6,16.8,2.7,13.2,1602.3
61,39,1,1,0.5,0.1,0,0,0.1,0.5,0.1,0.4,44.5
61,58,3,19,7.6,1.7,0.6,0,0.6,7.6,1.7,5.9,730.2
61,59,1,6,2.4,0.5,0.2,0,0.2,2.4,0.5,1.9,230.6
61,60,1,2,0.8,0.2,0.1,0,0.1,0.8,0.2,0.6,76.9
61,63,1,4,1.6,0.3,0.1,0,0.1,1.6,0.3,1.3,153.7
61,66,4,33.5,13.8,3.1,1.2,0,1.2,13.8,2.4,11.8,1536.2
61,80,1,1,0.5,0.2,0,0,0,0.5,0.1,0.4,65.1
61,81,3,8,3.3,0.9,0.4,0,0.3,3.3,0.3,2.8,406.4
61,88,1,2,0.9,0.2,0,0,0.2,0.9,0.2,0.8,112.5
61,95,3,18,7.2,1.5,0.3,0,0.3,7.2,0.7,5.4,716.4
61,96,1,32.5,12.9,2.6,0.6,0,0.6,12.9,1.3,9.7,1293.6
61,97,4,114.5,49.9,18,3.1,6,5.9,43.9,5.1,31,5784
61,107,1,8,3.4,0.9,0.2,0.1,0.3,3.3,0.3,3.1,428.3
61,108,1,2,0.9,0.2,0,0,0.1,0.9,0.1,0.8,107.1
61,112,2,34,12.4,2.5,0.8,0,0,12.4,0,10.8,1245.6
61,113,2,23.5,12,3.5,0,0.9,1.7,11.1,0.9,11.1,1284.3
61,114,1,3,1.5,0.4,0,0.1,0.2,1.4,0.1,1.4,164
64,1,3,48,21.2,7.2,1.3,0,0.7,21.2,0.2,14.2,2490.4
64,2,2,310,146.5,45.1,3.7,0,10.1,146.5,12.5,112,14113.7
64,3,1,3,1.2,0.3,0,0,0.2,1.2,0.1,0.9,121.7
64,5,1,3,1.1,0,0,0,0.2,1.1,0,1,153.7
64,13,1,8,3.5,1.4,0,0,0.2,3.5,0,3.1,322.8
64,28,4,34,12.8,1.8,1.2,0,0.4,12.8,1.2,12,1418.1
64,31,1,31,14.4,5.1,1,0,1,14.4,1,11.4,1215.1
64,42,1,4,1.5,0.4,0.3,0,0.3,1.5,0.2,1.3,184.9
64,44,2,10,3.5,0.8,0.4,0,0.4,3.5,0.4,3.1,445.1
64,49,1,8,3.5,1.2,0.1,0,0.2,3.5,0.3,3.2,394.2
64,50,5,64,28.2,9.4,1.1,0,1.4,28.2,2.5,25.6,3153.7
64,53,1,3,1.2,0.3,0.1,0,0,1.2,0.1,1,171
64,54,1,3,1.2,0.3,0.1,0,0,1.2,0.1,1,171
64,56,2,16,5.5,0.8,0.5,0,0.5,5.5,0,5.5,568.8
64,58,1,2,0.9,0.2,0,0,0.1,0.9,0,0.8,82.8
64,59,2,14,6.2,1.6,0,0,0.4,6.2,0,5.8,579.8
64,62,2,80,26.7,5.9,3,0,0,26.7,2,25.7,3012
64,63,4,119,51.6,16.8,4.6,1,3.6,50.6,6,37.4,5167.8
64,64,2,28,11.6,3.3,1.3,0.5,0.2,11.1,0.5,9.5,1291.3
64,66,1,3,0.9,0,0.1,0,0,0.9,0,0.7,114.1
64,76,2,4,1.8,0.6,0,0,0.2,1.8,0,1.6,208.4
64,77,2,12,5.4,1.8,0.2,0,0.6,5.4,0.2,4.8,625.2
64,78,3,18.5,8.2,2.6,1,0,1,8.2,1,7.6,799.3
64,79,1,2,0.9,0.3,0.1,0,0.1,0.9,0.1,0.8,86.4
64,80,2,19,8.6,1.2,0,0,0.7,8.6,0.7,8,1026
64,86,1,14,6.9,2.3,0.3,0,1.1,6.9,0.6,6,721.1
64,89,4,17,7.7,2.1,0,0.3,1,7.4,0.9,5.4,844.3
64,91,1,2,0.7,0.2,0,0,0,0.7,0.1,0.7,92.7
64,93,2,6,2.1,0.7,0.1,0,0.1,2.1,0.3,2,278
64,94,2,24.5,8.6,3,0.5,0,0.5,8.6,1.5,8.1,1135.1
64,95,4,227.5,102.5,36.1,4.7,1,8.9,101.5,6.7,74.9,9860.7
64,96,4,63.5,25.3,5,1.3,0,2.9,25.3,1.2,22.9,2766.5
64,97,1,10,4.2,0.8,0.8,0,0.3,4.2,0.5,3.9,556.8
64,98,3,83,37,15.1,3,0,3,37,3,26,4082
64,110,1,4,1.7,0.5,0.1,0,0.1,1.7,0.1,1.5,214.1
64,119,1,2,0.8,0.1,0.1,0,0.2,0.8,0.1,0.7,108.1
64,123,3,112,41.9,5,2.5,1.4,2.4,40.5,3.4,35.9,4953.4
64,127,1,4,1.7,0.5,0.1,0,0.1,1.7,0.2,1.2,194.6
77,0,2,221.5,100.8,28.5,4,1,8,99.8,8.6,89.3,9050.4
77,16,4,32,14.6,4.2,0,0,0.8,14.6,1.2,13.2,1725.2
77,20,1,21,8,2,0.7,0,1,8,0.3,6.3,1008
77,21,1,4,1.5,0.4,0.1,0,0.2,1.5,0.1,1.2,192
77,23,1,4,1.5,0.4,0.1,0,0.2,1.5,0.1,1.2,192
77,26,2,12,4.8,0.6,0,0,0.4,4.8,0,4.4,616.4
77,48,1,1,0.4,0.1,0,0,0,0.4,0,0.4,55.5
77,49,3,16,7,2.4,0.5,0,0.5,7,0.5,6.2,887.5
77,54,1,6,2.4,0.5,0.2,0,0.5,2.4,0.3,1.4,268.7
77,58,1,4,1.8,0.4,0.1,0,0,1.8,0.5,1.6,216.1
77,70,1,4,1.4,0.4,0.1,0,0.1,1.4,0,1.1,207.3
77,76,1,2,1,0.3,0,0,0.1,1,0,0.9,120.4
77,87,4,100,42.2,14,1.5,0,3.4,42.2,2.9,28.8,4195.4
77,88,3,63,23.5,4.9,2.3,0,2,23.5,2,15.6,2343.1
77,99,2,66,26.5,4.7,1.1,0,1.6,26.5,0.8,25.2,2727.9
77,106,1,4,1.6,0.4,0,0,0,1.6,0.1,1.5,151.5
77,111,1,3.5,1.6,0.4,0.1,0,0.3,1.6,0,1.3,235.4
77,117,2,40,16.5,2.6,0,0,1.7,16.5,2.6,13.9,1860
77,118,2,22.5,9.4,1.9,0.4,0,0.6,9.4,0.9,8.4,1019.6
77,119,2,15,6.3,1.3,0.3,0,0.4,6.3,0.6,5.6,679.8
77,123,1,1,0.3,0,0.1,0,0,0.3,0.1,0.3,62.3
33,5,3,22,7.6,1.2,0.7,0,0,7.6,0.5,6,975.6
33,7,1,1,0.4,0.2,0,0,0,0.4,0.1,0.4,42.3
33,16,2,50,18.5,3.4,3.1,0,3.7,18.5,2.4,13.8,2451.5
33,17,2,21,7.8,2.1,1.1,0,0.3,7.8,0.5,6.5,881.5
33,20,1,1,0.4,0.1,0,0,0.1,0.4,0,0.3,58.9
33,23,2,23,9.3,2.5,0.8,0.7,1.4,8.6,0.8,5.7,1148.9
33,27,3,20,6.9,1.4,1.4,0,0,6.9,0.4,4,784.6
33,31,3,68,26.5,8.6,5.1,0,1.1,26.5,1.8,23.7,3044.3
33,32,3,39,15.7,2.7,1.8,0,1.9,15.7,1.4,14.2,1739.5
33,34,2,22,8.6,1.4,0.8,0,0.9,8.6,0.6,8.1,1093.5
33,39,1,6,2.5,0.7,0.1,0.2,0.2,2.3,0.1,1.9,369.8
33,42,1,4,1.6,0.5,0.1,0.1,0.1,1.5,0.1,1.2,246.6
33,44,3,9,3.4,0.8,0.1,0.2,0.3,3.2,0.2,2.6,469.3
33,46,2,10,3.5,0.6,0.4,0.1,0.4,3.4,0.6,2.7,391.3
33,50,1,7,2.6,0.4,0.2,0,0.2,2.6,0.4,2.2,333.4
33,53,1,2,0.8,0.2,0,0,0.1,0.8,0.1,0.8,100.8
33,54,2,16,6.5,1.5,0.3,0,0.9,6.5,0.6,6,806.8
33,57,2,2,0.8,0.2,0,0,0,0.8,0,0.4,102
33,63,1,1,0.4,0.2,0,0.2,0,0.2,0.1,0.2,39.7
33,64,2,23,10.5,3.2,0.5,0.2,0.9,10.3,0.5,7.7,1049.8
33,65,2,156,70.3,27,4.3,7.1,8.6,63.2,9.3,54.6,6847.1
33,66,5,60,24.8,7.5,2.2,2.7,2.1,22.1,1.7,19,2685.2
33,67,4,25.5,10,2.9,0.9,1.3,1.1,8.7,0.8,8.4,1126.9
33,68,1,4,1.6,0.4,0.1,0,0,1.6,0.5,1.1,205.9
33,70,1,3,1.2,0.3,0.1,0,0,1.2,0.4,0.8,154.4
33,74,1,9,3.5,0.8,0.5,0,0.5,3.5,0.2,2.8,320.7
33,75,1,11,3.8,1,0.5,0,0.3,3.8,0.2,3.5,379.9
33,76,2,29,10.3,2.7,1.4,0,1.1,10.3,0.5,9.2,1007.2
33,78,3,21.5,7.7,1,0.7,0,1.3,7.7,1.7,7.3,754
33,79,2,8,2.8,0.4,0.2,0,0.4,2.8,0.6,2.8,280.6
33,84,1,3,1.3,0.2,0,0,0.2,1.3,0.2,1.1,175.9
33,88,2,11,3.4,0.9,0.6,0,0.2,3.4,0.4,2.9,360
33,89,3,170,68.6,19.1,5.7,5.1,6.3,63.5,4.8,51.4,7353.2
33,90,4,87.5,31.1,7,4.7,0.4,0.9,30.7,1.3,23.4,3827.9
33,92,3,82,35.4,11,2.9,0,0.9,35.4,5.6,30.6,3441.8
33,93,1,106.5,50.1,13.8,0.2,8,6.2,42.1,4.4,36.7,4946.4
33,95,2,3,1.2,0.3,0.1,0,0,1.2,0.1,1.2,126
33,97,1,22.5,7.8,1,0.8,0,0.3,7.8,0.5,6.5,837.9
33,98,1,11,4.7,1,0.3,0,0.3,4.7,0.3,4.1,505.3
33,103,2,47,16.8,2.4,0.4,0,0.8,16.8,1.6,13.2,1773.1
33,104,4,72,28.5,4.6,0.1,0,3.7,28.5,2.4,21.9,2756.4
33,108,3,114,46.4,10.9,2.8,0,6.8,46.4,3.6,42.3,5192.8
33,116,1,3,1.1,0.4,0.1,0,0,1.1,0.1,1,119.7
33,120,2,9,3.8,0.9,0,0,0.2,3.8,0.5,2.8,379.1
33,123,1,6,2.5,0.9,0.2,0,0,2.5,0.2,2,238.1
33,124,2,17,6.6,1.5,0.8,0,0.3,6.6,0.8,5.1,768.7
34,5,1,9,3.1,0.5,0.3,0,0,3.1,0.2,2.5,399.1
34,15,3,34,12.6,2,2,0,1,12.6,0.6,11.6,1396
34,16,4,52,19.2,4,3,0,1.2,19.2,1,16.9,2154.3
34,17,3,32,11.9,3.3,1.7,0,0.4,11.9,0.8,9.9,1343.2
34,19,1,2,0.8,0.2,0,0.1,0.2,0.7,0.1,0.6,117.7
34,21,1,3,1.1,0.2,0.1,0.1,0.1,1,0.1,1,112
34,22,3,351,131.7,40.1,19.7,16.8,16.7,114.9,17.8,73.1,12269
34,23,3,244,93.2,28.8,13,11,10.2,82.2,9,73.8,10291.3
34,26,3,11,3.7,0.7,0.7,0,0,3.7,0.2,2.2,431.6
34,31,6,85,31,5.1,4.5,0,2.7,31,2.2,27.9,3314.1
34,32,5,39,14.3,2.2,2.1,0,1.3,14.3,1,13,1520.2
34,42,1,17,7,2,0.3,0.6,0.6,6.4,0.3,5.3,1047.9
34,44,3,22,8.6,1.7,0.8,0.7,0.8,7.9,0.8,6.5,1152.1
34,45,2,40,14.8,1.8,2.2,0.9,1.3,13.9,2.2,11.3,1724
34,46,3,37,15.4,3.7,1.2,0.5,1.6,14.9,1.7,13.1,1962.7
34,47,4,18,8.8,3.2,0,0,1,8.8,0.6,8.2,1217.4
34,48,3,24,8.8,1.3,0.8,0,0.8,8.8,1.3,7.5,1143.2
34,53,1,9,3.9,1.1,0.3,0,0.6,3.9,0.8,3.1,432.6
34,54,3,15,6.5,1.9,0.4,0,1,6.5,1.5,5.2,721
34,55,1,15,5.7,1.2,0.5,0,0.5,5.7,0.7,3.4,765.7
34,56,1,5,1.9,0.4,0.2,0,0.2,1.9,0.2,1.1,255.2
34,59,2,12,4.6,1,0.2,0,0.6,4.6,0,3.9,548.4
34,60,2,3,1.2,0.3,0,0,0.1,1.2,0,1,137.1
34,63,1,1,0.5,0.3,0,0,0,0.5,0,0.4,56.6
34,65,1,5,2,0.5,0,0,0.3,2,0,2,218.5
34,66,2,5,2,0.5,0,0,0.4,2,0,2,218.5
34,67,1,4,1.6,0.4,0,0,0.3,1.6,0,1.6,174.8
34,68,1,6,2.4,0.6,0.2,0,0,2.4,0.8,1.7,308.8
34,69,1,3,1.2,0.3,0.1,0,0,1.2,0.4,0.8,154.4
34,70,1,6,2.4,0.6,0.2,0,0,2.4,0.8,1.7,308.8
34,74,1,5,2.4,0.5,0.1,0,0.3,2.4,0.2,1.8,337.6
34,76,1,2,0.8,0.2,0.1,0,0.1,0.8,0,0.6,71.3
34,81,1,2.5,1.1,0.1,0,0,0.1,1.1,0.1,0.9,146.6
34,82,1,2,0.8,0.1,0,0,0.1,0.8,0.1,0.7,117.3
34,84,1,2,0.8,0.1,0,0,0.1,0.8,0.1,0.7,117.3
34,85,2,8,3.1,0.5,0.4,0.3,0.4,2.8,0.4,2.5,395.1
34,86,1,15,5.7,1.1,0.8,0.6,0.8,5.1,0.8,4.9,740.8
34,88,1,45,18.7,6.7,1,0,1,18.7,2.1,15.1,1973.3
34,89,4,32,13.9,4,0.4,0.4,1.4,13.5,1.3,10.9,1603.1
34,90,1,20,8.5,2.5,0.5,0.5,1.5,8,1,6.5,946.5
34,92,1,6,2.6,1,0.1,0,0.1,2.6,0.4,2.4,267.2
34,93,2,137,59.8,17.4,2.5,0,3.5,59.8,3.1,54.7,5885.8
34,94,6,44,19.5,5.2,1.1,0,0.3,19.5,1.4,18.1,2067.8
34,95,1,194.5,81.4,28.5,7.2,4,3,77.4,7.2,61.3,7973
34,96,3,201.5,76.7,16.1,6.7,1,2.6,75.7,5.1,63.1,8078.2
34,97,5,133,47.4,5.9,2.3,4,3,43.4,3.4,39.5,4938.9
34,98,1,5,2.2,0.5,0.2,0,0.2,2.2,0.2,1.8,229.7
34,100,2,8.5,3.7,0.8,0.3,0,0.3,3.7,0.3,3.1,390.5
34,101,2,6,2.2,0.3,0.2,0,0.2,2.2,0.1,1.8,250.7
34,102,1,3,0.9,0,0.1,0,0.1,0.9,0,0.7,112.9
34,103,1,10,3.1,0,0.2,0,0.2,3.1,0,2.4,376.5
34,107,3,7,2.7,0.7,0.4,0.6,0.3,2.1,0.4,2,272.3
34,108,4,39,13.6,2.4,2.4,0,0.8,13.6,0,13.6,1542.5
34,123,4,7,2.8,1.2,0.2,0,0,2.8,0.2,2.3,277.8
34,124,4,30,12.5,4.2,0.7,0,0,12.5,0.7,11.7,1491.7
34,125,1,7,2.9,1,0.2,0,0,2.9,0.2,2.8,350.5
47,0,0,35,15,3,0,0,2,15,1,12,1575
47,6,2,10,4.3,0.9,0,0,0.6,4.3,0.4,3.9,445.6
47,7,5,153,69.1,21.8,1,1,7.3,68.1,7.5,64.6,7205.2
47,8,4,86,36,8,1,0,0,36,1,35,4404.1
47,15,4,73.5,28.7,5.8,2.2,3,2.8,25.7,3.4,24.3,3460.2
47,16,2,8,3,0.8,0.2,0,0.3,3,0.5,2.9,385.1
47,21,5,38,14,2.8,1.1,0.2,0.8,13.8,1.2,12.4,1507.9
47,22,5,89,32.4,6.8,3.1,0.6,1.9,31.8,2.5,29.8,3309.2
47,24,2,5,2,0.5,0.1,0.1,0.1,1.9,0.1,1.7,218
47,41,2,20.5,7.5,2,0.7,0,0.7,7.5,0.7,6.5,1009.6
47,43,1,6,2.2,0.6,0.2,0,0.2,2.2,0.2,1.9,295.5
47,47,1,2,0.8,0.1,0.1,0,0,0.8,0.1,0.6,86.3
47,48,1,2,0.9,0.3,0,0,0.1,0.9,0.1,0.8,103.2
47,49,1,2,0.9,0.3,0,0,0.1,0.9,0.1,0.8,103.2
47,51,2,3,1,0,0.1,0,0,1,0.2,0.9,108
47,52,2,20,6.7,0.3,0.8,0,0.3,6.7,1.1,5.6,719.7
47,56,1,1,0.5,0.1,0,0,0,0.5,0.1,0.4,65.3
47,61,3,11,7.2,3.8,0,1.1,0.5,6.1,0.5,5.5,888.8
47,67,6,40,16,4.4,1.6,0,1,16,2.8,14.4,1817.6
47,68,2,7,2.7,0.7,0.3,0,0.1,2.7,0.3,2.7,272.5
47,70,1,2,0.8,0.2,0.1,0,0,0.8,0.1,0.8,77.9
47,71,3,23,8.6,1.5,1.1,0,0.3,8.6,0.8,7.1,1110.6
47,72,2,76.5,31.9,10.1,2.6,0,5.5,31.9,6,24.8,3591.3
47,73,1,3,1.2,0.2,0,0,0.3,1.2,0.2,0.5,143.2
47,74,1,5,1.8,0.6,0.4,0,0,1.8,0.2,1.8,202.3
47,75,2,28,10.3,3.4,2.1,0,0,10.3,1.3,10.3,1133
47,78,3,24,11.5,6.7,1,0,0,11.5,2.9,10.6,1165.4
47,79,2,3,1.2,0.5,0.2,0,0,1.2,0.1,1.1,127.4
47,80,2,11,3.9,1.1,1.1,0,0.2,3.9,0.2,3.9,433.2
47,81,3,17,5.8,0.8,0.8,0,0.6,5.8,0.6,5.8,694.5
47,82,1,3,1,0.1,0.1,0,0.1,1,0.1,1,122.6
47,84,2,10,3.5,0.4,0.4,0,0.2,3.5,0.3,3.4,435.6
47,85,1,3,1.1,0.1,0.1,0,0,1.1,0.1,1,149.6
47,89,1,5,1.8,0.2,0.2,0,0,1.8,0.2,1.6,249.4
47,90,1,4,1.4,0.1,0.1,0,0,1.4,0.1,1.3,199.5
47,92,1,3,1.3,0.4,0,0.2,0.3,1.1,0.1,0.9,147.9
47,95,3,94,35.9,7.3,3.3,1,4.4,34.9,4.7,29.4,3964.3
47,96,2,11,3.8,0.4,0.4,0,0.7,3.8,0.3,3,438.9
47,106,3,53,18.4,2.8,1.8,0,1.3,18.4,1,16.5,2099.3
47,107,2,67.5,24.6,3,1.3,0,4,24.6,1.7,22.2,2673.8
47,108,1,1,0.4,0.1,0,0,0,0.4,0,0.4,43.2
47,116,1,1,0.4,0.1,0,0,0,0.4,0.1,0.3,55
47,122,3,35.5,14.9,1.5,0,0,2.2,14.9,3.1,10.5,1377.4
47,125,2,9,3.5,1,0.3,0.2,0.3,3.3,0.7,3.1,422
108,1,4,34,13.7,3.1,0.9,0,0.3,13.7,1.4,11,1645.2
108,10,1,5,2,0.4,0.1,0,0.3,2,0.5,1.5,254.4
108,11,2,7,2.9,0.8,0.1,0,0.3,2.9,0.4,2.3,370.6
108,14,2,17,7,2,0.6,0,0.2,7,0.4,5.5,891.3
108,15,3,30,13.1,4,0.7,0,0.7,13.1,1,10.7,1634.3
108,35,3,54.5,29.4,11.6,0,3,2.5,26.4,4.5,21.8,2581.6
108,36,4,358.5,161.3,61.5,10.5,32,14.7,129.3,20.2,113.7,15305.7
108,37,2,19,6.6,1.1,0.6,0,0.6,6.6,0.2,5.5,714.5
108,46,3,25,10.8,2.2,0.4,0.3,0.7,10.5,0.4,9.7,1352.9
108,47,5,36,15.3,2.9,0.5,0.3,0.9,15,0.5,13.5,1902.9
108,66,1,2,1.1,0.5,0,0,0,1.1,0.4,0.3,69.4
108,67,3,27,13.3,4.6,0,0.6,2.3,12.7,1.7,10.9,1384.5
108,68,1,2,1,0.3,0,0.1,0.2,0.9,0.1,0.8,102.6
108,69,3,28,9.3,1.1,0.4,0,1.5,9.3,0,6.7,1120
108,75,2,7,2.9,0.4,0,0,0.3,2.9,0,2.2,367.1
108,76,2,119.5,50.5,10.2,0.2,0,3.5,50.5,2.1,43.5,6174.4
108,77,2,97.5,41.4,12,1,0,3,41.4,2,28.2,4737
108,80,2,12,5.8,2.8,0.4,0,0.4,5.8,0,4.8,679.2
108,81,5,296,129.4,40,4.4,1,10.9,128.4,9.6,114.3,14959.7
108,85,1,2,1.1,0.3,0,0,0.2,1.1,0.1,0.8,96
108,86,3,24,7.1,1,2.2,0,0.4,7.1,0.4,3.5,672.1
108,87,3,968,431.7,154.9,32.3,165,68.9,266.7,90.9,191.7,33191.4
108,88,0,2729.5,1298,579,87,865,211,433,321,395,92860
108,89,1,608,308,142.3,11.3,188,33.3,120,32.3,139.3,27124.3
108,90,0,759,444,261,14,418,61,26,105,109,30126
108,91,4,191.5,81.6,27.9,7.4,21.7,5.2,59.9,9.4,41.9,6546.1
108,92,2,8,3.6,0.6,0,0.4,0.8,3.2,0.6,2.2,335.2
108,98,3,90,37.9,5.6,1.5,0,0.5,37.9,0.5,35.4,4109.9
108,108,3,57,22.8,2.8,0.8,0.8,0.8,22,1.8,20.5,3047.2
108,109,1,9,3.1,0.2,0.2,0.2,0.2,2.9,0.2,2.5,412.7
108,114,1,2,0.7,0.1,0,0,0,0.7,0,0.6,96.8
108,117,1,4,1.7,0.5,0,0,0.2,1.7,0,1.5,215.7
108,118,3,56.5,22.7,3.5,0.9,0.1,2.6,22.6,0.1,20.7,2883.6
108,119,4,79,29.1,4.3,3.4,0,2,29.1,2,20.6,4368.6
108,120,1,27.5,14.8,4.4,0.2,0,1.2,14.8,1.2,13.2,1878.8
108,122,1,47.5,13.9,0.2,2,0,1,13.9,0,10.7,2364.1
35,11,2,8,2.9,0.7,0.3,0,0.1,2.9,0.4,2.3,361.3
35,17,1,4,1.5,0.4,0.2,0,0.1,1.5,0.1,1.2,167.9
35,21,1,9,3.2,0.6,0.3,0.2,0.3,3,0.2,2.9,336.1
35,22,2,245.5,90,18,9,1,7,89,6,82,8768
35,23,4,155.5,64.4,20.7,4.2,5.2,3.4,59.2,8.2,49.5,6499.7
35,26,3,42.5,14.9,2.6,2.6,0,0,14.9,1.9,10.2,1605.1
35,32,2,16,5.4,0.7,0.8,0,0.4,5.4,0.4,5.1,676.1
35,37,5,48,16.3,1.2,2.1,0,0,16.3,1,14.3,2018.8
35,41,1,3,1.2,0.2,0.1,0,0.1,1.2,0.1,0.9,135.5
35,46,2,59,26.4,8.3,1.2,9,3,17.4,4.3,15.1,2723.2
35,48,2,2,0.8,0.2,0,0,0,0.8,0,0.8,91.2
35,53,1,1,0.4,0.1,0,0,0.1,0.4,0.1,0.3,48.1
35,54,1,4,1.8,0.5,0.1,0,0.2,1.8,0.4,1.4,192.2
35,55,1,8,3,0.7,0.3,0,0.3,3,0.4,1.8,408.4
35,61,1,4,1.8,0.6,0,0,0.1,1.8,0.2,1.6,179.1
35,62,2,8,4.2,2.1,0.3,0,0.3,4.2,0.3,3,452.5
35,63,1,7,3.1,1,0,0,0.2,3.1,0.4,2.7,313.5
35,64,2,28,12.5,4.2,0,0,0.7,12.5,1.5,10.9,1254
35,65,2,9,3.6,0.9,0,0,0.6,3.6,0,3.6,393.3
35,66,1,2,0.9,0.3,0,0,0,0.9,0.1,0.9,105.1
35,67,1,2,0.8,0.2,0,0,0.1,0.8,0,0.8,87.4
35,68,3,24,8.5,0.8,0.5,0,0.7,8.5,1.1,6.6,1017.5
35,74,1,1,0.5,0.1,0,0,0.1,0.5,0,0.4,67.5
35,78,1,9,2.6,0.5,0.6,0,0,2.6,0.5,2.5,292.5
35,81,1,8,3.2,0.5,0,0,0.2,3.2,0,2.9,373.6
35,82,2,4,1.6,0.2,0,0,0.2,1.6,0,1.4,186.8
35,83,1,3,1.2,0.2,0,0,0.1,1.2,0,1.1,140.1
35,84,1,2,0.8,0.1,0,0,0.1,0.8,0.1,0.7,117.3
35,85,5,250,115.5,42.7,6.7,17.5,7.7,98,7.4,84,10652.7
35,86,5,377,164.2,49.8,9.7,46.2,20.8,118,21.2,89.9,15327.9
35,88,1,188.5,86.2,30.8,5,7,6,79.2,5.2,76.5,9532
35,93,1,503.5,176.1,28.9,29,0.7,17.6,175.4,14.3,134.1,16928.8
35,99,2,5,2.2,0.5,0.2,0,0.2,2.2,0.2,1.8,229.7
35,106,1,4,1.2,0.1,0.2,0,0,1.2,0.1,1.1,180.8
35,107,1,12.5,4.8,1.2,0.8,0.9,0.4,3.9,0.8,3.5,486.2
35,108,4,254,106,26.9,5.6,0.4,7.8,105.6,7.4,94.7,11131.7
35,109,5,65,25.4,5.6,1.7,0.4,2.3,25,1.9,22.8,2924.8
35,110,1,5,2,0.5,0.1,0,0.2,2,0.2,1.8,228.3
35,124,1,2,0.8,0.3,0,0,0,0.8,0,0.8,100.1
46,0,2,24,9.6,3.2,1,0,1,9.6,0.5,9.1,921.1
46,7,1,2,0.9,0.2,0,0,0.1,0.9,0.1,0.8,89.1
46,8,4,64,27,4,1,1,3,26,1,23,2821
46,20,1,5,2,0.3,0,0,0.1,2,0.3,1.4,280.9
46,22,1,15,5.5,1.2,0.5,0.1,0.3,5.4,0.4,5,557.7
46,33,3,43,20,6.7,1.4,0,0.6,20,1.6,16.1,1785.7
46,34,3,28,12.7,4.5,0.9,0,1.5,12.7,1.7,10.5,1330.4
46,40,2,23,9.1,2.7,0.7,0,1.4,9.1,2.1,7.7,989
46,43,1,1,0.4,0.1,0,0,0,0.4,0,0.3,49.2
46,44,3,12,4.4,1.2,0.4,0,0.4,4.4,0.4,3.8,590.9
46,46,2,11,4.2,0.8,0.8,0,0.2,4.2,0.4,3.4,474.8
46,47,3,15,5.7,1,1,0,0.3,5.7,0.5,4.7,647.5
46,52,2,21,7,0.4,0.8,0,0.4,7,1.2,5.9,755.6
46,57,3,21,10.2,1.5,0,0.8,0.8,9.4,2.3,7.7,1371.2
46,58,2,9,3.6,1.4,0.7,0,0.3,3.6,0.3,2.1,343.4
46,62,2,3,1.1,0.3,0.1,0,0.1,1.1,0.1,1,134.7
46,65,1,3,1.2,0.3,0.1,0,0.1,1.2,0.2,1.1,136.3
46,67,2,12,4.4,1,0.7,0.2,0,4.2,0.5,4.4,537.8
46,68,1,1,0.4,0.1,0,0,0,0.4,0,0.4,38.9
46,77,5,69,23.9,4.6,2,0,3.7,23.9,2,23,2346.8
46,79,4,31,12.2,2.3,1.1,0,1.3,12.2,0.1,12.2,1426.5
46,80,0,57,21,7,3,2,2,19,4,13,2079
46,81,1,34,11.7,1.7,1.7,0,1.1,11.7,1.1,11.7,1389
46,87,1,1,0.4,0,0,0,0,0.4,0,0.3,49.9
46,88,1,3,1.1,0.1,0.1,0,0,1.1,0.1,1,149.6
46,93,2,25.5,11.2,3.1,0,1.8,2.2,9.4,0.4,8.1,1257.6
46,94,4,355.5,134.7,31.3,15.2,5.8,11,128.9,7.4,116.7,14305.1
46,95,2,50.5,20.3,4.5,0.4,0,3,20.3,1.4,16.2,2266.8
46,96,2,2,0.8,0.2,0,0,0,0.8,0,0.8,99.8
46,104,3,23,8.5,1.6,0.6,0.1,0.6,8.4,0.5,7,932.3
46,105,1,7,2.4,0.4,0.2,0,0.2,2.4,0.1,2.2,277.3
46,106,1,58.5,23.6,5.9,1.6,3,2,20.6,3.3,19.7,2578.4
46,107,3,81,28.5,6.2,2.4,1,1,27.5,2.7,24.3,3107.5
46,113,3,10,4.5,0.7,0,0.2,0.5,4.3,0.2,4,598.5
46,116,2,13,4.4,0.9,0.6,0,0.3,4.4,1.5,3.5,470.8
46,119,1,3,0.8,0.1,0.2,0,0.1,0.8,0.3,0.8,69.4
20,1,1,76,30.3,3.1,2,0,0,30.3,2,24.3,3204.6
20,2,2,10,3.5,0.6,0.2,0,0.1,3.5,0.1,3.2,405.8
20,5,4,65.5,22.9,4,2.1,12.2,4.5,10.7,2.6,7.1,2129.2
20,6,3,857,384.6,144.8,33.2,239.7,65,144.9,70.7,135.8,29669
20,7,0,2225.5,1208,636,39,930,152,278,235,352,87849
20,8,1,793,420,193.4,16,189.6,56.1,230.4,50.1,171.8,35459.2
20,9,2,388.5,150.6,41.7,18.5,35,14.7,115.6,18.6,77.1,13980.8
20,10,1,2,0.8,0.2,0.2,0,0,0.8,0.1,0.5,87
20,21,2,29,10.7,2.2,1.9,0,1.1,10.7,1.2,9.3,1198.6
20,22,3,31,11.7,2.2,1.7,0,0.8,11.7,0.6,10.9,1439.2
20,23,1,2.5,0.9,0.2,0.2,0,0.1,0.9,0.2,0.7,82.5
20,25,1,3,0.9,0,0,0,0.1,0.9,0.1,0.8,100.9
20,27,2,21,6.3,0.5,0.6,0,0.5,6.3,0.5,5.3,721.8
20,28,2,61,26.5,8.3,2.2,4,3.4,22.5,2.2,17.5,2591
20,35,1,4,1.5,0.2,0.1,0,0,1.5,0,1.2,162.2
20,36,1,1,0.4,0.1,0,0,0,0.4,0,0.3,40.6
20,39,1,4,1.7,0.3,0,0,0,1.7,0.1,1.6,201.2
20,40,3,84.5,31.2,7.4,2,0,1,31.2,3.1,27,3495.5
20,41,1,58,23.5,4.3,1.1,0.1,3,23.4,0.1,22.3,2771.9
20,42,1,9,3.3,0.7,0.3,0.1,0,3.2,0.2,3,373.2
20,44,1,2,0.8,0.2,0.1,0,0,0.8,0.1,0.7,95.7
20,47,2,13,5.5,1.6,0.4,0.4,0,5.1,0.4,4.8,622
20,48,2,21.5,8.6,2.3,0.5,0,0.8,8.6,0.8,7.6,956.7
20,49,2,31,10.2,1.4,1.8,0.3,1,9.9,0.7,8.9,1119.4
20,50,4,121,51.2,17.2,2.8,3.2,6.1,48,2.8,44.8,5170.2
20,51,3,450.5,200.9,69,14.4,41,25.4,159.9,26.6,135.9,17671.3
20,52,5,103,44.9,14.7,1.8,0,3.5,44.9,2.7,41.8,4134.3
20,53,3,11,4.4,0.7,0.4,0,0.6,4.4,0.1,3.9,461.9
20,55,3,23,10.2,1.9,0,0,1.9,10.2,0.3,6.9,1121.9
20,61,2,30,11.8,2.4,1.5,0,1.3,11.8,1.1,6.6,1320
20,65,2,5,2,0.5,0.3,0,0.2,2,0.2,1.4,214
20,66,3,26,10.8,3.1,1.1,0,1,10.8,1,8.3,1275.5
20,67,2,11,4.4,1,0.4,0,0.2,4.4,0.4,4,482.4
20,68,3,11,3.9,0.9,0.6,0.1,0.2,3.8,0.4,3.8,489.6
20,69,5,49,20.1,6.1,1.2,0.3,0.8,19.8,3.4,19.1,2280
20,70,3,45,18,4.8,0.8,0.4,0.4,17.6,2.4,16.7,2089.9
20,72,1,2,0.7,0.1,0,0,0,0.7,0,0.6,83.6
20,75,1,3,1,0.2,0.1,0,0.1,1,0.2,0.8,110
20,78,2,14,5.9,2.2,0,0.5,0,5.4,1.6,4.3,661.8
20,81,2,102.5,40.9,8,2.2,0.6,3.7,40.3,3.1,36.5,4300.5
20,83,2,104.5,35.9,9.1,4.9,0,2.3,35.9,3.7,30.2,3411.6
20,85,3,207.5,86.2,23.4,5.6,16.1,16.9,70.1,10,56.7,7684.1
20,86,1,64,31.5,14.6,2.1,1,4.7,30.5,4.7,25.9,2882.1
20,87,1,2,0.9,0.4,0.1,0,0.1,0.9,0.1,0.9,87.1
20,98,2,4,2,0.4,0,0,0,2,0.2,2,219.4
20,99,2,5,2.2,0.3,0.1,0,0.2,2.2,0.2,2.1,236.1
20,100,1,16,5.6,1.2,0.9,0.4,0.6,5.2,0.6,4.8,547.5
20,101,1,24,8.4,1.7,1.3,0.6,0.9,7.8,0.9,7.1,821.2
20,105,1,5,2,0.4,0,0,0.6,2,0.6,1.7,211.7
20,106,4,43,19.3,5.1,0,0,4.2,19.3,4.6,17.2,2068.9
20,107,1,4,2.2,0.8,0,0,0.2,2.2,0.3,1.9,227.8
20,110,1,2,0.7,0.1,0.1,0,0,0.7,0,0.6,81
20,113,3,56,20.2,4.3,2.2,0,2.2,20.2,2.2,18.2,1891.1
20,114,1,7,2.5,0.5,0.3,0,0.3,2.5,0.3,2.3,220.4
20,116,2,18,6.6,1.8,0.6,0.2,0.2,6.4,0.3,4.8,801.1
20,117,4,78,28,7.7,3.1,0.8,0.8,27.2,1.6,20.2,3431.7
20,118,1,5,1.8,0.3,0.3,0.2,0.1,1.6,0,1.2,225.8
20,127,2,53.5,21.9,4.8,1,0,3.3,21.9,2.6,19.2,2394.6
43,4,5,64.5,25.9,4.5,1,1.3,2.3,24.6,2,23.2,3064.5
43,6,1,3,1.1,0.2,0.1,0,0.1,1.1,0.1,1,128.4
43,17,3,93,33.4,6.1,5,0,2,33.4,3.1,31.3,4010.5
43,18,5,68,31.9,12.3,1.4,0,2.9,31.9,2.3,26.7,3245.7
43,22,1,3,1.2,0.2,0,0,0.1,1.2,0.2,0.9,168.5
43,27,1,2,0.8,0.1,0.1,0,0.1,0.8,0.1,0.8,90.2
43,30,1,1,0.5,0.2,0,0,0,0.5,0,0.4,69.3
43,44,3,17,6.9,1.4,1.1,0,0.9,6.9,0.4,6.6,640.1
43,45,1,1,0.5,0.1,0,0,0.1,0.5,0.1,0.4,51.6
43,48,1,3,1.2,0.3,0.1,0,0,1.2,0.1,0.9,132.1
43,49,5,76,33.3,7.1,1.8,1,1.5,32.3,4.3,25,3326.9
43,51,1,2,0.9,0.2,0.2,0,0.1,0.9,0.1,0.7,94.5
43,55,4,41.5,13.9,1.8,1.8,0,2.2,13.9,0.6,12.7,1813.3
43,56,1,11,3.7,0.5,0.5,0,0.6,3.7,0.2,3.4,480.6
43,60,1,2,0.8,0.3,0.2,0,0.1,0.8,0.1,0.5,76.3
43,61,1,9,3.6,1.4,0.7,0,0.2,3.6,0.2,2.1,343.4
43,62,3,15,7.5,2.1,0,0,0.6,7.5,1.5,7,798.1
43,63,5,31.5,13.4,3.8,1.8,0.8,0.7,12.6,3.2,11.5,1543.8
43,64,3,12,5,1.4,0.7,0.2,0.2,4.8,1.2,4.4,588.1
43,65,3,24,9,2.5,1.2,0,1.2,9,0.3,7.3,1105.5
43,66,4,35,13.2,3.5,1.6,0,1.6,13.2,0.7,10.8,1598.5
43,67,2,6,2.3,0.4,0.1,0,0.1,2.3,0.6,2,249
43,68,4,82.5,33.4,8.7,3.4,0,3.9,33.4,4.4,30.5,3272.8
43,74,1,13,5.1,1.6,0.5,0.5,0.5,4.6,1.1,3.2,518.1
43,75,3,18.5,6.6,0.4,0.2,0,1.1,6.6,0.9,5.7,652.2
43,79,1,2,1.1,0.3,0,0,0.2,1.1,0,0.9,122.5
43,80,1,3,1.6,0.5,0,0,0.2,1.6,0,1.4,183.8
43,84,1,18,7.4,2.2,0.6,0,0.3,7.4,0.6,6.4,658
43,85,1,2,1,0.3,0,0.3,0,0.7,0.1,0.4,99
43,87,1,9,4.5,1.2,0,1.2,0,3.3,0.4,1.6,445.5
43,90,1,77,27.4,6.1,4.1,1,4.1,26.4,3,26.4,2684.3
43,91,3,182,76.5,20.3,6,1,7.6,75.5,2.6,70.2,7155
43,93,1,20,9.4,1.2,0,0,0,9.4,0,9.4,1061.2
43,94,4,393,160.1,34.6,12.3,30.5,19.2,129.6,17.3,110.8,15160
43,95,1,114.5,54.5,21.3,4.2,6.3,3.7,48.2,1.2,40.6,4380.1
43,96,4,264.5,103.5,28,7.8,12.1,6,91.4,7.3,82.9,10296.6
43,97,5,64,25.2,3.6,2.4,1.3,2.6,23.9,1.3,22.2,2974.1
43,98,6,41,20.5,6.4,0,0,0.8,20.5,0.8,15.8,2201.9
43,99,1,2,0.7,0,0.1,0,0.1,0.7,0,0.7,82.3
43,100,6,131.5,51.3,8.5,3.8,2,4.1,49.3,3.3,42.8,5633.2
43,101,2,132.5,48.4,12.5,7.1,3.1,4.2,45.3,3.2,28.8,4504.3
43,123,2,20.5,9.2,3.7,0.9,0,0.9,9.2,0.5,7.4,803
43,124,2,10,3.8,0.9,0.2,0.1,0.5,3.7,0.3,3.2,482.2
44,1,2,30,12.4,2.4,0.8,0,1.1,12.4,1.4,11.3,1279.5
44,2,4,163.5,64,15.1,8.1,0,10.8,64,8.5,45.2,6695.9
44,3,1,2,1,0.3,0,0.2,0.2,0.8,0,0.6,99.8
44,4,2,17.5,8.6,2.4,0,1.6,1.6,7,0,5.4,873.4
44,6,2,90,35.2,7.5,4,0,2.5,35.2,3,30.2,3780.2
44,7,2,28,10.4,2.2,0.9,0,1.3,10.4,0.9,9.5,1198.6
44,17,1,2,0.9,0.2,0.1,0,0.1,0.9,0.2,0.7,113
44,18,2,18,9.9,4,0,0,1.8,9.9,0,8.1,908.1
44,27,1,2,0.8,0.1,0.1,0,0.1,0.8,0.1,0.8,90.2
44,28,3,19,10.2,3.1,0,0.7,0.7,9.5,0,7.6,1316
44,32,1,2,0.9,0.2,0,0,0,0.9,0.4,0.8,76.6
44,44,5,32,12.8,2.7,2.1,0,1.7,12.8,0.5,12.3,1182.8
44,48,1,3,1.2,0.3,0.1,0,0,1.2,0.1,0.9,132.1
44,49,1,10,4.4,1.2,0.8,0,0.4,4.4,0.4,3.6,472.4
44,51,1,10,3.6,0.9,0.2,0,0.5,3.6,0.5,3.4,455.5
44,52,1,4,1.5,0.4,0.1,0,0.2,1.5,0.2,1.4,182.2
44,58,3,19,8.8,4.1,0.7,0,0,8.8,1.4,8.8,810.9
44,59,1,9,4.2,1.9,0.3,0,0,4.2,0.6,4.2,384.1
44,60,1,4,1.6,0.6,0.3,0,0.1,1.6,0.1,0.9,152.6
44,61,1,4,1.6,0.6,0.3,0,0.1,1.6,0.1,0.9,152.6
44,66,2,18,6.8,1.5,0.6,0,0.6,6.8,1,5.8,783.4
44,67,2,7.5,2.8,0.5,0.2,0,0.2,2.8,0.7,2.5,311.2
44,71,3,28.5,11.4,4,1.3,0,1.3,11.4,0.7,10.1,1157.4
44,73,2,27,10.7,3.3,1.1,1.1,1.1,9.6,2.3,6.7,1076.1
44,75,2,5,1.8,0.1,0,0,0.3,1.8,0.2,1.5,176.3
44,79,1,1,0.5,0.2,0,0,0.1,0.5,0,0.5,61.2
44,82,1,2,0.8,0.2,0.1,0,0,0.8,0.1,0.7,73.1
44,86,2,5,2.5,0.7,0,0.7,0,1.8,0.2,0.9,247.5
44,88,3,51,15,0.5,1.2,0,0.5,15,1.2,13.3,1762.4
44,93,2,100,44.1,10.2,1.3,0.3,4.9,43.8,1.3,42.3,4081.2
44,94,2,514,221.1,66,13.6,37.7,22.4,183.4,18.7,158.2,19942.9
44,95,1,57.5,22.2,5.9,1.5,2,2.5,20.2,1.5,20.2,2320
44,96,6,366,149.5,37.7,12.6,9.3,17.8,140.2,9.2,126.8,13837.9
44,97,2,6.5,2.3,0.4,0.5,0.4,0.3,1.9,0.3,1.7,226.5
44,98,2,3,1.5,0.5,0,0,0,1.5,0,1.2,161.1
44,100,1,9,4,0.9,0,0,0.4,4,0.4,3.1,421.3
44,101,2,86,36.6,6.4,2,2.3,5.1,34.3,3.1,24.5,3689.3
44,102,1,8,3.9,1.2,0,0.3,0.3,3.6,0.3,2.1,359.4
44,107,1,4,1.5,0.4,0,0,0.1,1.5,0.1,1.5,165.6
44,116,2,122.5,53.8,14.6,2.6,15,8.9,38.8,8.9,24.2,4577
44,117,3,243,106.3,35.4,7.4,10,13.1,96.3,11.1,80.7,11052.1
44,118,3,30,11.8,3,1.7,0,1,11.8,3.2,9.8,994.5
44,119,3,32,11.6,2.4,1.4,0,0.1,11.6,1.5,9.7,1350.2
44,120,3,33,11.8,2.3,1.4,0,0,11.8,1.4,9.9,1423.3
44,122,1,8,3.6,1.4,0.4,0,0.4,3.6,0.2,2.9,313.3
44,123,2,48,20.7,7.7,0.7,0,0.7,20.7,1.3,19.4,1709.5
44,124,1,2,0.8,0.1,0,0.1,0.1,0.7,0.1,0.6,98.4
45,1,3,57.5,20.1,1.9,1.4,0,1.5,20.1,0.5,18.9,2108.8
45,2,2,140.5,50.9,8.3,4.7,2,11.3,48.9,4.7,30.9,5166.4
45,31,1,1,0.5,0.1,0,0,0,0.5,0.2,0.4,38.3
45,32,1,3,1.4,0.4,0,0,0,1.4,0.6,1.1,114.9
45,33,6,180,74.9,23.7,6.1,7,5.8,67.9,11,61.5,7268.5
45,34,3,46.5,21,7.4,1.5,0,2.3,21,3.1,17.5,2191
45,43,2,18,6.9,1.7,1,0,0.8,6.9,0.5,6.4,763.7
45,52,3,30,10.5,2,0.8,0,1.2,10.5,1.6,9.6,1270.8
45,54,1,3,1.4,0.2,0,0.1,0.1,1.3,0.3,1.1,195.9
45,55,1,2,1,0.1,0,0.1,0.1,0.9,0.2,0.7,130.6
45,61,3,27,10.1,2.2,1.3,0,0.9,10.1,0.9,9.1,1212.4
45,62,6,39,15.4,3.6,1.5,0,1.3,15.4,1.7,14.1,1809.4
45,65,2,2,0.8,0.2,0,0,0,0.8,0.2,0.8,90.8
45,67,5,49.5,18.5,3.7,2.5,0.8,0.2,17.7,2.5,18,2183.8
45,72,4,15,6,2.1,0.7,0,0.8,6,0.4,5.1,616.2
45,73,4,21.5,8.6,1.8,0.2,0.2,2,8.4,1.6,4.2,987.1
45,74,1,3,1.2,0.4,0.1,0.1,0.1,1.1,0.2,0.8,119.6
45,77,1,6,2.1,0.4,0.2,0,0.3,2.1,0.2,2,204.1
45,79,3,23.5,8.3,2.2,2.1,0,0.7,8.3,0.6,8.3,934.1
45,80,4,34.5,13.9,2.4,0.6,0,1.8,13.9,0,13.9,1654.2
45,83,1,2,0.8,0.2,0.1,0,0,0.8,0.1,0.7,73.1
45,86,1,2,0.7,0.1,0.1,0,0,0.7,0.1,0.6,99.7
45,89,3,45,13.9,0.7,1.1,0,0.4,13.9,1.1,12.3,1708.2
45,92,1,4,1.8,0.5,0,0.3,0.4,1.5,0.1,1.3,197.3
45,94,6,72.5,28.1,4.3,1.4,1.2,2.5,26.9,0.7,25.1,3003.5
45,95,1,2,0.8,0.1,0,0,0,0.8,0,0.7,99.8
45,108,1,4,1.6,0.4,0.1,0,0.1,1.6,0.1,1.5,172.7
45,109,1,4,1.6,0.4,0.1,0,0.1,1.6,0.1,1.5,172.7
45,110,1,3,1.2,0.3,0.1,0,0.1,1.2,0.1,1.1,129.5
45,114,3,223.5,94.3,19.9,3,0.6,12.2,93.7,11.6,76.4,9939.6
45,115,5,52,22.3,6.6,2.5,0,1.7,22.3,4.9,16.6,2860.8
45,116,4,180.5,69,19.9,11.1,0,5.8,69,14,61.5,6149.3
45,117,2,383,160.8,50.4,9.7,31,16.3,129.8,31.6,114.1,14630.1
45,118,5,185,62.6,14,9,0,4.4,62.6,13.3,59,5783.9
45,119,3,25,9.6,2.3,1.3,0,0.5,9.6,2.1,7.9,908.6
45,126,5,49,18.7,5.1,1.6,0.8,1.8,17.9,3.4,16.7,2311.6
75,0,3,17,7.1,2.4,0.8,0.2,0.3,6.9,1.2,5.7,633.2
75,13,1,13,5.9,1.7,0.4,0,0.4,5.9,1.3,5,700.3
75,15,1,3,1.3,0.4,0.1,0,0.1,1.3,0.1,1.1,151.6
75,30,1,2,1,0.2,0,0,0.3,1,0,0.8,113.3
75,31,3,112,56.8,26.8,3.4,10,4.8,46.8,6.3,38.8,4675.4
75,32,1,1105.5,627.3,334.8,16.6,379.8,83.4,247.5,139.2,188.9,46073.1
75,33,2,620.5,260.2,84.8,22.7,16.7,34.1,243.5,29,153.9,24243.2
75,34,1,8,4.3,2.2,0.2,0,0,4.3,0.7,3.5,451.8
75,44,3,10,4.4,1.3,0.3,0,0.3,4.4,0.3,3.7,531.6
75,45,2,3,1.4,0.3,0,0,0,1.4,0.1,1.2,165.9
75,50,1,2,0.8,0.2,0.1,0.1,0.1,0.7,0.1,0.5,87.5
75,63,2,36,13.8,1.6,0.2,0.2,0.8,13.6,0.8,10.5,1608.2
75,64,7,176,70.7,19.1,3.5,3,3,67.7,6.7,58.4,8103.5
75,65,1,13,4.3,0.7,0.2,0,0.2,4.3,0.7,4.1,438.3
75,67,2,9,3.1,0.6,0.3,0,0.2,3.1,0.3,2.9,338.2
75,70,1,4,1.4,0.4,0.1,0,0.1,1.4,0,1.1,207.3
75,72,1,2,1,0.3,0,0,0.1,1,0,0.9,120.4
75,74,2,9,3.7,0.8,0.3,0.7,0.6,3,0.8,2.9,392.3
75,75,3,324.5,149.9,55,7.5,19.5,18,130.4,25.6,95.3,15133.4
75,76,4,24,11.8,3.8,0.2,0.4,1.3,11.4,0.4,10.1,1350.1
75,77,1,1.5,0.8,0.2,0,0,0.1,0.8,0,0.7,90.3
75,78,2,5,2.4,0.9,0.1,0,0,2.4,0.6,1.1,333.5
75,80,1,1,0.6,0.3,0,0,0,0.6,0,0.5,48.3
75,86,1,3,1.3,0.3,0,0.1,0,1.2,0.1,1,155.1
75,91,3,12,4.9,1,0.2,0,0.6,4.9,0.4,4.1,574.7
75,98,1,37,18.1,7.9,1.3,1,0.7,17.1,1.5,14.3,1665.6
75,99,2,12,5.3,1.6,0.2,0,0.6,5.3,0.5,3.6,532.8
75,102,1,15.5,6.6,1.3,0.1,0.3,0.5,6.3,0.5,5.3,703.5
75,107,4,126,56.6,21,3.4,3,4.6,53.6,7.4,45,5903.8
75,108,4,118.5,45.4,7.9,3.9,0,2,45.4,3.1,35.5,5937.7
75,111,2,37,13.9,2.5,1.5,0.1,1.3,13.8,1.4,11.5,1442.4
75,115,1,46,18.1,3.2,0.6,0,2.6,18.1,0.4,15.8,2078.5
75,116,5,46,17.4,4.9,1.6,0,1.6,17.4,4,13.3,2230.9
75,120,1,1,0.3,0,0.1,0,0,0.3,0.1,0.3,62.3
75,121,2,14,4.7,0.6,0.9,0.4,0.6,4.3,0.9,4.3,872.3
96,0,2,17,6.5,2.3,1.1,0,0.3,6.5,0.8,6.1,814.5
96,3,1,2,0.8,0.2,0,0,0.1,0.8,0.1,0.7,93.5
96,4,4,99.5,44.8,13.8,1,0,5.5,44.8,6.5,35.5,4947.1
96,5,5,60,26.6,7.8,2,0,3.3,26.6,1.9,23.9,3025.6
96,11,2,6,2.9,0.7,0,0,0.5,2.9,0.3,2.7,302.4
96,20,1,4,1.6,0.3,0.2,0,0.1,1.6,0.2,1.3,184.5
96,26,3,19,8.1,2.7,0.7,0,0.7,8.1,0.7,7.5,891.9
96,27,3,23,9.8,3.2,0.8,0,0.8,9.8,0.8,9,1079.8
96,34,1,2,0.7,0.1,0.1,0.1,0,0.6,0.1,0.4,84.7
96,56,3,11,5.4,1.8,0,0,0,5.4,0.7,5.4,699.4
96,60,1,1,0.4,0,0,0,0,0.4,0,0.3,45.6
96,61,4,54,22.3,3.3,1,0,1.7,22.3,1,17.7,2564.9
96,79,2,5,2,0.1,0,0,0.1,2,0.1,1.5,420.6
96,84,4,103.5,43.5,9.9,3.2,3,4.3,40.5,2.3,31.3,4914.1
96,85,4,479.5,203.2,48.8,7.7,19,15,184.2,12,170.2,21334.7
96,86,6,52.5,23.2,6.4,1.5,0,1.5,23.2,2,22.7,3288.2
96,87,3,12,5.3,1.4,0.4,0,0.4,5.3,0.5,5.2,762.7
96,94,3,19,9.3,2.7,0,0,0.9,9.3,0.3,7.9,1056
96,96,1,4,1.9,0.7,0,0,0.1,1.9,0,1.5,215.4
96,97,1,1,0.5,0.2,0,0,0,0.5,0,0.4,53.8
96,98,1,41,19.8,6.2,0,0.3,1.6,19.5,0.6,18.6,2516.3
96,105,4,49.5,22.4,3.3,0,0,2.5,22.4,0.8,22.4,2851.1
96,106,4,60,19.7,0.6,1.8,0,0.5,19.7,1.9,17.9,2450.1
96,107,1,6,1.8,0,0.2,0,0,1.8,0.2,1.6,224.9
96,109,2,26,10.4,2.6,0.5,0,0,10.4,0.5,9.6,1558.7
96,124,3,154.5,55.4,6.6,5,1,4.9,54.4,1.8,42.2,6598.7
96,125,2,22.5,9,1.4,0.3,0,0.9,9,0.6,8,1062.4
40,0,4,32,16.4,7.5,0,0.7,0,15.7,2.1,13.6,1833.6
40,2,2,169,48.8,9.2,14.9,0,8.3,48.8,8,30.7,4874.7
40,3,1,5,1.8,0.3,0.2,0,0.1,1.8,0.1,1.8,215.5
40,4,2,5,2,0.5,0.3,0,0.2,2,0.3,1.7,218.5
40,22,2,11.5,4,1.2,0.6,0,0.6,4,0.6,1.5,661.5
40,24,1,5,1.8,0.5,0.3,0,0.3,1.8,0.3,0.6,287.6
40,30,5,65.5,27,6.7,2,0,2.3,27,2.3,24.1,3133
40,31,6,97,39.4,8.2,2.1,0,1.8,39.4,0.8,32.7,4618.6
40,34,1,4,1.3,0.1,0.2,0,0.1,1.3,0.1,1.2,176.9
40,40,3,18,6.6,1.2,1.2,0.9,0.3,5.7,0,5.4,756.3
40,41,3,41,14.5,3,2.3,0.1,2.2,14.4,2.8,12.2,1485.6
40,44,2,26,9.3,2,1.2,0,0.8,9.3,0.9,8.6,982.2
40,45,2,38,13.8,3.2,1.4,0,0.5,13.8,0.5,13.4,1482.9
40,48,3,19,8.4,2.3,0.1,0,0.4,8.4,1.5,7.6,935.4
40,49,1,4,1.8,0.5,0,0,0.1,1.8,0.3,1.6,196.9
40,52,3,21,8.2,1.9,0.3,0,0,8.2,0.6,7.6,1044.3
40,56,2,5,2.5,0.8,0,0,0.5,2.5,0,2.3,313.8
40,58,2,4,1.8,0.4,0.2,0.2,0.2,1.6,0.4,1.8,166.2
40,59,2,18,7,1.3,0.5,0,0.5,7,0.5,6.1,812.4
40,60,3,104.5,38.8,10,5.3,0,5.3,38.8,6.3,30.8,4124.5
40,63,2,5,2.3,0.5,0,0,0,2.3,0.1,1.8,236.9
40,67,5,13,5.2,1.6,0.8,0,0,5.2,0.4,5.2,647.7
40,68,3,10,3.3,0.3,0.4,0.2,0.4,3.1,0.4,2.8,348.4
40,71,1,3,1.1,0.3,0.1,0,0.1,1.1,0.1,1,98.1
40,74,2,14,5.4,1.1,0.3,0,0.5,5.4,0.5,4.3,694.6
40,75,2,7,2.7,0.6,0.1,0,0.2,2.7,0.2,2.1,347.3
40,79,1,2,0.7,0.1,0.1,0,0,0.7,0.1,0.7,68.7
40,80,2,41,15.8,2.7,0.5,0,0,15.8,1.3,14.8,1710
40,82,5,33.5,14.1,3.1,1.3,0,2.2,14.1,1.8,12.5,1453.1
40,83,2,4,1.4,0.4,0.2,0,0.2,1.4,0,1.2,145.2
40,84,2,9,3.2,0.7,0.6,0,0.5,3.2,0.2,2.8,326.5
40,85,1,2,0.7,0.1,0.1,0,0,0.7,0,0.6,98.8
40,86,1,1,0.3,0,0,0,0,0.3,0,0.3,49.4
40,87,1,2,0.7,0.1,0.1,0,0,0.7,0,0.6,98.8
40,90,2,402,171.3,50.3,10.4,33,18,138.3,11,120.4,16121.4
40,91,2,374.5,158.2,35.7,13.2,0.1,10.8,158.1,6,139.5,15597.1
40,93,1,2,0.8,0.1,0,0,0.1,0.8,0.1,0.6,73.3
40,94,2,33,16.5,5.4,0.2,1.7,0.2,14.8,3.7,11.6,1334.5
40,95,1,884,469.5,257.9,26.4,413.7,51.4,55.8,129.2,97.3,28327.2
40,96,1,1616,856,456.3,40.7,696,120,160,173.3,217.3,60572
40,97,1,803.5,335,104.3,30,165.7,55.7,169.3,50.3,162.3,28669
40,98,3,216,77.3,16.5,9.6,24.4,5,52.9,7.3,55.3,6642.3
40,99,0,279,119,49,11,119,23,0,47,20,8547
40,100,1,2,0.8,0.2,0.1,0.1,0,0.7,0.1,0.6,80.8
40,103,0,113,36,4,6,1,4,35,6,16,3379
40,104,3,97.5,33.6,2.2,1.4,0,2.6,33.6,1.8,30.2,3970.9
40,105,1,4,1.2,0.1,0.2,0,0,1.2,0.1,1.1,180.8
40,115,3,101,38.6,3.8,2.8,0,4.5,38.6,2.6,34.7,4056.8
40,116,2,127,47,12,3,2,5,45,5,37,5147
40,119,1,2,0.8,0.2,0.1,0,0.2,0.8,0.1,0.8,130.1
40,121,4,44,18.8,5.6,1.4,0,1.9,18.8,2.2,17.3,2074.5
40,122,3,4,1.7,0.5,0.1,0,0,1.7,0.3,1.6,164.8
40,123,1,1,0.4,0.1,0,0,0,0.4,0.1,0.4,41.2
41,0,3,6,3,1.4,0,0,0,3,0.4,2.6,343.8
41,4,5,65,26.9,6.5,3.7,0,2.8,26.9,3.7,22.3,2839.6
41,11,2,27.5,8.2,1.5,1.5,0,0.5,8.2,1,6.7,912.9
41,13,1,64.5,27.4,4.4,1.4,0,3.1,27.4,1.3,23.9,3746.6
41,14,1,18,5.4,1,1,0,0.3,5.4,0.7,4.4,597.5
41,15,1,1,0.4,0.1,0,0,0,0.4,0,0.3,54.8
41,23,1,1,0.4,0.1,0.1,0,0.1,0.4,0.1,0.1,57.5
41,24,1,5,1.8,0.5,0.3,0,0.3,1.8,0.3,0.6,287.6
41,27,2,19,6.9,0.9,0.9,0,0,6.9,1.3,5.5,687.7
41,28,1,2,0.7,0.1,0.1,0,0,0.7,0,0.6,95.1
41,30,1,3,1,0.1,0.1,0,0,1,0,0.9,142.6
41,32,1,2,0.9,0.3,0.1,0,0.1,0.9,0.1,0.7,120.1
41,37,4,32,10.4,1,1.7,0,0.6,10.4,0.6,9.7,1415.1
41,38,1,2,0.7,0.1,0.1,0.1,0,0.6,0,0.6,84
41,39,1,2,0.7,0.1,0.1,0.1,0,0.6,0,0.6,84
41,40,1,8,2.9,0.5,0.5,0.3,0.2,2.6,0,2.4,336.2
41,43,1,2,0.7,0.1,0.1,0,0.1,0.7,0.1,0.6,71.6
41,44,1,5,1.8,0.4,0.2,0,0.1,1.8,0.1,1.8,195.1
41,45,1,26,9.5,2.1,0.9,0,0.3,9.5,0.3,9.2,1014.6
41,46,1,2,1.1,0.6,0,0,0.1,1.1,0.2,1,109.6
41,47,3,19,10.4,5.6,0,0,0.7,10.4,1.9,9.7,1041.3
41,54,2,7,2.4,0.6,0.3,0,0.2,2.4,0.3,1.7,283
41,55,3,23,7.9,2,1,0,0.5,7.9,1,5.6,930
41,56,1,16,5.6,1.4,0.7,0,0.3,5.6,0.7,3.8,647
41,59,1,3,1.2,0.2,0.1,0,0.1,1.2,0.1,1,135.4
41,60,3,36,14,2.6,1.1,0,1.1,14,1.1,12.1,1624.7
41,62,1,1,0.5,0.1,0,0,0,0.5,0,0.4,47.4
41,63,2,5,2.3,0.5,0,0,0,2.3,0.1,1.8,236.9
41,66,1,1,0.4,0.1,0.1,0,0,0.4,0,0.4,49.8
41,70,1,5,1.6,0.1,0.2,0.1,0.2,1.5,0.2,1.4,174.2
41,73,1,8,3,0.8,0.4,0.1,0.2,2.9,0.3,2.7,261.6
41,75,2,13,5,1,0.3,0,0.5,5,0.5,4,645
41,76,2,6,2.3,0.5,0.1,0,0.2,2.3,0.2,1.8,297.7
41,78,5,27,10.9,4,1.8,0,0,10.9,1,9.9,1081
41,80,2,201,84.7,21.1,3.6,0,5,84.7,6.1,73.7,8570.7
41,81,2,52,24.1,9.2,0.8,0,1,24.1,1.5,22.1,2219.1
41,82,1,19,8.5,1.8,0.4,0,1.3,8.5,1.3,7.6,881.6
41,83,1,5,1.8,0.4,0.3,0,0.3,1.8,0.1,1.6,181.4
41,84,2,26,9.4,2.3,1.8,0,1.3,9.4,0.5,8.1,943.2
41,85,1,5,1.6,0.2,0.2,0,0.1,1.6,0.1,1.4,247
41,87,1,4.5,1.5,0.2,0.2,0,0.1,1.5,0.1,1.3,222.3
41,91,4,128.5,49.8,10.5,4.2,0.3,9,49.5,1,43,5046.9
41,92,4,115,50.1,15.1,2.1,0.5,3.1,49.6,2,44.5,5127
41,93,3,318,131.8,45.3,9,72,12.3,59.8,13.3,63.9,10604.9
41,94,4,397.5,184.4,87,15.1,143.5,30.7,40.9,44.2,32.9,12352.4
41,95,0,1551,804,431,49,703,125,101,168,132,52276
41,96,1,832,437,222.4,18.3,313,40.3,124,59.5,168.7,33462.8
41,97,3,433.5,191,78.7,18.3,63,19.1,128,26.7,120.7,16436.9
41,98,1,1,0.4,0.1,0,0.1,0,0.3,0.1,0.3,40.4
41,103,2,31,10.8,1.2,0.3,0,0.9,10.8,0.6,8.4,1252.6
41,104,3,173,53.7,2.7,7.8,0,8.2,53.7,5,32.2,5440.6
41,107,1,3,0.9,0.1,0.2,0,0,0.9,0.1,0.8,135.6
41,114,1,4,1.3,0.1,0.2,0,0,1.3,0.1,1.2,170.2
41,115,0,38,16,1,0,0,2,16,0,16,1542
41,116,1,6,2.4,0.2,0.1,0,0.5,2.4,0.4,2.3,240.1
41,121,3,51,21.7,6.8,1.6,0,1.1,21.7,2.6,20.2,2100
41,122,1,5,2.1,0.7,0.2,0,0.1,2.1,0.3,2,205.9
41,123,1,2,0.9,0.3,0.1,0,0,0.9,0.1,0.8,82.4
41,125,2,13,5.2,1.7,0,1.5,0.5,3.7,0.5,2.7,552.5
42,11,1,22,9,2.4,0.8,0,0.8,9,0,8.1,1122
42,12,1,1,0.4,0.1,0,0,0,0.4,0,0.4,51
42,13,1,4,1.6,0.4,0.1,0,0.1,1.6,0,1.5,204
42,15,3,72.5,26.6,4.6,3.9,0,1.9,26.6,3.8,21.9,3050.5
42,18,2,17,7.3,2.7,0.5,0,0.2,7.3,0.8,6.2,789.3
42,22,1,2,0.8,0.1,0,0,0.1,0.8,0.1,0.6,112.3
42,23,2,20,8,1.2,0,0,0.5,8,1.2,5.7,1123.5
42,27,6,60,23.5,2.8,2,0,2,23.5,2,23.5,2704.7
42,28,1,1,0.5,0.2,0,0,0,0.5,0,0.4,69.3
42,37,1,6,2.8,0.8,0,0,0,2.8,1.2,2.2,229.8
42,40,1,3,1.2,0.4,0.1,0,0.2,1.2,0.3,1,129
42,41,5,37,18.2,7.8,0.9,1.6,2.1,16.6,0.6,16.2,1871
42,42,1,9,4.6,2.1,0.2,0.5,0.5,4.1,0,4.2,471
42,44,4,67,33.8,11.7,0.4,1,2.4,32.8,4.3,29.9,3335.9
42,45,1,7,3.3,1,0.2,0,0.5,3.3,0.5,2.9,361.1
42,46,1,4,1.9,0.6,0.1,0,0.3,1.9,0.3,1.7,206.3
42,47,1,1,0.5,0.1,0,0,0.1,0.5,0.1,0.4,51.6
42,52,1,10,3.6,0.9,0.2,0,0.5,3.6,0.5,3.4,455.5
42,55,1,3,1,0.1,0.1,0,0.2,1,0,0.9,131.1
42,56,1,16,5.4,0.7,0.7,0,0.9,5.4,0.2,4.9,699.1
42,60,2,8,3.2,1.2,0.7,0,0.3,3.2,0.3,1.9,305.2
42,62,2,18.5,9.1,2.7,0,0,0.9,9.1,1.8,8.7,984.4
42,63,1,5,2.1,0.6,0.3,0.1,0.1,2,0.5,1.8,245.1
42,64,1,1,0.4,0.1,0.1,0,0,0.4,0.1,0.4,49
42,68,1,2,0.8,0.2,0.1,0,0,0.8,0.1,0.8,77.9
42,74,2,4,1.4,0,0,0,0.2,1.4,0.2,1.2,141
42,77,7,53,19,1.2,0.7,0,3.2,19,2.5,16.5,1868.5
42,78,3,11,6,1.8,0,0,1,6,0,5,673.8
42,79,3,7,3.8,1.1,0,0,0.6,3.8,0,3.2,428.8
42,81,1,28,11.5,3.5,1,0,0.5,11.5,1,10,1023.5
42,83,2,6,2.4,0.7,0.2,0,0.1,2.4,0.2,2.1,219.3
42,85,1,6,3,0.8,0,0.8,0,2.2,0.3,1.1,297
42,90,2,145,57,12.8,6.8,0,2.8,57,1.5,51.7,5548.5
42,91,2,614.5,233,38.4,21.1,5,33.4,228,14.7,165.6,22523.7
42,92,1,4,1.7,0.4,0,0,0.1,1.7,0.1,1.5,162.4
42,93,1,383.5,163.4,41.2,8,12,16,151.4,12,141.4,14771.2
42,94,1,561,253.3,92.4,18.1,89.4,23.2,163.9,26.1,187.8,20182.9
42,95,5,118,58.8,23.3,1.9,8.8,6.1,50,3.9,43.1,5009.6
42,96,4,260,114.3,44,7.6,55.9,17.9,58.4,18.2,31.9,9650.2
42,97,3,33,14.3,3.3,0.3,0,1,14.3,1,13.6,1618.7
42,99,1,4,1.4,0.1,0.1,0,0.1,1.4,0.1,1.3,164.7
42,100,5,33,11.5,0.7,1.2,0,1,11.5,0.7,11,1358.4
42,101,6,58,19.6,1.3,1.7,0,3.7,19.6,1.3,18.3,2117.7
42,106,1,9,3.5,0.9,0,0,0.3,3.5,0.1,3.3,372.6
42,107,3,535,174.9,31.7,27,0,15.5,174.9,9.8,162.2,18210.7
42,108,4,82,32.1,6.9,2.6,2,3,30.1,2.6,27.7,3388.5
42,109,2,18,7.3,2.1,0.6,0,0.4,7.3,0.6,6.8,776.9
42,114,1,3,1.4,0.2,0,0.1,0.1,1.3,0.1,1.2,179.5
42,125,1,2,0.8,0.1,0,0.1,0.1,0.7,0.1,0.6,98.4
73,4,4,189.5,87.1,21.8,2.6,0.8,8.7,86.3,6.9,72,10624.4
73,5,5,45,18.7,5.6,1,0,0,18.7,1,13.2,2180.6
73,7,1,2,0.9,0.2,0,0,0,0.9,0,0.8,132.6
73,8,1,2,0.9,0.2,0,0,0,0.9,0,0.8,132.6
73,25,4,143.5,63.1,20.7,4,1.4,3.2,61.7,0,60,6823.8
73,26,3,34.5,16.4,5.9,1,0.2,0.4,16.2,2,15.9,2070.2
73,28,4,24,10.9,2.3,1,0,1.3,10.9,0,9.2,1176.2
73,32,1,18,8.8,2.8,0.4,1.8,1.1,7,1.1,6,882.4
73,33,3,375.5,186.3,78.7,6.5,16,18.6,170.3,18.4,130.9,16638.1
73,34,1,93,59.8,34.9,0.2,0,3.5,59.8,7.3,41.7,4436.3
73,36,2,8,2.6,0.6,0.6,0,0,2.6,0.2,2.2,312.6
73,39,1,5,2.2,0.6,0,0,0.3,2.2,0.3,2,257.7
73,40,2,33,12.9,3,1,0,1.3,12.9,1.7,11.9,1487.2
73,41,5,222.5,94.2,28.3,5.6,0.7,6.5,93.5,7.1,80.3,10341.6
73,42,2,24,11.4,3.6,0.3,0.2,0.3,11.2,0.7,9.3,1126.3
73,48,2,24,9.4,2,0.5,0,0.8,9.4,1.1,8.6,1066.4
73,49,1,4,1.6,0.3,0.1,0,0.1,1.6,0.2,1.4,177.7
73,53,1,4,1.5,0.4,0.1,0,0,1.5,0,1.1,161.7
73,54,6,89,35.7,10.1,3.9,0.9,1.3,34.8,2.8,27.9,3682.5
73,55,1,3,1.5,0.5,0.1,0.1,0.1,1.4,0.1,1.2,143.2
73,57,4,13,5.9,2.6,0.3,0.3,0.3,5.6,0.3,4.9,596.1
73,58,1,4,1.6,0.3,0,0,0.1,1.6,0.1,1.1,187.4
73,64,1,2,0.8,0.1,0,0,0,0.8,0,0.6,93.7
73,71,1,3,1,0.2,0.2,0,0.1,1,0.1,0.7,136.8
73,73,1,2,0.9,0.3,0.1,0,0,0.9,0.3,0.5,133.4
73,74,1,2,0.9,0.4,0,0,0.1,0.9,0.1,0.3,88.4
73,75,1,5,2.5,1.2,0.1,0.1,0.3,2.4,0.1,2.1,274.1
73,78,3,11,6.2,3.3,0,0,0,6.2,0.5,5.3,530.8
73,79,1,2,1.1,0.6,0,0,0,1.1,0.1,1,96.5
73,97,2,33,15.7,6.3,0.8,0,1.5,15.7,3.1,11,1454.4
73,101,1,3,1.1,0.1,0.2,0,0,1.1,0,1,135.2
73,102,2,13,5.5,1,0.1,0.2,0.4,5.3,0.4,4.5,590.1
73,103,3,131.5,57.6,15.6,3.2,0.2,3.5,57.4,3.5,47.4,6299.4
73,104,2,9,3.4,0.8,0.2,0,0.2,3.4,0.2,3,372.6
73,108,1,1,0.4,0.1,0,0,0,0.4,0,0.3,45.8
73,118,1,4,1.5,0.3,0.1,0,0.2,1.5,0.2,0.8,184.5
73,120,1,4,1.5,0.3,0.1,0,0.2,1.5,0.2,0.8,184.5
74,4,1,7,3.2,0.9,0,0.1,0.1,3.1,0,2.9,464.2
74,14,1,9,3.9,1.3,0.2,0,0.3,3.9,0.2,3.4,454.9
74,15,1,2,0.9,0.3,0,0,0.1,0.9,0,0.8,101.1
74,26,1,4,1.7,0.2,0,0.1,0.1,1.6,0,1.5,189.8
74,31,2,93,47.3,19.3,2.4,3.1,4.3,44.2,6.3,36,4480.4
74,32,0,703,358,153,11,76,36,282,44,232,33222
74,33,2,863,478.5,263.8,18.6,226,50,252.5,82,205.9,40597.9
74,34,1,54.5,29.1,10.5,0,7,6,22.1,3.2,17.9,2361
74,40,1,6,2.1,0.4,0.4,0,0.1,2.1,0.2,2,229.1
74,41,2,29,10.5,2.1,1.7,0.1,0.6,10.4,1.1,9.5,1133.4
74,45,1,3,1.4,0.3,0,0,0.1,1.4,0.1,1.2,165.5
74,53,2,11,4.2,1.2,0.2,0,0,4.2,0,3,444.6
74,55,1,2,1,0.4,0.1,0.1,0.1,0.9,0.1,0.8,95.5
74,63,1,5,2,0.3,0,0,0.1,2,0.1,1.4,234.3
74,64,6,152,58.8,11.4,1,0.6,4.1,58.2,6.3,49,6553.8
74,65,1,5,1.6,0.3,0.1,0,0.1,1.6,0.3,1.6,168.6
74,67,1,2,0.7,0.1,0,0,0,0.7,0.1,0.6,67.4
74,72,1,5,2.3,0.8,0.2,0,0,2.3,0.7,1.2,333.5
74,75,3,27,13.5,6.3,0.4,0.3,1.7,13.2,0.4,11.4,1480.2
74,76,3,56,27.6,12.3,1.1,2.1,3.1,25.5,3.4,19,2630.5
74,84,1,8,3.4,0.8,0.1,0.1,0,3.3,0.4,2.7,413.7
74,92,1,2,1,0.4,0,0,0.1,1,0.2,0.7,88.1
74,100,3,68.5,33,13,1,1,2,32,4,23,3524
74,101,2,13,5.5,1.1,0.1,0.2,0.4,5.3,0.4,4.4,590.1
74,102,5,270,114.2,29.7,4.6,12.2,8.3,102,7.3,78.5,12387.4
74,103,3,335,144.2,39.8,5.6,10,7.6,134.2,10.6,116.7,15166.6
74,104,4,52,20,4.5,1.1,0,1.1,20,1.1,17.4,2152.4
74,107,1,49,23.4,8.9,0.2,0,2.5,23.4,2.2,21,2181.6
74,108,1,4,1.6,0.4,0.2,0,0,1.6,0.1,1.3,183.2
74,109,3,23,9.5,2.4,1,0.3,0,9.2,0.3,7.8,1053.4
74,110,1,18,7.4,1.9,0.8,0.3,0,7.1,0.3,6,824.4
74,111,2,57.5,22.9,8.5,2.4,0.2,1.7,22.7,2.9,17.8,2559.8
74,115,3,39,13.8,2.4,1.3,0,1.3,13.8,0.7,11.4,1691.7
74,116,2,16,5.7,1,0.5,0,0.5,5.7,0.3,4.7,694
97,10,1,4,2,0.5,0,0,0.2,2,0.1,1.8,219
97,11,3,58,29.1,10,1,0,3.1,29.1,3.2,26.1,3167.7
97,12,4,26,12.6,3.1,0,0,2,12.6,1.2,11.8,1310.6
97,18,1,5,1.9,0.4,0.2,0,0.1,1.9,0.2,1.6,230.6
97,20,5,43,16.7,3.7,1.8,0,0.9,16.7,1.8,14.1,1983.5
97,21,3,27,10.5,2.3,1.2,0,0.5,10.5,1.2,8.9,1245.5
97,26,1,1,0.4,0.1,0,0,0,0.4,0,0.4,46.9
97,27,2,6,2.5,0.8,0.2,0,0.2,2.5,0.2,2.4,281.6
97,30,3,84,28.8,3.7,3.9,0,1.6,28.8,1,25.6,3067.3
97,31,0,162.5,75,22,1,1,9,74,14,39,6487
97,76,2,7,2.8,0.7,0.1,0,0.3,2.8,0.3,2.7,337.8
97,82,1,3,1.3,0.2,0,0,0.1,1.3,0.1,1.2,182.8
97,83,1,19.5,8.7,2.5,0,0,1.9,8.7,0,6.8,1301.2
97,84,3,14,5.1,0.7,0,0,0.2,5.1,0.1,4.9,662
97,85,3,267,112.4,26.4,0,10,8.4,102.4,7.4,93,12456.2
97,86,1,6,2.6,0.7,0.2,0,0.2,2.6,0.2,2.6,381.4
97,87,1,6,2.6,0.7,0.2,0,0.2,2.6,0.2,2.6,381.4
97,94,2,7,2.8,0.9,0.2,0.4,0.2,2.4,0.3,2.1,307
97,96,5,13,5.2,1.3,0.5,0.5,0.5,4.7,0.3,3.4,654.3
97,104,1,2,1,0.3,0,0,0.1,1,0.1,0.9,117.4
97,105,1,18,6.6,1.2,1.2,0,1.2,6.6,1.2,6,832.8
97,108,2,14,5.6,1.4,0.2,0,0,5.6,0.2,5.1,839.3
97,115,1,4,1.2,0,0.2,0,0.1,1.2,0.1,1.1,158.4
97,124,3,24,10.9,3,0.1,0,0.5,10.9,0.6,8,1199.2
97,125,2,19,9,3,0,0,0,9,0.5,6.5,921.5
71,3,6,49,25.6,7.9,0,0,2.3,25.6,1.6,24.9,2955.2
71,21,4,45,16.7,3.4,1.3,0,0.3,16.7,0.3,14.3,2056.1
71,22,1,1,0.4,0.1,0.1,0,0,0.4,0,0.3,47.6
71,26,3,80.5,36.1,9.8,4,0,4,36.1,2,32.2,3615.2
71,27,1,2,0.9,0.2,0.1,0,0.1,0.9,0,0.8,112.8
71,33,1,1,0.3,0.1,0,0,0,0.3,0,0.3,38.6
71,37,2,34,11.2,2.7,2.2,0,0,11.2,0.9,9,1328.7
71,49,3,21.5,9.2,2.6,0,0,0,9.2,1.2,8,1161
71,65,1,4,1.3,0.3,0.2,0,0.2,1.3,0.2,0.9,182.4
71,74,1,3,1.4,0.5,0.1,0,0,1.4,0.4,0.7,200.1
71,75,2,5,2.4,0.9,0.1,0,0,2.4,0.6,1.1,333.5
71,77,1,2,0.9,0.3,0.1,0,0,0.9,0.3,0.5,133.4
71,80,1,11,4.7,1.4,0.3,0,0.3,4.7,0.3,4,552.1
71,81,1,4,1.7,0.5,0.1,0,0.1,1.7,0.1,1.5,200.8
71,82,3,8,4,1.6,0.2,0,0.3,4,0.2,2.9,343.8
71,83,1,5,2.5,1,0.1,0,0.2,2.5,0.1,1.9,214.9
71,90,3,5,2.2,0.5,0,0.2,0,2,0.2,1.7,258.5
71,95,1,2,1,0.4,0,0,0,1,0.2,0.7,105.7
71,96,1,2,1,0.4,0,0,0,1,0.2,0.7,105.7
71,98,1,20,11,4.9,0,1.2,0.4,9.8,0.8,9.4,1190.6
71,99,0,461,217,94,14,90,29,127,48,66,17610
71,100,5,265,104.8,27.8,9.5,16,7,88.8,10.2,71,10132.2
71,102,3,33,15.7,5.7,0.5,0,1,15.7,0.5,13.6,1625.9
71,106,1,2,0.8,0.2,0.1,0,0.1,0.8,0.1,0.6,84.8
71,111,1,1,0.4,0.1,0,0,0,0.4,0,0.3,37.9
71,121,2,26,12.4,4.9,0.4,0.7,0.4,11.7,0.7,10.9,1330.1
71,122,4,225.5,90.2,27.8,6.5,7,4.5,83.2,6,70.2,9951.8
72,4,1,50,20.9,6.8,1.4,0,0.1,20.9,1.1,16.4,2119.2
72,5,1,3,1.2,0.4,0.1,0,0,1.2,0.1,0.9,145.4
72,13,3,7,3,0.9,0.2,0,0.2,3,0.2,2.6,353.7
72,25,3,70,33,9.2,0,0,1.1,33,0,26.5,3779.8
72,26,5,38.5,16.8,3,0,0.3,1.2,16.5,0,15.2,1910.3
72,28,1,31,19,10.6,0.2,0,1.4,19,1,13.5,1916.6
72,29,4,58,21.1,3.1,1.9,1,1.3,20.1,0,18.3,2515.1
72,33,3,233.5,94.8,21.9,7.6,0,15.1,94.8,7.3,62.3,9876.9
72,37,1,7,2.3,0.6,0.5,0,0,2.3,0.2,1.8,273.6
72,40,1,3,1.3,0.4,0,0,0.2,1.3,0.2,1.2,154.6
72,41,3,35,14.5,6.1,2,0,0.2,14.5,1.4,13.2,1844.2
72,48,1,7,2.7,0.6,0.2,0,0.2,2.7,0.3,2.5,311
72,49,5,57,22.3,4.9,1.3,0,1.9,22.3,2.4,20.4,2532.8
72,56,1,2,0.9,0.4,0.1,0,0.1,0.9,0.1,0.7,91.4
72,57,7,43,19.6,8.4,1.5,0.8,1.5,18.8,1.5,15.8,1965.1
72,58,1,2,0.8,0.1,0,0,0,0.8,0,0.6,93.7
72,60,2,3,1.2,0.2,0,0,0,1.2,0,0.9,140.6
72,62,1,4,1.6,0.3,0,0,0.1,1.6,0.1,1.1,187.4
72,77,1,11,4.9,2,0,0,0.3,4.9,0.7,1.6,486
72,78,1,3,1.7,0.9,0,0,0,1.7,0.1,1.4,144.8
72,80,2,6,3.4,1.8,0,0,0,3.4,0.2,2.8,289.6
72,92,1,6,2.9,1.1,0.1,0,0.3,2.9,0.6,2,264.4
72,97,1,1,0.5,0.2,0,0,0,0.5,0.1,0.3,44.1
72,99,1,122,54.2,17.8,3.3,2,7.3,52.2,4,41.2,5239.3
72,100,5,64,23.6,2,3.4,0,0.7,23.6,0,20.9,2883.4
72,101,1,3,1.1,0.1,0.2,0,0,1.1,0,1,135.2
72,118,2,21,8,1.7,0.4,0,0.9,8,1.2,4.2,968.5
72,123,1,4,1.5,0.3,0.1,0,0.2,1.5,0.2,0.8,184.5
72,124,6,36,14.9,4.6,0.8,0,0.6,14.9,1.6,10.2,1628.4
72,125,2,17,7.6,2.8,0.5,0,0,7.6,0.5,6.1,755.6
72,127,3,51,21,7,3.1,4,2,17,1.1,15.1,2208.9
121,10,4,20,9.4,2.6,0.1,0,1.1,9.4,0.6,6.9,1071.1
121,11,4,35,17.3,5.5,0.2,0.8,2.2,16.5,1.6,12,1964.1
121,12,3,20,12.3,5.7,0,3.1,1.1,9.2,2.5,7.2,1369.2
121,13,3,26,10.3,3.1,1.1,0,0,10.3,0.4,7.5,1315.7
121,48,3,35,12.9,2.6,1.2,0,0.7,12.9,0.7,11,1697.8
121,49,3,13,4.7,0.9,0.5,0,0.2,4.7,0.2,4,630.6
121,57,2,10,4.3,1.3,0.3,0.3,0.1,4,0.6,2.9,546.3
121,66,1,3,1.1,0.1,0,0,0,1.1,0,1.1,128.4
121,67,1,5,1.9,0.2,0.1,0,0,1.9,0.1,1.9,214.1
121,83,3,231.5,81.8,15.6,9.8,4,6.2,77.8,6,73.4,9223
121,84,3,325.5,130.9,30.4,9.3,14,7.8,116.9,11.1,90.2,14706.7
121,89,1,1,0.5,0.2,0,0,0,0.5,0,0.4,57.4
121,95,2,6,2.7,0.6,0,0,0.3,2.7,0.1,2.3,378.5
121,96,2,24,10.7,2.6,0,0,1.1,10.7,0.5,9.2,1514
121,109,2,16,5.6,1.4,0.6,0.2,0.1,5.4,0,3.9,822.5
121,110,3,17,5.8,1.5,0.8,0.3,0,5.5,0,4.1,874.6
121,111,2,61.5,24.3,6,2.7,2,3.1,22.3,0,21.7,3846
121,118,3,13,5.2,1.5,0.5,0,0.1,5.2,0,4.7,765.2
121,119,1,10,4,1.2,0.4,0,0.1,4,0,3.6,588.6
121,120,2,13,6.1,1.9,0.3,0,0,6.1,0.3,5.4,670.6
121,121,2,841.5,379.9,112.2,12.4,98,42.6,281.9,27.1,267.1,34560.6
121,122,2,1091,502,155.4,22.7,60,43.4,442,20,409.6,47989.7
121,123,2,443,187.9,48.8,10.7,14.4,17,173.5,11.7,146.4,15335.4
121,124,2,720,403.4,228.4,11.3,365.1,48,38.3,52.3,58.2,27991.7
121,125,0,1496,878,522,25,839,82,39,131,357,63074
121,126,0,2616.5,1585,965,35,1415,156,170,243,541,105069
121,127,0,3655,1972,960,56,1745,237,227,236,777,159858
18,3,4,122.5,42.8,7,6.9,0,3.7,42.8,1.7,42.7,4154.9
18,4,1,79,27.5,5.5,4.1,8.2,2.2,19.3,1.3,11,2311.1
18,5,6,46,18.5,4.6,1.5,1.5,2.3,17,2.6,12.6,1907.5
18,6,2,145.5,57.8,16.5,6.4,14.1,2.2,43.7,5.3,43,5021.5
18,7,1,611,251.6,75.1,21.6,105,31.5,146.6,20.1,164,21279.4
18,8,5,205.5,96.5,32.9,6.8,8.1,4.5,88.4,3.5,65.7,9823.7
18,9,2,5,2.2,0.7,0.1,0.3,0.2,1.9,0.1,1.6,222.3
18,11,1,12,5.2,1.3,0.2,0,0.5,5.2,0.2,4.7,523.3
18,12,1,78,36.9,13.3,0.1,0,1.1,36.9,1.1,33.6,3096.6
18,13,3,35,13.8,2.8,1.2,0,1.2,13.8,0.8,12.2,1656.1
18,19,1,2,0.8,0.2,0.1,0,0,0.8,0.1,0.3,108.3
18,27,3,18,5.8,1.2,1.4,0,0.7,5.8,0.6,4.6,681.2
18,31,1,4,1.2,0,0,0,0.1,1.2,0.1,1,134.5
18,33,3,73,20.8,5,5.8,1.4,1,19.4,1.9,17.7,2223.7
18,34,4,37,13.2,2.4,1.1,0.4,0,12.8,0.2,11.2,1469.5
18,36,4,14,5.6,1.5,0.3,0,0.2,5.6,0.2,4.8,698.5
18,37,2,8,3.5,1.3,0.2,0,0.1,3.5,0.1,3.2,498.7
18,42,2,9,3.1,0.6,0.4,0.1,0.1,3,0.2,2.7,371.7
18,47,1,2,0.8,0.2,0.1,0,0,0.8,0.1,0.7,95.7
18,50,6,52,17.7,2.3,1.8,0,2.6,17.7,1.4,16.3,1817.4
18,51,1,98,38.3,9.1,3.1,0,3.4,38.3,1.7,35.6,3558.7
18,52,2,4,1.6,0.2,0.2,0,0.2,1.6,0,1.2,206.2
18,53,2,7,2.6,0.3,0.2,0,0.4,2.6,0.1,2.3,360.9
18,56,2,20,9.4,2.6,0,0,1.2,9.4,0.6,6.9,1087.4
18,57,1,9,4,0.7,0,0,0.7,4,0.1,2.7,439
18,60,2,10,4,0.7,0.3,0,0.1,4,0.1,3.3,474
18,62,1,2,1,0.5,0.1,0.4,0.1,0.6,0.1,0.5,96.1
18,67,6,107,38.4,3.5,4.7,0.9,4.3,37.5,1.6,35.7,4463.7
18,68,2,4,1.7,0.4,0.1,0.1,0.1,1.6,0.1,1.3,208.5
18,70,2,20,8,1.6,0.5,0.3,0.8,7.7,0.8,6.6,898.4
18,71,3,20,7.2,1.8,0.9,0.2,0.5,7,0.6,6.7,748.3
18,72,2,12,4.4,1,0.6,0.2,0.4,4.2,0.4,4,444.2
18,73,2,13,5.9,1.7,0.4,0,0.8,5.9,0.8,5,685.5
18,74,2,21,6.5,1.4,1.2,1.2,0.9,5.3,1.6,4.6,687.9
18,75,5,95,33.9,11.5,5.2,5.9,5.3,28,5.9,24.4,3653.8
18,76,1,83,31.7,7.8,3.3,0,3.9,31.7,0.9,30.8,3369.5
18,80,1,10,4.8,2,0,2.3,0.5,2.5,0.7,1.6,448.6
18,82,1,2,0.7,0.1,0.1,0,0.1,0.7,0.1,0.7,73.7
18,83,1,5,2,0.6,0.2,0,0.1,2,0.2,1.8,175.6
18,84,1,3,1.2,0.3,0.1,0,0.1,1.2,0.1,1.1,105.4
18,85,2,21,8.9,2.7,0.7,1,0.8,7.9,1.2,6.7,917.8
18,86,3,9,3.4,0.9,0.4,0.8,0.6,2.6,0.2,2.2,356.3
18,87,2,7,2.9,0.8,0.3,0,0.3,2.9,0.1,2.6,263.7
18,88,1,5,2.2,0.7,0.1,0,0.1,2.2,0.3,1.9,284.6
18,89,2,6,2.7,0.9,0.2,0,0.2,2.7,0.3,2.3,341.4
18,90,3,6,2.5,0.8,0.2,0.1,0.1,2.4,0.3,2.2,294.2
18,91,4,93.5,39,10.3,3.5,0.8,3.9,38.2,3.9,31.8,4353.3
18,99,2,31,11.3,2,1.6,0.4,0.9,10.9,0.9,10.1,1124
18,100,3,16,5.8,1,0.8,0.3,0.5,5.5,0.5,5.1,572.8
18,105,5,67,28.9,9.2,0.8,3.4,2.8,25.5,5.3,20.7,3174.1
18,106,3,12,5.7,1.7,0.1,0.3,0.6,5.4,1,4.6,609.7
18,108,1,1,0.3,0,0,0,0,0.3,0,0.3,38.4
18,116,1,1,0.4,0.1,0,0,0,0.4,0,0.3,43.5
18,117,4,77,28.2,3.7,3.1,0.1,1.5,28.1,1.9,25.6,2921.7
18,123,2,54,23.5,9.4,1.5,0,0,23.5,2.4,18.9,2847.1
18,124,1,25,12.8,6.4,0.6,0,0,12.8,0.6,9.9,1446.5
67,0,3,6,2.4,0.6,0.1,0,0.5,2.4,0.2,1.8,243.5
67,1,2,19,8.3,2.1,0,0,0.1,8.3,0.5,7.3,831.7
67,2,2,99.5,49.6,17.9,1,0,4,49.6,4.6,44.5,4723
67,5,1,4,1.5,0,0,0,0.2,1.5,0,1.3,204.9
67,6,5,74,34,10.5,0,0,2.4,34,4.8,28.7,3696.8
67,7,1,3,1.4,0.5,0,0,0.1,1.4,0.2,1.2,149.3
67,10,1,4,1.5,0,0,0,0.2,1.5,0,1.3,204.9
67,13,5,109,49.5,15.5,0.8,0,3.8,49.5,1,45.5,5455.8
67,28,1,2,1,0.4,0,0,0.1,1,0.1,0.8,92.9
67,37,1,1,0.4,0.1,0,0,0,0.4,0,0.4,46.1
67,38,3,19,8.2,1.5,0,0,0.5,8.2,0,7.2,958.2
67,39,3,17,7.3,1.4,0,0,0.5,7.3,0,6.4,857.3
67,40,1,1,0.4,0.1,0,0,0,0.4,0,0.4,50.4
67,55,2,5,2.4,0.8,0.1,0.1,0.1,2.3,0.5,1.9,252.7
67,56,3,32,15.1,5.2,0.4,0.4,0.4,14.7,3,11.6,1617.2
67,57,5,25,11.8,4.1,0.3,0.3,0.3,11.5,2.4,9.2,1263.5
67,60,1,16,6.3,0.8,0.8,0,0.4,6.3,0.8,5.9,819.8
67,61,5,74,27.7,5,4.4,0,2.6,27.7,2.3,24.6,3132.3
67,62,1,7.5,2.8,0.6,0.5,0,0.3,2.8,0.2,2.4,294.4
67,64,1,4,1.5,0.3,0.2,0,0.1,1.5,0.1,1.3,157
67,68,2,8,2.4,0,0.4,0,0,2.4,0,1.9,304.4
67,70,2,24,7.3,0,1.1,0,0,7.3,0,5.7,913.1
67,80,1,2,0.7,0.1,0.1,0,0,0.7,0.1,0.6,92.3
67,90,3,8,3.3,0.5,0.3,0,0.3,3.3,0.5,2.4,407.1
67,93,1,4,1.4,0.5,0.1,0,0.1,1.4,0.2,1.3,185.3
67,94,2,7,2.5,0.8,0.1,0,0.1,2.5,0.4,2.3,324.3
67,95,3,4,2.3,0.8,0,0,0.1,2.3,0.4,1.7,171.2
67,96,2,174.5,81.6,24.7,2.6,1,7.7,80.6,10.5,68.3,8289
67,97,1,74,31.5,8.7,1.8,3,2.8,28.5,1.7,26.2,3218.6
67,99,2,10,4.1,0.7,0.5,0.1,0.1,4,0.3,3.8,628
67,100,4,30,12.3,2.1,1.4,0.3,0.3,12,1.1,11.4,1884
67,103,1,1,0.4,0.1,0,0,0,0.4,0,0.4,45.7
67,112,2,17,7.2,1.8,0.7,0.4,0.4,6.8,1.1,5.4,784.4
67,116,1,1,0.4,0.1,0,0,0,0.4,0,0.3,55.6
94,0,4,22,9.2,1.3,0.4,0,0.9,9.2,0.4,8.8,972
94,1,1,2,0.8,0.1,0,0,0.1,0.8,0,0.8,88.4
94,6,1,3,1.2,0.2,0.2,0,0.1,1.2,0.1,0.9,128.9
94,7,4,49,19.5,3.2,2.5,0,1.3,19.5,1.3,14.5,2105.1
94,10,1,6,2.9,1.1,0,0.2,0.5,2.7,0,2.4,306.7
94,11,3,14,6.8,2.1,0.2,0.2,1.5,6.6,0.5,5.7,734.2
94,17,1,1,0.5,0.1,0,0,0.1,0.5,0.1,0.4,53.4
94,43,4,179,73.4,17.3,7.9,0,8.3,73.4,7.3,53.4,8178.4
94,50,2,8,3.9,1.5,0.3,0,0.4,3.9,0.7,3.2,401.1
94,51,1,4,1.7,0.8,0.1,0,0.3,1.7,0.1,1.3,165.6
94,83,3,37,10.6,0.9,1.7,0,0,10.6,0.9,10.6,1332
94,84,1,253,110.7,25.1,3.3,0.3,6.3,110.4,6.3,102.5,11151.9
94,94,5,223.5,97.6,26.3,3.7,4,7.7,93.6,4.5,85.5,11277.4
94,97,2,3,1.3,0.3,0.1,0,0.1,1.3,0,1.1,161
94,98,4,295,131.4,41,2,7.6,11.3,123.8,7.3,100.3,14952.4
94,99,1,4,1.9,0.5,0,0.1,0.1,1.8,0.1,1.5,232.2
94,105,2,17.5,9.1,4.6,0.4,0,1.9,9.1,1.3,7.8,1105.5
94,106,1,11,5.7,2.9,0.3,0,1.1,5.7,0.9,4.9,694.9
94,109,1,1,0.4,0,0,0,0,0.4,0,0.3,48.1
94,111,2,57.5,22.6,5.6,1.2,1,1.4,21.6,2,15,2654.2
94,112,2,24,8.8,1.9,1.4,0,0.5,8.8,0,7,1217.7
94,116,4,36.5,15.8,2.3,0,0,1.5,15.8,1.9,13,1866.8
94,117,2,14,6.1,0.9,0,0,0.6,6.1,0.7,5,716.1
94,118,1,1,0.3,0,0,0,0,0.3,0,0.3,40.9
94,121,3,219.5,89.4,15,3,4.4,6.2,85,1.4,73.1,10319.1
94,122,1,10,4.4,0.7,0.2,0,0.5,4.4,0.5,4.2,510.5
94,123,2,55,21.6,3.6,0.4,1,3.7,20.6,0.7,17.4,2629.3
94,124,2,7,3.1,0.6,0.1,0,0.3,3.1,0.3,2.6,361.6
94,127,3,131.5,49,10,4.1,0,2.1,49,4.1,42,5534
19,1,1,4,1.6,0.4,0.1,0,0.2,1.6,0.1,1.5,166.7
19,3,3,19,5.7,0.3,1.6,0,0.9,5.7,0.7,5.7,674.9
19,4,1,1384.5,471.2,120.1,94.3,451,107.2,20.2,203.1,22.2,33528.1
19,5,4,1461,625.8,264.3,71.2,616.8,98.2,9,234.4,49.8,40377.8
19,6,2,110,42,11.6,7,19.2,1.4,22.8,4.4,8.4,4005.8
19,7,1,890,459.5,207.2,18.2,286.6,52.1,172.9,46.3,209.7,39737.3
19,8,2,464.5,232.5,99.5,7,119.1,40.2,113.4,31.2,122.3,21299.2
19,9,3,737,313.3,110.6,31.4,265.7,93.6,47.6,109.4,38.8,19481
19,10,5,111,45.4,9.4,3.2,5.7,5.7,39.7,5.2,38.1,4574.3
19,11,5,69,28.6,6.6,1.7,1.5,3,27.1,1.7,24.1,2919.5
19,12,3,186,71,16.2,9.3,2,1.9,69,6.3,63.1,7142.9
19,13,1,72,27.2,5.6,3.8,0,2.8,27.2,3.4,26.4,2909.6
19,18,3,9,3.6,0.9,0.6,0,0,3.6,0.6,1.5,487.2
19,19,1,1,0.4,0.1,0.1,0,0,0.4,0.1,0.2,54.1
19,20,1,2,0.8,0.2,0.1,0,0,0.8,0.1,0.3,108.3
19,21,2,21,7.9,1.5,1.2,0,0.6,7.9,0.4,7.4,974.9
19,22,3,41,15.5,3,2.2,0,1.1,15.5,0.7,14.4,1903.4
19,27,3,41,12.6,2.5,3.2,0,1.2,12.6,1.2,10.1,1458.4
19,28,2,40,18.1,5.3,0.8,0,1.5,18.1,0.8,18.1,2120
19,29,1,3,1.4,0.4,0.1,0,0.1,1.4,0.1,1.4,159
19,39,1,2,0.9,0.2,0,0,0,0.9,0.1,0.8,100.6
19,40,2,59,23.2,7.1,2,0,0,23.2,1.7,21.5,2755.7
19,41,1,13,4.7,1,0.4,0.1,0,4.6,0.3,4.4,539.1
19,42,5,126.5,46,9.3,3.1,0.7,0,45.3,3.4,38.8,5254.6
19,44,2,25,8,1.2,1,0,0.3,8,1,6.5,1034.9
19,45,4,56,17.9,2.7,2.1,0,0.7,17.9,2.1,14.4,2318.1
19,50,1,22,8.9,2.3,0.5,0,0.8,8.9,0.8,7.8,978.9
19,51,4,29,12.3,3.6,0.4,0,1.3,12.3,0.8,10.7,1310.3
19,52,5,11,5.1,1.8,0,0,0.7,5.1,0.2,4.3,509.3
19,53,3,86,33.6,7.1,4.9,0,3.6,33.6,1.7,29.7,3550.3
19,56,2,6,2.7,0.5,0,0,0.5,2.7,0.1,1.8,292.7
19,57,1,15,6.7,1.2,0,0,1.2,6.7,0.2,4.5,731.7
19,58,1,10,3.8,0.8,0.5,0,0.5,3.8,0.3,1.6,461.9
19,59,1,7,2.6,0.6,0.4,0,0.4,2.6,0.2,1.1,323.3
19,66,4,106.5,44.3,13.1,3.9,0,3.2,44.3,6.7,39.7,5324
19,67,2,3,1.2,0.3,0.1,0,0,1.2,0.1,1.1,131.6
19,68,4,38,13.3,2.7,2,0.3,1.1,13,1.4,12.6,1680.1
19,69,5,60,20.8,4.4,3.2,0.5,1.6,20.3,2.1,19.8,2652.9
19,70,2,6,2.8,1.2,0.2,0,0.2,2.8,0.8,2.8,285.2
19,74,2,68,18.9,3.5,4.8,5.1,2.6,13.8,5.6,12.5,1948.3
19,75,2,55,16.8,1.9,3.1,5.4,2.7,11.4,2.4,13.2,1876.1
19,76,4,137,49.5,13.5,6.9,7.2,2.3,42.3,4.1,39.3,4840.2
19,79,2,12,5.5,2.2,0,2,0.4,3.5,1,2.5,548
19,80,3,26,12.3,5.3,0,5.9,1.1,6.4,1.8,4.2,1166.5
19,81,2,168,59.1,10.7,5.4,1.4,8.9,57.7,8.4,49.7,6152.6
19,82,6,78,28.6,4,2.1,1.9,4.7,26.7,2.1,26.1,2872.8
19,83,4,302.5,105.9,25.9,22.8,3,9.3,102.9,13.8,92.5,10317.8
19,84,1,102.5,40.6,11.2,3.9,20,8.4,20.6,5.9,31.2,3540
19,85,2,213,85.4,24,4.5,5.5,8.5,79.9,4.5,54.4,8398.8
19,86,3,79,37.9,14.5,1.3,3.1,3.5,34.8,0.6,23.5,3650.3
19,91,2,54,22.9,6.6,0.7,0.2,4.7,22.7,1.6,19.4,2396.8
19,92,3,23,8.5,0.6,0.6,0,1.5,8.5,0.9,6.4,952.2
19,93,1,2,0.7,0.1,0.1,0,0.1,0.7,0.1,0.6,82.8
19,95,1,3,1.1,0.1,0.1,0,0.2,1.1,0.1,0.8,124.2
19,97,1,4,1.5,0.1,0.1,0,0.3,1.5,0.2,1.1,165.6
19,99,0,37,11,0,1,0,0,11,1,11,1203
19,100,3,184.5,78.7,28.8,6.1,13.1,5.4,65.6,10.4,49.6,7735.5
19,101,2,41,18.1,8.4,1.3,0.2,1.2,17.9,0.2,17.8,1761.3
19,106,1,3,1.6,0.6,0,0,0.2,1.6,0.2,1.5,170.8
19,111,3,24,9.3,2,1,0,0.8,9.3,0.9,7,1065.8
19,112,2,18,7.2,1.6,0.8,0,0.8,7.2,0.8,5.2,822.8
19,123,1,42,19.5,4.8,1.1,0,6,19.5,2.1,13.2,1914.6
19,124,1,3,1.5,0.8,0.1,0,0,1.5,0.1,1.2,173.6
19,127,2,38,17.2,6.1,0,0,0.7,17.2,1.3,15.7,1875.4
69,2,3,140.5,68,25,3,11,11,57,11,46,6524
69,3,2,21,7.8,1.4,0.5,0,0.5,7.8,1.4,7.3,885.6
69,15,5,54,24.7,8.9,0.6,0,1.8,24.7,1.6,21.3,2814.6
69,20,1,6,2.6,0.5,0,0,0.2,2.6,0.1,2.2,287.9
69,21,3,27,11.7,2.4,0.1,0,1.1,11.7,0.4,10,1318.4
69,22,5,63,27.3,7.7,1.8,0,3,27.3,0.6,23.2,3311.1
69,34,7,135.5,56.8,13.1,3.9,2,4.9,54.8,4.3,52.9,6285.3
69,42,1,4,1.7,0.5,0,0,0.2,1.7,0.2,1.6,206.2
69,46,1,7,3.3,0.7,0,0,0.2,3.3,0.3,2.8,386.2
69,47,4,26,12.5,2.6,0,0,0.5,12.5,1.2,10.4,1434.6
69,48,4,12,5.1,1.4,0,0,0,5.1,0.7,4.5,648
69,49,4,49,20.5,5.9,0.2,0.2,0.4,20.3,2.3,17.1,2543
69,50,5,70,26.7,7,1.7,1.7,2.5,25,1.7,18,3059.3
69,51,1,1,0.4,0.1,0,0,0,0.4,0,0.3,43.7
69,55,1,10,5.2,2.2,0.1,0,0.3,5.2,1.9,2.2,221.8
69,56,1,1,0.5,0.2,0,0,0,0.5,0.2,0.2,22.2
69,57,1,5,2.6,1.1,0.1,0,0.2,2.6,0.9,1.1,110.9
69,64,2,7,2.8,0.5,0,0,0.2,2.8,0.2,2,328
69,80,5,111.5,46.5,12.8,2.7,0,2.7,46.5,4.7,36.5,5276.6
69,81,4,140,59,15,4.2,0,5.7,59,3.2,51.4,6246.7
69,82,1,6,2.7,0.6,0.1,0,0.4,2.7,0.1,2,267.3
69,87,1,4,1.7,0.4,0.1,0.1,0,1.6,0.2,1.3,206.9
69,88,1,5,2.1,0.5,0.1,0.1,0,2,0.2,1.7,258.6
69,89,2,6,2.6,0.6,0.1,0.1,0,2.5,0.3,2.2,327.2
69,90,1,4,1.8,0.4,0,0,0.1,1.8,0.3,1.8,240.5
69,96,4,107.5,51.2,17.5,2.1,0.5,3.1,50.7,8.3,39.5,5679.7
69,97,3,49,20.3,4.2,0.9,0.3,0.9,20,1.9,18.4,2470.3
69,98,6,300,146.1,60,8,39,25,107.1,21,77.9,14251
69,99,0,151.5,83,44,2,25,9,58,19,32,7113
69,101,2,6,3.2,1.4,0,0.4,0.2,2.8,0.2,2.7,338.9
69,105,1,4,1.5,0.3,0.2,0,0.2,1.5,0.1,1.1,169.6
69,106,3,13,5,1.1,0.6,0,0.7,5,0.4,3.8,551.2
69,107,2,74,27,4.8,1.6,0,1.9,27,0.9,19.6,3031
69,109,2,6,2.8,1.1,0.2,0,0.2,2.8,0,2.4,264
69,121,3,28,10.4,3.1,1.6,0.2,0,10.2,2.7,8.7,1176.6
69,123,3,20,8.1,2.1,1.1,0.5,0,7.6,1.1,6.4,980
116,33,1,2,0.8,0.1,0.1,0,0.1,0.8,0.1,0.5,78.6
116,34,3,76,33.5,7.8,0.9,0,3.8,33.5,3.8,25.1,3861.8
116,63,1,27,14.2,4.8,0.1,0,0.2,14.2,0,14.1,1872.2
116,64,5,159.5,64.9,18.2,5.7,3,6,61.9,3,55.6,8104.9
116,71,3,39,15.6,2.6,0,0.9,0.3,14.7,0.9,13.2,2312.7
116,72,3,189.5,78.4,15.4,1,0.8,5.2,77.6,3.8,73.2,9226.8
116,73,1,1,0.4,0.1,0,0,0,0.4,0,0.3,59.3
116,76,0,498.5,188,34,5,0,9,188,4,169,21250
116,77,2,136.5,45.2,4.4,3.8,3.2,1.8,42,1.4,37.6,5284.6
116,79,1,3,1.1,0.2,0.1,0,0,1.1,0.1,0.8,126.6
116,89,1,8,3.4,1.1,0.2,0,0.2,3.4,0.4,3,335.4
116,90,0,382,163,35,6,10,13,153,4,147,16891
116,93,2,135,53,8.3,2,4,4.3,49,1.2,43.3,6186.4
116,94,3,28,11,1.7,0,0,1.7,11,0.9,7.7,1284.6
116,95,2,10,4.4,1,0,0,0.4,4.4,0.2,3.8,630.9
116,104,3,29,11.2,1.4,0.4,0.8,1,10.4,1.2,9.4,1459
116,106,1,7,2.8,0.5,0.1,0.4,0.4,2.4,0.5,2.2,380.7
116,111,4,158,65.6,14.4,3.5,5.5,0.6,60.1,1.9,57.5,9426.3
116,112,2,38.5,16.7,3.6,0,0,1.8,16.7,0.6,14.9,2164.3
116,117,2,22.5,7.4,0.4,0.8,1.3,0.4,6.1,0.4,6.1,963.8
116,121,1,175.5,110.8,63,1,104.7,8.7,6.1,11.1,15.5,6734.4
116,122,0,276.5,159,84,3,138,8,21,16,36,10448
116,123,3,1267.5,553.6,212.8,46.5,343.5,96.3,210.1,146.6,197.3,45062.8
116,124,4,1610.5,640,238.2,94.7,551.9,136.3,88.1,324.6,44.9,47631.9
116,125,3,3293,1326.1,506.3,178.5,1270,260,56.1,540.5,134.9,100384.1
116,126,0,1360.5,578,149,38,44,58,534,15,446,58111
116,127,1,1226.5,559.1,175.4,21,223.1,56.4,336,32.7,303.9,53566.6
65,1,1,4,1.6,0.5,0.3,0,0.2,1.6,0.3,1.2,165.2
65,2,6,198.5,80.8,22.6,8.1,0,6.5,80.8,6.7,57.6,8154.6
65,13,3,47,18.7,5.7,0.8,0,1.5,18.7,0.8,15.9,2124.5
65,28,3,45.5,17.1,2.3,1.7,0,0.6,17.1,1.7,16,1897.8
65,29,1,38,17.1,5.4,1.2,0,2.5,17.1,1.9,14.2,1566.6
65,30,4,44,21.4,8.6,0.5,0,1.6,21.4,3.2,18.1,2043.7
65,31,3,85.5,35.2,11.7,2.7,0,1.5,35.2,4.7,31,3600.1
65,39,3,28,11.5,3.5,0.7,0,1,11.5,1,10.2,1319.6
65,46,6,68,23.6,3.6,1.9,0,0.8,23.6,2.7,20.9,2910.4
65,50,2,18,7.9,2.6,0.3,0,0.4,7.9,0.7,7.2,887
65,57,1,1,0.5,0.2,0,0,0,0.5,0.1,0.4,50.5
65,58,2,3,1.2,0.2,0.2,0,0.1,1.2,0.2,1.1,153.7
65,67,2,6,1.8,0,0.3,0,0,1.8,0,1.5,228.3
65,69,1,3,0.9,0,0.1,0,0,0.9,0,0.7,114.1
65,74,1,6,2.5,0.7,0.1,0.1,0.2,2.4,0.3,1.8,283.3
65,75,6,49.5,20.5,5.3,1.2,0.7,1.8,19.8,2.3,15.1,2337.4
65,76,2,45.5,20.4,5.3,0.5,0.2,1.9,20.2,3.2,18,2207.7
65,77,2,22,9.8,1.2,0,0,0.6,9.8,2.5,8.5,1063.3
65,78,1,2,0.7,0.1,0.1,0,0,0.7,0.1,0.6,92.3
65,82,3,13,4.9,0.9,0.3,0,0.2,4.9,0.4,4.3,588.5
65,83,4,117.5,54.7,21.7,0.8,4,3.3,50.7,5.6,41.7,5625.4
65,88,1,4,1.9,0.5,0,0.1,0.3,1.8,0.2,1.3,196.1
65,89,2,16,7.3,1.9,0.1,0.3,1.1,7,0.9,5,788.1
65,94,1,1,0.4,0.1,0,0,0,0.4,0.1,0.3,46.3
65,99,5,103.5,45.3,11.1,1.2,1,4.3,44.3,4.9,39,4943.5
65,100,5,220.5,91.8,25.4,5.5,1,5.3,90.8,7.6,82.4,9187.4
65,101,1,4,1.6,0.2,0.1,0,0.2,1.6,0.3,1.5,170.7
65,109,1,1,0.4,0.1,0,0,0,0.4,0,0.4,53.5
65,123,1,1,0.4,0.1,0,0,0,0.4,0,0.3,50
68,9,1,2,0.8,0,0,0,0.1,0.8,0,0.6,102.5
68,10,1,10,3.8,0,0,0,0.6,3.8,0,3.2,512.4
68,13,1,4,1.5,0.5,0.1,0,0.2,1.5,0,1.5,180.2
68,15,5,174.5,75.6,24.3,3.6,0,5.9,75.6,7.5,61.4,8039
68,16,1,9,3.9,1.3,0.2,0,0.3,3.9,0.2,3.4,454.9
68,22,3,13,5.6,1.6,0.4,0,0.6,5.6,0.2,4.6,671.2
68,29,1,5,2.4,1,0.1,0,0.2,2.4,0.4,2.1,232.2
68,33,2,26,9.9,2.4,0.8,0.3,1,9.6,0.6,8.9,1100.7
68,34,2,81,29.9,3.8,2.2,0.6,2.3,29.3,1.1,26.7,3071.4
68,50,1,2,0.7,0.1,0.1,0,0,0.7,0.1,0.6,85.6
68,52,2,22,7.1,0.7,2,0,0.4,7.1,1.6,5.5,756.7
68,53,2,10,3.4,0.5,0.7,0,0.1,3.4,0.6,2.7,389.1
68,64,1,13,4.8,1,0.8,0,0.5,4.8,0.3,4.1,510.3
68,65,4,117.5,40.1,8.9,6.6,1,2.5,39.1,5.6,32.8,5133.4
68,66,4,21,7.6,2.6,1.2,0,0.7,7.6,1.2,5.2,1005.3
68,68,1,2,0.6,0,0.1,0,0,0.6,0,0.5,76.1
68,71,2,18,7.8,2.1,0.3,0,0,7.8,1,5.6,851.1
68,72,6,83,34.2,7.7,2.8,0,1,34.2,5.4,27.3,3675.9
68,80,1,2,0.9,0.3,0.1,0,0.1,0.9,0.1,0.7,100.4
68,81,1,2,0.8,0.2,0,0,0.1,0.8,0.1,0.7,87.8
68,83,3,41,19.4,7.1,0.8,0,1.6,19.4,0.9,15.4,1770.6
68,88,2,13,5.1,1.1,0.1,0.3,0,4.8,0.6,3.9,602
68,89,6,115.5,47.2,9.8,0.9,1.2,1.2,46,6.7,38.2,5757.5
68,90,1,14,6.3,1.6,0,0,0.3,6.3,0.9,6.3,841.9
68,96,1,9,3.5,1.1,0.5,0,0.5,3.5,1.1,2.7,366.8
68,99,1,2,0.8,0.1,0.1,0,0,0.8,0.1,0.8,125.6
68,100,4,127,52.3,12.2,4,4.6,2.5,47.7,5.6,38.7,6597.9
68,106,1,3,1.1,0.2,0.1,0,0.2,1.1,0.1,0.9,127.2
68,119,2,5,1.9,0.3,0.1,0.1,0.2,1.8,0.2,1.5,250.2
68,121,3,37,13.9,3.5,1.5,0.5,0.5,13.4,2.7,11.5,1685.9
68,125,1,6,2.5,0.8,0.1,0,0.1,2.5,0.3,1.9,291.9
70,2,3,276,125.7,42.3,5.4,3,13.4,122.7,18.3,104.2,13660.7
70,3,2,142,62.8,17.3,2.1,0,3.7,62.8,4.7,54.5,6831.4
70,15,2,8,3.5,1.1,0.2,0,0.2,3.5,0.2,3.1,404.3
70,20,2,30,12.5,2.3,0.1,0,0.9,12.5,0.5,10.9,1419.5
70,21,4,279,136.3,47.7,5.3,3,10.3,133.3,15.9,100.2,14025.2
70,22,6,45,17.7,3.7,2.1,0,1.6,17.7,0.9,13.9,2227
70,34,1,2,0.7,0.1,0.1,0.1,0.1,0.6,0.1,0.6,77.2
70,35,1,1,0.6,0.3,0,0,0.1,0.6,0.1,0.6,72.6
70,36,3,16,5.3,1.3,1.1,0,0,5.3,0.4,4.3,625.3
70,37,1,11,3.6,0.9,0.7,0,0,3.6,0.3,2.9,429.9
70,42,1,3,1.3,0.4,0,0,0.2,1.3,0.2,1.2,154.6
70,46,1,1,0.5,0.1,0,0,0,0.5,0,0.4,55.2
70,56,2,79,41.1,17.2,0.8,0,2.5,41.1,14.8,17.2,1752
70,57,1,1,0.5,0.2,0,0,0,0.5,0.2,0.2,22.2
70,60,2,7,2.8,0.5,0,0,0.2,2.8,0.2,2,328
70,68,1,2,0.7,0.1,0.1,0,0.1,0.7,0.1,0.5,91.2
70,70,3,10,3.3,0.7,0.7,0,0.4,3.3,0.4,2.3,456
70,81,3,31,13.6,3.5,0.6,0,1.8,13.6,0.6,10.6,1426.1
70,83,2,6,3,1.2,0.1,0,0.3,3,0.1,2.2,257.9
70,90,1,5,2.1,0.5,0.1,0.1,0,2,0.2,1.7,258.6
70,97,3,23,10.6,4.4,0.8,0.2,0.8,10.4,1.4,7.8,1240.7
70,98,4,160.5,83.9,34.4,2,1,4.3,82.9,3.8,71.4,8342.6
70,99,1,605,309.7,142.7,15,135.2,40.1,174.5,57.1,133.4,25426.6
70,100,2,79.5,40.9,16,0.4,1.2,2.1,39.7,5.9,32.4,3358.4
70,101,3,12,5.8,2.1,0.1,0.2,0.4,5.6,0.1,4.9,594.7
70,102,3,271.5,110.5,29.7,6.3,3.6,10.5,106.9,12.3,74.7,12317.6
70,107,4,60,22.7,4.5,2.5,0,3.2,22.7,1.5,17.1,2544.2
70,108,1,6,2.6,0.9,0.1,0,0.1,2.6,0.1,1.9,242.2
70,109,5,94.5,39.8,12.9,2.6,0,1.6,39.8,2.9,28.9,3751.9
70,121,1,5,2.4,0.9,0.1,0.1,0.1,2.3,0.1,2.1,255.8
70,122,1,2,1,0.4,0,0.1,0,0.9,0.1,0.8,102.3
107,10,6,56.5,23.1,4.8,0.8,0,3.2,23.1,5.6,16.8,2875.2
107,11,3,30,14.4,5,0.1,0,3.2,14.4,3.4,8.7,1632.7
107,14,2,15,6.5,2,0.4,0,0.4,6.5,0.5,5.4,817.1
107,15,4,49,21.3,6.4,1.1,0,1.1,21.3,1.6,17.4,2669.4
107,34,1,8,3.9,1.6,0,0,0.3,3.9,0.3,3,372.7
107,35,2,306,147.7,52.8,4,10,20.2,137.7,17.2,114.1,14127.6
107,36,1,524.5,253.6,96.1,13.6,41,25.6,212.6,40.3,171.5,24626.6
107,37,0,372,149,50,18,4,16,145,22,72,13651
107,47,1,10,3.9,0.5,0.2,0,0.2,3.9,0.2,3.3,469.7
107,59,1,2,0.7,0.1,0.1,0,0,0.7,0.1,0.7,91.1
107,76,4,114,47.6,8.1,1.7,1,5.1,46.6,2.7,36.6,5290.2
107,77,3,235.5,95.8,19.2,4.2,3,7.2,92.8,4.2,89.1,10769.9
107,78,1,21,8.9,1.6,0,0,0,8.9,0,8.1,1035.5
107,81,3,70.5,32.4,9.5,1.7,0.1,1,32.3,0.1,29.1,3752.6
107,86,2,9,2.7,0.4,0.8,0,0.3,2.7,0.2,1.4,257.5
107,87,1,1252.5,682.7,363.2,31.6,530,95.1,152.7,99.1,99.8,42934.5
107,88,0,1576.5,827,419,34,517,101,310,126,407,61543
107,89,0,2292,1293,718,40,982,140,311,177,555,98996
107,90,0,2428.5,1419,816,38,1178,185,241,238,495,100949
107,91,2,726,350,139.1,15,175.3,49.1,174.7,38.3,183.2,28678
107,92,4,67,25.9,5.6,1,0.5,3.6,25.4,4,8.1,2293.9
107,93,1,4,1.5,0.2,0,0.1,0.2,1.4,0,0.9,149.5
107,94,2,12,4.8,0.5,0,0.1,0.7,4.7,0,3.7,530.3
107,95,1,4,1.7,0.2,0,0,0.3,1.7,0,1.4,196.3
107,96,2,36,14.9,5.4,1.6,3.2,0.7,11.7,0,9.4,1577
107,97,2,393.5,188.1,71.5,4.4,51.9,21.2,136.2,23,109.6,19177
107,98,2,68,30.3,3.9,0.4,0,2.4,30.3,1.4,29.1,3621.1
107,99,1,1,0.5,0.1,0,0,0,0.5,0,0.4,54.9
107,119,3,267.5,121.7,40,4.2,6,9.7,115.7,7.7,90.4,14533.3
107,120,1,28.5,12.6,3.2,1.1,0,1.1,12.6,1.1,11.2,1499.9
107,121,2,11,4.9,1.3,0.2,0,0,4.9,0,3.8,759.7
107,122,6,232,103.2,28.5,3.7,2,6,101.2,1,79.5,13085.2
66,1,1,137.5,66.1,27.6,2.3,0,5.2,66.1,10.3,55.5,5885.5
66,2,4,315,137.9,41.4,12.5,1,16.4,136.9,18.5,108.1,13868.5
66,3,1,2,0.9,0.2,0,0,0,0.9,0,0.8,88.3
66,5,4,32.5,11.6,2.9,1,0,2,11.6,0,8.7,1421.3
66,6,1,1,0.4,0.1,0,0,0.1,0.4,0,0.3,43.7
66,7,1,2,0.8,0,0,0,0.1,0.8,0,0.6,102.5
66,13,1,8,2.8,0.5,0.3,0,0.3,2.8,0.3,2.3,402.1
66,30,2,2,1,0.4,0,0,0,1,0.2,0.8,92.8
66,37,2,14,5.8,1.7,0.3,0,0.5,5.8,0.3,5.3,644.8
66,38,3,54,22.1,6.7,1.5,0,1.9,22.1,1.9,19.7,2545
66,39,4,67.5,27.5,6.8,0.8,0,4.1,27.5,2.1,25.1,2860.4
66,56,1,4,1.9,0.6,0.1,0.1,0.1,1.8,0.4,1.5,202.2
66,57,2,7,3.3,1.1,0.1,0.1,0.1,3.2,0.7,2.5,353.8
66,61,1,2,0.7,0.1,0.1,0,0.1,0.7,0,0.6,78.5
66,66,1,5,2.2,1.2,0.2,0,0,2.2,0.4,1.4,267.8
66,71,1,11,4.8,1.2,0.2,0,0,4.8,0.6,3.4,520.1
66,74,2,3,1.3,0.3,0,0,0,1.3,0.1,0.9,141.8
66,75,1,2,0.8,0.2,0,0,0.1,0.8,0.1,0.6,94.4
66,76,4,10,4.3,0.7,0.1,0,0.4,4.3,0.8,3.7,480.1
66,77,2,5,2.2,0.3,0,0,0.2,2.2,0.5,2,241.7
66,82,1,3,1.2,0.3,0.1,0,0.1,1.2,0.1,1.1,131.7
66,83,1,2,0.8,0.2,0,0,0.1,0.8,0.1,0.7,87.8
66,85,1,10,4.9,1.6,0.2,0,0.8,4.9,0.4,4.3,515.1
66,89,1,2,0.8,0.1,0.1,0,0.1,0.8,0.1,0.6,101.8
66,93,1,2,0.7,0.2,0,0,0,0.7,0.1,0.7,92.7
66,94,2,3,1.3,0.4,0,0,0,1.3,0.2,1.1,135.5
66,95,1,1,0.6,0.2,0,0,0,0.6,0.1,0.4,42.8
66,96,1,17,9.7,3,0,0,0.6,9.7,1.8,7.3,727.4
66,97,1,2,1.1,0.4,0,0,0.1,1.1,0.2,0.9,85.6
66,99,2,276,120.4,33.8,2,6,9.5,114.4,10.3,88.9,12441.1
66,100,2,75.5,32.9,8.8,1.2,1,2.6,31.9,5.9,24.3,3318.6
66,104,3,7,2.8,0.7,0,0,0.2,2.8,0,2.8,327.5
66,111,2,25,10.7,2.6,0.9,0.7,0.7,10,1.6,7.8,1153.5
66,112,5,90,36.7,7.3,3.3,1.7,2.7,35,8,27.9,3920.6
66,113,1,3,1.3,0.3,0.1,0.1,0.1,1.2,0.2,0.9,138.4
66,116,3,57,25.4,9.5,1.4,0,1.7,25.4,2.4,20.9,3300.6
66,117,1,6,2.4,0.7,0.3,0,0.1,2.4,0.3,1.7,333.6
100,2,3,203,86,24.6,6.2,0.2,14.4,85.8,17.7,35.3,8202
100,3,2,54,21.1,6.2,3.2,0,0.8,21.1,3.9,13.3,1957.3
100,16,5,56,23.3,5,0.9,0,2.8,23.3,3.4,19.2,2704.7
100,17,1,7,2.8,0.5,0.1,0,0.1,2.8,0.6,2.5,314.8
100,19,3,14,6.7,2.7,0.1,0,0.3,6.7,1.1,5.2,752.8
100,26,3,38,15.2,5.1,1.4,0,0.5,15.2,3.1,13.1,1826.6
100,27,5,48,19.2,6.4,1.9,0,0.8,19.2,3.8,16.6,2307.3
100,31,1,77.5,31.6,7.2,2.9,2,5.9,29.6,4.6,18.6,3261
100,32,1,170,71.4,20.8,6.1,4,11.1,67.4,9.4,39.4,7215
100,45,2,78,32.8,11.2,2.9,0,3.5,32.8,5,21.8,3475.1
100,46,2,16,6.7,2.1,0.5,0,0.6,6.7,0.3,5.8,713.6
100,53,1,5,2.3,0.8,0.1,0,0.2,2.3,0.1,2,272
100,54,2,7,3.2,1.1,0.2,0,0.2,3.2,0.1,2.8,380.8
100,56,1,4,1.9,0.6,0,0,0,1.9,0.3,1.9,254.3
100,62,6,57,24.7,4.7,1.5,0.8,3.3,23.9,2.4,19.8,3091.7
100,63,2,10,4.3,1,0.3,0,0.3,4.3,0.3,3.7,538
100,76,1,18,6.1,0.3,0.3,0,0,6.1,0,5.9,737.9
100,77,1,18,6.1,0.3,0.3,0,0,6.1,0,5.9,737.9
100,81,1,6,2.3,0.1,0,0,0,2.3,0,2.2,358.2
100,83,4,151,60.2,11.3,2.1,4,2.2,56.2,2.6,44.5,6393.8
100,84,2,316,149.5,50.6,6,10,11.3,139.5,5.1,131.6,15290.4
100,85,3,11,5,1.4,0,0.2,0.3,4.8,0.1,4.1,548.3
100,91,1,5.5,2.3,0.7,0.1,0.1,0.2,2.2,0.1,1.9,237.3
100,95,1,10,4,0.6,0.3,0,0.4,4,0,3.6,542.9
100,96,1,5,2,0.3,0.1,0,0.2,2,0,1.8,271.4
100,100,0,31,13,5,1,1,2,12,1,9,1526
100,101,6,169.5,66.2,7.9,1.5,5,4.5,61.2,4.9,43.3,7791.6
100,125,1,8,3.2,0.5,0,0,0.2,3.2,0,2.4,416
111,0,6,80,33.5,11.6,4.8,0,1.5,33.5,1.5,27.9,4098.3
111,23,5,25,10.6,3.1,0.7,0,0,10.6,0.4,9.6,1377.6
111,24,2,20,8.5,2.5,0.5,0,0,8.5,0.4,7.6,1102.1
111,28,1,2,1,0.3,0,0,0,1,0,0.8,126.8
111,29,6,46,22,6.7,1,0,1,22,0,19.1,2917.1
111,58,2,72,26.5,4.4,1.6,0,2.8,26.5,0.6,22.8,3421.9
111,59,2,246.5,120.1,36.6,1.4,11,11.7,109.1,7.4,86.3,14174
111,60,2,14,6.2,1.6,0.2,0,0.5,6.2,0.2,5.8,736.1
111,61,1,4,1.8,0.5,0.1,0,0.1,1.8,0.1,1.7,210.3
111,62,2,269,116.3,27.9,7.5,1.4,8.9,114.9,3.5,98.5,12329.7
111,63,3,385.5,191.1,81,8,52.1,24,139,22,115,19899.1
111,64,2,534.5,267.6,109.9,7,62,29,205.6,34,174.7,27845.9
111,65,1,1,0.4,0.2,0,0,0,0.4,0,0.3,56.1
111,78,3,110,56.7,23.7,1.3,4.2,2.3,52.5,5.5,45.1,6464.5
111,79,2,429,195.5,65.4,2.3,29.2,30.2,166.3,10.7,123.4,21238
111,80,3,18,6.7,1.5,0.3,0.3,0,6.4,0,6,888
111,87,1,38.5,20.3,5.1,0,0,3.4,20.3,1.7,16.1,1848
111,88,1,345,158.4,45.1,3,34,11,124.4,8.1,135.3,15275.5
111,91,1,4,2.1,0.7,0,0,0.3,2.1,0,1.9,183.3
111,96,2,15,6.3,1,0,0,0.3,6.3,0,5.2,915.7
111,97,1,374.5,155.3,29.2,5,8,12.1,147.3,6,133,18719.1
111,98,5,50,18.6,2.2,1.5,0,0.7,18.6,0,16.4,2250.7
111,101,3,38,13.9,1.4,0.9,0,0.9,13.9,0.4,12.5,1593.6
111,102,3,265.5,100.2,21.2,8.9,4,6.9,96.2,5.4,93.8,12173
111,111,6,135,48.8,5.4,3,0,2.6,48.8,1,38.5,6609.6
111,112,2,20,7.4,0.6,0,0,0.3,7.4,0,6,1017.6
111,117,2,6,2.6,0.7,0,0,0.2,2.6,0.1,2.1,316.8
111,121,3,30.5,12,2.3,1.1,0,1.9,12,0.3,10.1,1497.3
111,122,1,479,191.4,33.1,10,1,10.1,190.4,2,176.3,23285.1
111,123,3,94,36.8,7,2,0,1.3,36.8,2,35.6,4680.1
111,124,2,10,4.2,0.6,0,0,0.4,4.2,0.6,3.8,607.6
111,125,1,66.5,26.8,6.3,0,0,2.7,26.8,2.7,24.8,3461.8
111,126,2,157,61.8,11.9,3,14,6.5,47.8,2.4,40.8,7371.3
115,0,3,32,12.3,2,1,0,0.6,12.3,1.4,9.6,1561.8
115,34,2,5,2.1,0.5,0.2,0.1,0.1,2,0.2,1.7,251.1
115,35,4,16,7,2.2,0.6,0.5,0,6.5,0.5,6,891.3
115,60,1,4,1.8,0.5,0,0,0.1,1.8,0,1.8,266.4
115,62,1,4,1.8,0.5,0,0,0.1,1.8,0,1.8,266.4
115,63,1,3,1.4,0.3,0,0,0.1,1.4,0,1.3,199.8
115,64,3,48,20,4.2,1.4,0,1.1,20,0,19.6,2961.5
115,71,3,91.5,42.1,14.9,2,3.7,2.6,38.4,3.8,34.6,5893.2
115,72,2,237,108.6,36.3,3,45.4,22.1,63.2,24.4,50.4,10825.7
115,76,3,45.5,20.6,7.4,1.2,5.8,2,14.8,1.6,11.6,2330.6
115,78,1,1,0.4,0.1,0,0,0,0.4,0,0.3,42.2
115,85,3,170,62.9,11,2,0.8,6.2,62.1,2.2,52,7573.3
115,86,3,115,50.7,16.5,1,4.1,1.8,46.6,5.9,36.4,5442.7
115,90,3,117.5,49.5,8.6,2,0.2,4.2,49.3,4,46.2,5466.7
115,91,1,38,16.4,2,0.4,0,1.2,16.4,1,14.4,1895.4
115,111,2,20.5,8.6,1.7,0.3,0.3,0.6,8.3,0.4,7.7,1151.7
115,117,2,133,47.6,4.5,2.2,3.7,1.5,43.9,2.5,36.9,6275.2
115,118,2,60,28.7,12.9,1.1,15.5,1.1,13.2,2.1,14.7,2667.8
115,122,2,1017.5,522,225,20,400,70,122,48,106,36813
115,123,2,699.5,255.3,56.6,35.6,89.9,20.4,165.4,15.1,151.4,28147.2
115,124,1,64,25.4,7.5,1.8,1.8,1.6,23.6,2.3,16.7,2440.7
115,125,0,71.5,25,2,4,0,0,25,0,25,3320
115,126,2,816.5,365.8,99.5,17,32.1,27.9,333.7,15.4,319.5,37968.3
115,127,2,2042.5,960.3,359.2,53,612.9,178,347.4,113.7,198.2,78003.7
103,2,4,80,36.6,14.3,2.5,0,1.2,36.6,5.4,31.6,3861
103,3,1,2,1.2,0.9,0.1,0,0,1.2,0.2,1,105.4
103,60,1,4,1.9,0.5,0.1,0.1,0.1,1.8,0.4,1.7,228.7
103,61,3,47,23.7,8.1,0.3,3.3,0.6,20.4,4.5,19.2,2676
103,64,3,13,5.3,1.3,0.6,0,0.2,5.3,0.6,4.6,630.2
103,65,1,1,0.5,0.1,0,0,0,0.5,0,0.4,53.1
103,69,2,50,20.5,5.2,1.4,1,0.5,19.5,0.3,17,2218.3
103,70,3,118.5,47.5,14.9,4.1,1,3.5,46.5,4.4,39,5325.6
103,76,3,72.5,32,8.6,0.6,0,0.7,32,2.3,26,3760.6
103,77,0,33.5,13,3,2,0,2,13,1,8,1335
103,78,2,46,20.6,5.8,0.3,0,1.3,20.6,0.5,19.5,2347.3
103,82,1,4,1.6,0.4,0.1,0,0.1,1.6,0.1,1.5,211.4
103,83,2,30.5,14.5,4.9,1,0,2,14.5,1.4,12.3,1613.4
103,84,2,219.5,100.9,33.5,3.3,19,13.7,81.9,11.7,73.1,11565.1
103,85,1,260.5,111.4,30,6,2,10.7,109.4,5.6,97,14550.3
103,86,1,2,0.9,0.3,0,0,0,0.9,0.2,0.8,118
103,89,1,2,0.8,0.1,0.1,0,0.1,0.8,0.1,0.8,101.8
103,90,1,3,1.2,0.2,0.1,0,0.1,1.2,0.2,1.1,152.7
103,92,1,2,0.9,0.2,0,0,0,0.9,0.1,0.9,86.2
103,94,1,1,0.5,0.1,0,0,0,0.5,0.1,0.4,43.1
103,95,1,12,6.3,2.2,0.2,0.2,0.6,6.1,0,5,710.1
103,99,1,3,1.2,0.3,0,0,0.1,1.2,0.2,1.1,162.9
103,100,2,122,52.4,9.9,0.4,5,3.6,47.4,2.3,40.4,6536.8
103,102,3,119.5,47.8,7.7,4,3,2,44.8,6,38.3,5535.5
103,103,1,3,1.2,0.1,0,0,0,1.2,0,1,133.7
103,112,1,2,0.7,0.1,0.1,0,0,0.7,0,0.7,96.2
103,117,0,35,15,2,0,0,1,15,0,14,1747
103,118,1,21,7.3,0.5,0.5,0,0,7.3,0.5,5.9,1029.5
103,121,1,5,2,0.2,0.1,0,0.1,2,0.1,1.8,215.1
103,122,1,4,1.6,0.2,0,0,0,1.6,0.1,1.4,172.1
37,10,4,61,23.2,7,3.8,0,0,23.2,1.6,17,2977.5
37,11,1,11,4.2,1.3,0.7,0,0,4.2,0.3,3.1,536.9
37,13,4,48,17.8,3.7,1.8,0,0.9,17.8,1.8,14.2,2632.5
37,20,1,4,1.4,0.4,0.2,0,0.2,1.4,0.2,0.5,230.1
37,31,1,5,1.6,0.2,0.3,0,0.1,1.6,0.1,1.5,221.1
37,45,2,4,2,0.6,0.2,0,0,2,0.4,1.6,266.2
37,47,2,2,1,0.4,0,0,0,1,0.2,0.8,133
37,48,1,10,3.5,0.3,0.3,0,0,3.5,0,3.5,359.7
37,50,1,4,1.7,0.6,0,0,0,1.7,0,1.6,182.6
37,51,2,9,3.5,0.9,0.2,0,0,3.5,0.2,3.3,447.5
37,55,4,74,24.1,2.4,2.6,0,3,24.1,2.8,20.8,2373.8
37,56,1,8,2.9,0.6,0.4,0,0,2.9,0.2,2.3,256.2
37,63,1,1,0.4,0.1,0,0,0,0.4,0.1,0.4,44.8
37,65,1,2,0.9,0.3,0,0,0,0.9,0.1,0.9,105.1
37,66,1,24,8.2,1.6,0.8,0,0.4,8.2,0.4,7.8,962.9
37,67,5,34.5,11.8,2.4,1.1,0,0.7,11.8,0.7,11.2,1384.2
37,68,4,283,119.3,42.6,12.4,40,16.4,79.3,24.4,71.9,10685.5
37,69,3,102,39.5,10.3,2.4,2,3.4,37.5,5.4,30.3,3945.1
37,71,1,3,1,0.2,0.2,0,0,1,0,1,109.8
37,72,1,5,1.7,0.4,0.4,0,0,1.7,0,1.7,183
37,76,1,1,0.3,0.1,0,0,0.1,0.3,0,0.3,37.2
37,78,5,58,23,4.7,3.4,0,0.7,23,3.4,18.2,2427.9
37,80,1,4,1.6,0.3,0.2,0,0,1.6,0.2,1.3,167.4
37,82,1,13,5.1,0.8,0,0,0.4,5.1,0,4.7,607.1
37,83,1,2,0.8,0.1,0,0,0.1,0.8,0,0.7,93.4
37,84,0,21,11,4,0,0,2,11,2,10,831
37,85,4,124,51.8,12.6,2,0,3.9,51.8,2.7,48.8,5250.6
37,89,2,41,17.4,4.7,0.6,0,1.1,17.4,0.9,16.3,2226.4
37,90,2,21,10.2,2.7,0,0,0,10.2,0.7,8.9,1398.9
37,91,1,43,21.4,8.2,0.4,0,2,21.4,4.6,16.2,2687.2
37,92,3,15,6.6,1.7,0.6,0,0,6.6,2.4,4.7,781.7
37,93,0,356.5,165,65,8,49,21,116,12,102,13661
37,94,4,321,143.5,51.6,8.7,79.1,19,64.4,13,80.6,12062.4
37,95,2,97,34.6,5.7,4.1,3.4,1.5,31.2,1.5,29.6,4137.5
37,96,2,44,17.3,5,1.8,1.5,1.6,15.8,1.1,14.5,1838.6
37,97,5,204,85.7,21.2,5.9,7,10.3,78.7,4.4,71.9,7796.1
37,99,2,32,9.9,2.2,2.7,0,1.1,9.9,1.3,9.6,1010.4
37,104,1,2,0.7,0.1,0,0,0.1,0.7,0,0.5,80.8
37,114,1,117,37.8,5.5,3.9,0,1,37.8,2.5,34.5,4109.2
37,115,1,8,2.5,0.2,0.5,0,0,2.5,0.2,2.4,340.4
37,119,4,18,7.5,1.8,0.7,0,1.8,7.5,0.7,7,1171.1
37,121,1,4,1.4,0.3,0.1,0,0,1.4,0,1,139.7
37,122,3,90,35.3,6.6,0.9,4,5,31.3,4,25.7,3492.4
37,123,3,15,6.8,1.5,0,0.5,0.9,6.3,0.7,5.1,639.6
37,124,1,1,0.5,0.1,0,0.1,0.1,0.4,0,0.3,42.6
37,127,3,61.5,27,7,1.9,0,3,27,2,19.9,3141
113,11,1,4,1.6,0.5,0.2,0,0,1.6,0.1,1.2,202.4
113,45,5,56,27.9,13.5,2.5,0.9,1.8,27,5.1,23.6,3078.3
113,46,1,5,2.9,1.5,0,0.2,0.2,2.7,0.5,2.6,319.2
113,51,3,42,17.7,3.9,1,0.3,1.2,17.4,0.3,14.1,2150.6
113,62,1,62,19.7,1.5,3.5,0.5,1,19.2,0,19.2,2879.4
113,63,4,28,11.2,2.4,1.2,0.9,1,10.3,0.4,9.2,1666.4
113,64,6,78,33.3,8.3,2.9,2.1,2.8,31.2,1.2,27.3,4848.2
113,70,1,4,1.7,0.3,0,0.1,0.4,1.6,0.2,1.3,176.1
113,71,2,51,25.4,11.8,0,2,0.5,23.4,4.3,19.3,2623.9
113,73,3,303,147.6,53.1,4.5,16,12.3,131.6,9.9,109.3,15599.1
113,74,3,47,19.9,6.7,0.8,0,1.9,19.9,1.7,16.3,2302.3
113,75,4,74,31.9,9.5,1.7,1,3.7,30.9,2,28.1,4543.8
113,76,3,440.5,197.8,60.2,10.2,32.6,21.3,165.2,17.2,137.1,21688.7
113,77,2,9,4.4,1.6,0,0.4,0.3,4,0.4,2.9,486.3
113,85,3,62,30.2,9.3,0,0,0,30.2,0.1,27.2,3421.7
113,86,4,105.5,41.8,9.2,0,0,2.8,41.8,2.6,37.2,5285.1
113,90,1,159.5,67.1,16.4,2.4,4,5,63.1,3,55.1,7069.2
113,91,2,1123.5,603.1,290.8,15.9,296,61.8,307.1,69.5,306.8,50604.2
113,92,1,193.5,94.1,35.3,1.1,29,9.4,65.1,5.3,53.8,10018.9
113,96,1,9,3.4,0.4,0.3,0,0.3,3.4,0,3.1,457
113,110,4,79,33.1,6.4,0.9,0,0.4,33.1,0.4,31.1,4271.8
113,111,4,119.5,50.8,14.4,3.6,0.4,4.9,50.4,3.2,40.2,5818.6
113,112,1,3,1.1,0.2,0.1,0,0.1,1.1,0,0.8,149.9
113,122,0,41,14,0,0,0,1,14,0,3,1520
113,123,2,140,50.8,7.6,5.6,3.1,3.5,47.7,0.5,37.1,7633.3
113,125,2,15,6,1.6,0.6,1,0,5,0,2.1,624.2
113,127,3,394.5,190.7,73.6,8,42,14.1,148.7,10.1,83.4,16699
101,2,1,79.5,35.9,11.7,2.7,0,5.1,35.9,4.4,25.4,3640.3
101,3,2,15,5.9,1.7,0.9,0,0.2,5.9,1.1,3.7,543.7
101,16,1,8,3.5,0.9,0.2,0,0.7,3.5,0.3,2.6,411.1
101,17,2,7,3.1,0.7,0.1,0,0.6,3.1,0.3,2.3,359.8
101,27,4,47,18.8,6.3,1.8,0,0.8,18.8,3.9,16.3,2259.2
101,28,1,9,4.5,1.3,0,0,0.6,4.5,0.6,3.9,488.3
101,50,4,17,6.6,1.6,0.7,0.3,0.6,6.3,1.3,5.2,780.4
101,64,1,7,3.2,1.1,0.3,0,0,3.2,0.3,2.7,409.8
101,70,2,6,2.8,1,0.2,0,0,2.8,0.2,2.4,351.2
101,75,3,73,29.2,6.9,1.8,0,3.4,29.2,2.5,28.4,3522.9
101,76,2,56.5,16.9,1.6,3.2,0,1.2,16.9,1.2,16.7,2000.8
101,77,2,236.5,90.9,17.4,3.4,3,7,87.9,2,79.5,10308.8
101,81,4,29,11.3,0.5,0,0,0.1,11.3,0.1,10.6,1780.1
101,82,3,21,8.2,0.4,0,0,0,8.2,0,7.8,1253.7
101,83,1,2,0.8,0.1,0,0,0,0.8,0,0.7,84.3
101,84,5,42,17.7,2.2,0,0,0.2,17.7,0.2,15.8,1964.7
101,88,1,4,1.9,0.6,0,0,0.1,1.9,0,1.6,201.4
101,113,2,33,14,4,1,0,0,14,0,12,1399
101,119,1,19,7.9,1.6,0.3,0.7,0.9,7.2,0,6,985.5
101,121,2,27.5,9.7,0.8,0.5,0,0.8,9.7,0.2,8.9,1391.8
101,122,3,54,19,1.5,1,0,1.5,19,0.5,17.5,2733
101,127,1,7,2.8,0.4,0,0,0.2,2.8,0,2.1,364
104,48,3,20.5,8.4,2.5,0.8,0.2,0.6,8.2,1.1,7.6,998.6
104,49,1,1,0.4,0.1,0,0,0,0.4,0.1,0.4,48.7
104,58,1,1,0.5,0.1,0,0,0,0.5,0.1,0.4,57.2
104,60,2,31,14.4,4.2,0.4,1,1,13.4,2.8,13,1772.1
104,61,2,14,6.7,2.1,0.2,0.6,0.3,6.1,1.3,5.8,799.1
104,69,3,120.5,43.6,8.5,4.4,0,2,43.6,2.3,37.8,4613.9
104,70,1,27,12.8,3.2,1.1,0,1,12.8,1.1,8.5,1205.2
104,72,1,2,0.8,0.1,0,0,0.1,0.8,0,0.7,98
104,78,3,87.5,36.3,9.4,2.4,0,1.8,36.3,0.7,29.9,4270.6
104,79,4,102,45,8.7,1.9,0,6.5,45,1.3,38.9,5101.7
104,80,4,195.5,88.1,29.5,3,5,6,83.1,7,67.5,10102
104,81,2,142.5,62.3,15.1,2.4,12,4.4,50.3,2.4,42.5,6843.7
104,82,2,77.5,30.3,7.6,3.5,0,3.5,30.3,0.5,26.4,3546.9
104,83,1,54.5,22.8,7.5,2,2,1,20.8,0.2,17.7,2803
104,84,3,234,101.1,28.7,5,0,6,101.1,5.3,97.5,12187
104,85,2,171,72.9,22.2,5.2,16.3,12.9,56.6,5.9,46.4,7143.1
104,86,1,3,1.4,0.8,0.1,0.1,0.2,1.3,0.2,0.5,149.2
104,90,3,8,3.2,0.5,0.2,0,0.2,3.2,0.5,3.1,407.2
104,91,1,68,31.3,9.6,1,1,1.1,30.3,1.4,30.1,2912.6
104,92,2,213.5,98.4,27.8,2,11,9.6,87.4,6.7,76.8,9503.8
104,95,2,511,230.8,85.1,11.3,28.3,22.9,202.5,15,166.1,23974.9
104,96,3,19,9.9,3.4,0.3,0.3,1,9.6,0,7.9,1124.2
104,99,1,2,0.8,0.2,0,0,0.1,0.8,0.1,0.7,108.6
104,100,2,33.5,14,3.2,0.6,0,1,14,2.2,12.4,1818.7
104,106,2,135,49,10,2,0,5,49,2,41,6114
104,107,1,4,1,0,0.2,0,0,1,0,1,125.3
104,109,1,4,1.5,0.1,0.1,0,0.3,1.5,0.1,1.4,208.6
104,111,3,168,73.3,19.9,2.6,0,1.8,73.3,4.6,65.4,8697.8
104,112,1,4,1.4,0.2,0.1,0,0,1.4,0.1,1.2,168.9
104,117,3,163,62.7,13.6,4,0.7,3,62,8.5,56.1,8365.9
104,118,1,4,1.4,0.1,0.1,0,0,1.4,0.1,1.1,196.1
104,119,1,3,1,0.1,0.1,0,0,1,0.1,0.8,147.1
104,120,1,1,0.3,0,0,0,0,0.3,0,0.3,49
104,123,2,12,5.4,1.4,0.3,0,0,5.4,0.3,4.9,728.7
104,124,1,10,4.5,1.2,0.2,0,0,4.5,0.2,4.1,607.3
104,127,2,10,3.6,0.6,0.4,0,0.4,3.6,0,3.2,485.8
106,5,1,4.5,1.8,0.4,0.1,0,0.3,1.8,0.4,1.3,229
106,15,2,11.5,5,1.5,0.3,0,0.3,5,0.3,4.1,626.5
106,34,1,28,12.3,2.3,0.1,0,2.3,12.3,1.1,10.7,1215.6
106,35,2,304,138.8,53.6,8.5,13,13.6,125.8,22,74.1,12038.6
106,36,1,82.5,37.5,12.5,2.3,21,10.5,16.5,12.6,12.2,3412.3
106,53,2,146,51.4,5.8,5.7,2,6.7,49.4,6,41.4,6102.8
106,54,3,13,4.5,0.8,0.4,0,0.4,4.5,0.5,4,533.8
106,69,5,16,7.9,2.8,0,0.4,1.4,7.5,1.1,6.4,820.4
106,75,1,1,0.4,0,0,0,0,0.4,0,0.3,39.9
106,77,1,4,1.4,0.1,0.2,0,0.2,1.4,0.1,1,159.6
106,83,2,5,2,0.5,0,0.1,0.5,1.9,0.1,1.6,296.5
106,85,0,128,52,10,2,2,4,50,0,47,5145
106,86,3,153.5,78.5,31.7,3.1,7.1,8.1,71.4,7.8,64.5,7151.2
106,87,4,246,100.2,28.1,8.5,4.1,12.1,96.1,6.8,80.8,9106
106,88,1,643,286.3,89.4,11.1,59,26.2,227.3,30.1,202.1,25535.1
106,89,2,577,269.8,94.2,11.4,48,29.2,221.8,15.4,221.6,24576.4
106,90,1,765,349.5,111.8,14.1,29,42.2,320.5,16.2,287.2,31195.5
106,91,4,128.5,49.5,11.1,3.4,10,4.9,39.5,5.1,43.9,4898.9
106,92,1,356,167.6,50.9,3.6,21,14.9,146.6,8.5,129.1,15040.2
106,93,4,19,7,0.9,0,0.3,0.9,6.7,0,4.4,710
106,95,1,2,0.9,0.1,0,0,0.1,0.9,0,0.7,98.1
106,97,3,74.5,41,22,1,6,4,35,4,25.1,4833
106,98,2,5,2.3,0.5,0,0,0,2.3,0,2,274.3
106,109,1,6,2.2,0.1,0.1,0,0.4,2.2,0.1,2.1,312.8
106,110,1,2,0.7,0,0,0,0.1,0.7,0,0.7,104.3
106,117,1,1,0.4,0.1,0,0,0,0.4,0.1,0.4,46.9
106,121,4,17,6.5,1,1.2,0.5,1.2,6,1,4.9,706.7
106,122,3,207,73.8,11.9,7.6,1.5,3.6,72.3,6.9,58.6,8836
106,123,3,168.5,59.7,15.5,7.5,0,0.3,59.7,1.3,43.3,7630.7
106,126,2,9,3.5,0.8,0.3,0.4,0.1,3.1,0.3,2.7,461.6
106,127,2,6,2.1,0.5,0.3,0.3,0.1,1.8,0.3,1.6,289.8
36,5,1,8,2.8,0.6,0.4,0,0.2,2.8,0.6,1.9,333.4
36,6,3,15,5.2,1.1,0.7,0,0.4,5.2,1.1,3.5,625.1
36,10,1,5,1.9,0.6,0.3,0,0,1.9,0.1,1.4,244.1
36,11,3,49,16.9,4.4,1.9,0,0.8,16.9,2.7,14.2,2153.3
36,16,1,2,0.7,0.2,0.1,0,0,0.7,0.1,0.6,109.7
36,18,2,13,4.6,1.3,0.7,0,0.7,4.6,0.7,1.6,747.8
36,44,2,7,2.7,0.5,0.2,0,0.2,2.7,0.2,2.1,316.2
36,47,1,3,1.5,0.5,0.1,0,0,1.5,0.3,1.2,199.6
36,48,5,18,7.7,2.6,0,0,0,7.7,0,7.2,821.6
36,49,4,18,7.7,2.5,0,0,0,7.7,0,7.2,821.5
36,51,2,22,8.6,2,0.3,0,0,8.6,0.6,8,1094
36,53,2,20,7.8,1.8,0.3,0,0,7.8,0.6,7.3,994.6
36,58,3,13,5.9,1.3,0,0,0,5.9,0.2,4.6,616
36,60,1,6,2.7,0.6,0,0,0,2.7,0.1,2.1,284.3
36,61,1,4,1.8,0.4,0,0,0,1.8,0.1,1.4,189.5
36,64,3,63.5,26.8,8.6,1,0,0.9,26.8,2.7,24.1,2735.3
36,65,3,24,8.1,1.6,1.6,0,0.8,8.1,0.4,7.7,953.8
36,66,4,56,20.7,4.9,2.5,0,1.2,20.7,1.8,20,2456.4
36,68,2,26,9,0.7,0.5,0,0.9,9,0.9,7.2,1068.6
36,69,4,203.5,74.9,12.5,8,0,4.9,74.9,4.9,66.1,7849
36,70,1,2,0.7,0.1,0,0,0.1,0.7,0.1,0.6,82.2
36,71,3,34,11.6,2.4,2.4,0,0.1,11.6,0.1,11.3,1262.6
36,77,5,56,18.5,2.9,2,0,2.9,18.5,2,14.8,2080.8
36,78,3,133.5,45.4,10.6,9.4,3,3,42.4,7.6,38.5,4806.5
36,83,1,3,1.2,0.2,0,0,0.1,1.2,0,1.1,140.1
36,84,1,10,4.4,1.1,0.3,0.3,0.3,4.1,0.2,3.8,495.3
36,85,4,230.5,110.2,36,6.6,24.6,11.6,85.6,9,79.7,9384.3
36,86,2,8,3.7,1.4,0.3,1.1,0.5,2.6,0.3,1.9,404
36,88,5,89,35.3,7.2,2.9,0,1.9,35.3,0,30.6,3563.7
36,89,1,7,2.6,0.7,0.1,0,0.1,2.6,0,2.5,249.2
36,90,3,23,9.3,2.6,0.4,0,0.8,9.3,0.4,8.9,1157.7
36,93,2,387.5,169.3,50.7,8.9,22.2,18.3,147.1,6.6,136.5,15412.8
36,94,1,4,1.6,0.4,0.2,0.1,0.1,1.5,0.1,1.4,135.4
36,98,3,9,2.7,0.3,0.7,0,0.7,2.7,0.2,2.4,256.3
36,108,4,44,17.4,4.1,0.9,0.2,1.7,17.2,1.5,15.4,2008.8
36,109,1,2,0.8,0.2,0,0,0.1,0.8,0.1,0.7,91.3
36,114,4,72,27.8,8.4,4.7,0,0,27.8,4.4,22.6,2816.5
36,115,1,20,6.4,0.6,1.2,0,0,6.4,0.6,6.1,850.9
36,118,1,1,0.4,0.1,0,0,0,0.4,0,0.3,50.3
36,119,2,72,30.6,9.9,3,1,3,29.6,3,24.6,3622.7
36,122,2,59,25,10,3,5,3,20,1,19,2553
36,123,4,45.5,20.7,4.5,0,1.5,3,19.2,2.3,15.4,1939.8
36,127,2,13,5.8,1.8,0.3,0,0.7,5.8,0.3,5,491.1
38,3,1,18,6.3,1.2,0.7,0,0.2,6.3,0.2,6.3,775.9
38,4,1,6,2.1,0.4,0.2,0,0.1,2.1,0.1,2.1,258.6
38,25,1,2,0.7,0.1,0.1,0,0,0.7,0.1,0.6,72.4
38,31,1,8,3.5,1,0.2,0,0.4,3.5,0.4,3.1,383.6
38,34,2,13,4.3,0.7,0.6,0,0.1,4.3,0.3,3.8,574.2
38,35,5,36.5,12.3,2.6,1.7,0,0,12.3,1.7,10.5,1608.6
38,38,3,41,18.3,6.4,0.4,2,0.6,16.3,0.7,14.8,2056.3
38,39,3,73.5,28.7,6,2,0,4.4,28.7,3.6,24.1,3272.1
38,40,1,3,1.1,0.2,0.2,0.1,0.1,1,0,0.9,126.1
38,41,5,16,6,1,0.7,0.3,0.5,5.7,0.3,4.8,678.9
38,47,5,21,10.5,3.8,0.6,0,0,10.5,2.1,8.6,1373.7
38,48,5,139,49.7,9.3,5.9,0,3.5,49.7,5.7,45.8,5118
38,49,2,4,1.8,0.4,0,0,0,1.8,0.4,1.6,197
38,57,1,2,1,0.3,0,0,0.2,1,0,0.9,125.5
38,59,1,6,2.6,0.6,0.2,0.2,0.2,2.4,0.6,2.6,249.4
38,64,3,10,4.3,1.3,0,0,0.1,4.3,0.7,4.2,502.4
38,65,1,1,0.4,0.1,0,0,0,0.4,0.1,0.4,52.6
38,68,3,112,38.8,5.2,5.5,2.3,5.8,36.5,4.8,32.1,4254.6
38,69,2,25,9.1,1.9,0.9,0.7,0.6,8.4,0.6,7.4,1019.3
38,77,1,7,2.7,0.5,0.1,0,0.3,2.7,0.3,2.2,347.3
38,78,2,19,7.5,1.6,1.1,0,0.2,7.5,1.1,5.9,795.3
38,79,2,6,2.4,0.5,0.3,0,0.1,2.4,0.3,2,251.9
38,80,1,2,0.8,0.2,0,0,0,0.8,0.1,0.8,85.2
38,84,2,10,3.5,0.5,0.3,0,0.2,3.5,0.2,3.2,479
38,85,2,96,43,11.3,2,0,4.1,43,4.2,33,4250.1
38,87,1,5,2.3,0.9,0.2,0.7,0.3,1.6,0.2,1.2,252.5
38,88,1,5,2.4,0.7,0.2,0,0.2,2.4,0.4,2.4,256.9
38,94,3,20.5,7.8,2.1,1,1.1,0.8,6.7,0.6,6.4,906.4
38,95,0,835,442,214,18,262,56,180,65,174,31429
38,96,3,973.5,421.6,153.6,35.4,222,78.6,199.6,115.2,171.8,31127
38,97,2,654.5,270.3,87.6,27.4,144,40.8,126.3,76.3,109.9,22052
38,98,2,50,19.4,3.1,1.8,0.3,1.3,19.1,0.4,16.1,2478.7
38,99,2,860,314.8,73.5,47.1,40,48.3,274.8,38.6,257.8,29139.5
38,100,5,208.5,55.5,3.2,18,0.4,9.8,55.1,5.1,48.3,5349.6
38,104,3,11,3.6,0.4,0.2,0,0.2,3.6,0.3,3,463.6
38,107,1,8,2.4,0.2,0.5,0,0,2.4,0.2,2.1,361.7
38,112,1,7,2.2,0.2,0.4,0,0,2.2,0.2,2.1,297.8
38,122,1,1,0.3,0.1,0,0,0,0.3,0,0.3,34.9
38,125,3,115,46.2,13.2,4.6,1,5.3,45.2,6.6,37.9,4470.9
38,126,1,10,5.1,2.3,0.3,0,0.8,5.1,1.3,4.9,405.6
105,2,1,3,1,0.2,0.3,0,0,1,0.2,0.9,138.2
105,32,1,2,0.9,0.2,0,0,0.2,0.9,0.1,0.5,90.4
105,34,1,4,1.8,0.4,0.1,0,0.4,1.8,0.1,1,180.8
105,36,1,2,0.9,0.2,0,0,0.2,0.9,0.1,0.5,90.4
105,39,1,4,1.3,0.3,0.2,0.1,0.1,1.2,0.2,0.8,169.5
105,46,2,9,3.5,0.4,0.1,0,0.1,3.5,0.1,3,422.7
105,48,5,52,21,4.8,1.6,0.4,1.2,20.6,2,18.4,2500
105,49,1,3,1.2,0.4,0.1,0,0.1,1.2,0.2,1.1,146.1
105,52,4,44,16.6,3.7,2.6,0,1.9,16.6,0,16.6,1925.9
105,53,4,153,55.6,10.7,5.1,0,2.1,55.6,3.5,50.1,6398.5
105,69,1,2,1,0.3,0,0.1,0.2,0.9,0.1,0.8,102.6
105,76,1,4,1.4,0.1,0.2,0,0.2,1.4,0.1,1,159.6
105,77,3,41,14.7,0.8,1.7,0,1.7,14.7,0.8,10.6,1635.9
105,78,1,5,2.1,0.4,0,0,0,2.1,0,1.9,246.5
105,79,2,9,4,0.9,0.1,0,0.6,4,0.3,3.4,482.4
105,80,1,2,1,0.3,0,0,0.1,1,0.1,0.8,123.5
105,81,1,7,2.8,0.8,0.1,0,0.1,2.8,0.1,2.6,369.9
105,84,1,77,33.9,8.4,3,0,1,33.9,0.2,32.7,3445.6
105,85,1,433,183.8,47,14.4,5.4,17.6,178.4,13.6,157.4,19924.8
105,86,3,99.5,47.8,17.7,0.5,8.9,6,38.9,6.4,38.4,4836.1
105,88,2,11,4.7,1.3,0.2,0,0.8,4.7,0.2,4.1,433
105,89,5,39.5,17,5,0.6,0,2.1,17,0.8,14.4,1522.7
105,90,8,67.5,28.3,7.2,1,0,1.9,28.3,2.6,24.9,2800
105,91,5,175,85.1,33.9,2.7,0,4.3,85.1,9.9,56.8,7407
105,92,3,706.5,278,51.3,18.6,8,17,270,18.7,243.4,28599.5
105,95,2,221,101.2,32.2,2,9,7.8,92.2,0,69.3,10640.8
105,96,2,10.5,5.2,1.5,0.1,0.1,0.6,5.1,0,4.2,591
105,106,1,89,36.5,9.1,1.1,1,3.3,35.5,2.1,34.4,4515.6
105,107,2,62,16,0,2.8,0,0,16,0,16,1941.8
105,110,3,15,5.5,0.3,0.3,0,1,5.5,0.3,5.2,782.1
105,111,3,36,12.7,1.8,0.7,0.1,0,12.6,0.9,11.1,1538.7
105,122,1,2,0.8,0.1,0.1,0.1,0.1,0.7,0.1,0.6,83.1
105,123,5,48,19.3,3.6,1.3,0,0.2,19.3,0.7,17.3,2710.8
105,124,6,135.5,57.6,11.9,3,0.1,5.4,57.5,0.6,48.3,7594.5
105,125,2,135,54.7,13.7,1.9,0.1,4.8,54.6,5.1,43.5,7175.7
105,126,5,79.5,33.2,7.3,2.8,2.7,0.7,30.5,2.4,26.8,4365.6
105,127,7,138.5,54.3,14.5,4.3,2.5,4.9,51.8,2.9,46.1,6543.7
39,0,1,4,2,0.9,0,0.1,0,1.9,0.3,1.7,229.2
39,1,2,48.5,16.3,3.2,2.5,0,2.1,16.3,0,14.7,1740.9
39,2,3,237.5,100,33.5,9.4,3,8.5,97,6,80.6,10465.4
39,3,3,63,24.5,4.7,2.1,0,3.3,24.5,2.3,21.5,2615.9
39,4,1,18,6.3,1.2,0.7,0,0.2,6.3,0.2,6.3,775.9
39,6,2,13,4.5,0.9,0.6,0,0.3,4.5,0.9,3.1,541.8
39,7,1,7,2.4,0.5,0.3,0,0.2,2.4,0.5,1.6,291.7
39,30,3,33,14.6,4.4,1.1,0,1.8,14.6,1.8,13,1582.2
39,31,3,104.5,41.8,10.4,2.6,0,2.8,41.8,7.8,37.7,4927.7
39,38,2,23,8.4,2.1,0.8,0,0.8,8.4,1.3,7.5,1004.1
39,39,1,15,5.5,1.4,0.5,0,0.5,5.5,0.8,4.9,654.8
39,40,1,6,2.2,0.4,0.4,0.3,0.1,1.9,0,1.8,252.1
39,44,1,2,0.7,0.1,0.1,0,0.1,0.7,0.1,0.6,71.6
39,47,2,8,4.4,2.4,0,0,0.2,4.4,0.8,4.2,438.4
39,48,5,248,101.7,28.3,4.5,4,4.8,97.7,15.2,91.7,10813.2
39,52,2,5,2,0.5,0,0,0,2,0.2,1.8,248.7
39,55,1,1,0.5,0.2,0,0,0.1,0.5,0,0.5,62.8
39,57,3,25,12.1,3.8,0,0,2.2,12.1,0,11.3,1568.9
39,59,3,18,7.7,1.9,0.6,0.6,0.6,7.1,1.9,7.7,748.3
39,60,2,32.5,11,1,1,0,1,11,0,9,1332
39,62,1,2,0.9,0.2,0,0,0,0.9,0,0.7,94.8
39,63,1,6,2.7,0.6,0,0,0,2.7,0.1,2.1,284.3
39,65,3,20,8.3,2.3,1.2,0,0,8.3,0.5,8.3,996.5
39,69,1,8,2.6,0.2,0.3,0.2,0.3,2.4,0.3,2.3,278.8
39,70,2,7,2.3,0.1,0.3,0.2,0.3,2.1,0.3,2,243.9
39,71,5,93,35.5,7.7,3.4,1.9,3.5,33.6,2.9,30.4,3548.3
39,72,4,37,13.7,3.5,1.8,0.5,0.9,13.2,1.4,12.4,1209.7
39,77,2,5,1.9,0.4,0.1,0,0.2,1.9,0.2,1.5,248.1
39,78,2,13,5.4,1.5,0,0,0,5.4,0.3,5.4,554
39,80,2,19,8,2.1,0,0,0,8,0.5,8,809.6
39,82,1,3,1.1,0.3,0.2,0,0.2,1.1,0.1,0.9,108.8
39,84,3,24,8,1,1,0,0.6,8,0.5,7,1172.5
39,86,1,4,1.3,0.2,0.2,0,0.1,1.3,0.1,1.2,197.6
39,89,3,46,23,8.4,0.8,0,2.8,23,2.7,21,2191.7
39,90,3,39,16.6,6.8,1.9,0,0,16.6,1.9,16.6,1967.5
39,91,0,53.5,22,8,0,22,1,0,0,0,2038
39,95,0,580.5,253,96,19,139,29,114,34,112,21487
39,96,0,1195.5,534,212,47,331,70,203,109,225,40866
39,97,2,1536,574.9,151.5,73.9,375.4,138,199.5,199.5,154.5,43962.6
39,98,4,363,156.8,41.5,8.7,4.7,5,152.1,5,138,17691.4
39,99,0,1104,448,151,48,338,110,110,143,97,34584
39,100,1,2,0.8,0.2,0.1,0.1,0,0.7,0.1,0.6,80.8
39,111,1,2,0.6,0,0.1,0,0,0.6,0,0.5,90.4
39,125,3,160,59.9,17.7,7.7,2,3.3,57.9,7.7,51.1,6042.4
39,126,1,434.5,196.7,66.6,9,46.2,18.7,150.5,32.7,115,17311.5
39,127,1,20,8.1,2.7,0,2.3,0.8,5.8,0.8,4.2,850
