x,y,imputed,ind,ind_0_3,ind_11_17,ind_18_24,ind_25_39,ind_40_54,ind_4_5,ind_55_64,ind_65_79,ind_6_10,ind_80p,ind_inc
0,0,1,12,0.9,0.8,2,1.2,2.5,0,1.4,2.3,0.4,0.5,0
1,0,1,7,0.5,0.5,1.2,0.7,1.4,0,0.8,1.3,0.3,0.3,0
2,0,1,2,0.1,0.3,0.1,0.3,0.3,0,0.3,0.3,0.2,0.1,0
3,0,1,9,0.3,1.3,0.3,1.3,1.5,0.2,1.3,1.3,0.8,0.7,0
7,0,1,4,0.1,0.2,0.7,0.1,1,0,0.4,1,0,0.5,0
13,0,1,8,0.2,0.6,0.2,0.8,2.1,0.2,1.2,1.9,0.4,0.4,0
15,0,1,1,0,0.1,0,0.1,0.3,0,0.2,0.2,0,0.1,0
17,0,1,3,0.1,0.2,0.1,0.3,0.8,0.1,0.5,0.7,0.1,0.1,0
20,0,1,2,0,0.2,0.1,0.2,0.5,0,0.3,0.5,0.1,0.1,0
34,0,1,2,0.1,0.1,0.2,0.3,0.3,0.1,0.5,0.3,0.1,0,0
35,0,1,2,0.1,0.1,0.2,0.3,0.3,0.1,0.5,0.3,0.1,0,0
56,0,0,41,1,4,3,4,15,1,6,1,5,1,0
59,0,1,1,0.1,0.1,0.2,0.1,0.3,0,0.1,0.1,0,0,0
67,0,1,2,0,0.2,0.1,0.4,0.3,0,0.5,0.2,0.2,0.1,0
68,0,1,1,0,0.1,0.1,0.2,0.1,0,0.2,0.1,0.1,0.1,0
70,0,1,4,0.1,0.4,0.2,0.8,0.5,0.1,0.9,0.4,0.4,0.2,0
71,0,1,27,0.4,2.6,1.8,5.7,3.5,0.4,6.1,2.6,2.6,1.3,0
72,0,1,4,0.1,0.6,0.2,0.6,0.8,0.3,0.4,0.4,0.3,0.3,0
73,0,0,28,1,4,0,8,0,2,7,3,2,1,0
74,0,0,116.5,2.5,6,6,24,21,3,20,15,5,14,0
75,0,0,177.5,8,18.5,10,28,26,4,22,33,11,16,1
76,0,0,64,2,8,2,11,13,1,6,13,6,2,0
77,0,1,3,0.1,0.3,0.2,0.4,0.7,0,0.4,0.5,0.2,0.2,0
78,0,1,2,0.1,0.2,0.1,0.3,0.5,0,0.3,0.3,0.1,0.1,0
79,0,1,22,0.7,2.1,1.4,2.7,5.1,0.3,2.9,3.7,1.5,1.6,0
80,0,1,19,0.6,1.8,1.2,2.3,4.4,0.3,2.5,3.2,1.3,1.4,0
82,0,1,2,0.1,0.2,0.1,0.3,0.5,0,0.4,0.3,0.1,0,0
90,0,1,1,0,0.1,0.1,0.1,0.3,0,0.2,0.2,0,0,0
107,0,1,5,0.1,0.7,0.5,0.7,1.1,0.3,0.8,0.5,0.2,0.1,0
110,0,1,4,0.1,0.5,0.4,0.5,0.9,0.2,0.7,0.4,0.2,0.1,0
118,0,1,1,0,0.2,0,0.2,0.2,0,0.1,0.3,0,0,0
119,0,1,2,0,0.4,0.1,0.3,0.4,0.1,0.1,0.5,0.1,0,0
123,0,1,1,0,0.1,0.1,0.1,0.2,0.1,0.2,0.1,0.1,0,0
124,0,1,2,0.1,0.1,0.1,0.3,0.5,0.1,0.3,0.3,0.2,0,0
1,1,1,7,0.5,0.5,1.2,0.7,1.4,0,0.8,1.3,0.3,0.3,0
3,1,1,4,0.1,0.6,0.1,0.6,0.6,0.1,0.6,0.6,0.4,0.3,0
10,1,1,1,0,0.1,0.2,0,0.2,0,0.1,0.3,0,0.1,0
11,1,1,1,0,0.1,0.2,0,0.2,0,0.1,0.3,0,0.1,0
12,1,1,5,0.1,0.4,0.1,0.5,1.3,0.1,0.8,1.1,0.3,0.3,0
17,1,1,3,0.1,0.2,0.1,0.3,0.8,0.1,0.5,0.7,0.1,0.1,0
22,1,1,3,0.3,0.1,0.3,0.7,0.3,0.1,0.5,0.4,0.1,0.2,0
23,1,1,2,0.2,0.1,0.2,0.4,0.2,0.1,0.3,0.3,0.1,0.1,0
24,1,1,10,0.9,0.5,1.1,2.3,1.1,0.3,1.6,1.4,0.3,0.5,0
34,1,1,6,0.3,0.4,0.7,0.9,0.7,0.2,1.5,0.9,0.4,0,0
38,1,1,4,0.2,0.3,0.5,0.6,0.5,0.1,0.9,0.6,0.3,0,0
41,1,1,1,0,0.1,0.1,0.2,0.1,0,0.2,0.2,0.1,0,0
45,1,0,23,0,2,1,2,3,0,7,5,0,3,0
48,1,1,2,0,0.1,0.3,0.2,0.6,0,0.3,0.4,0,0.1,0
56,1,1,10,0.6,0.8,0.8,2.1,1.8,0.4,0.8,1.5,0.8,0.4,0
57,1,1,8,0.5,0.5,1.6,1.1,2.2,0.3,0.8,0.8,0,0.2,0
62,1,1,1,0,0,0,0.1,0.1,0,0.2,0.4,0,0.2,0
64,1,1,4,0,0.2,0.1,0.5,0.3,0.1,0.6,1.5,0.1,0.6,0
68,1,1,6,0.1,0.6,0.4,1.2,0.8,0.1,1.3,0.6,0.6,0.3,0
69,1,0,56,0,1,4,4,9,1,7,20,1,9,0
70,1,0,44,0,4,4,6,7,0,10,9,1,3,0
71,1,0,94.5,1.5,10,9,10,28,0,13,17,3,3,0
72,1,0,68.5,2.5,3,6,9,10,0,17,12,3,6,0
73,1,0,104,1,10,8,15,22,2,17,9,6,14,0
74,1,0,173.5,8,13,8,34,34,8.5,16,29,10,13,0
75,1,0,32,1,3,3,4,7,0,2,9,2,1,0
76,1,0,92,3,11.5,6.5,10,15,3,16,21,2,4,0
77,1,0,25,0,1,1,1,8,0,2,5,2,5,0
78,1,1,7,0.2,0.7,0.4,0.9,1.6,0.1,0.9,1.2,0.5,0.5,0
79,1,1,6,0.2,0.6,0.4,0.7,1.4,0.1,0.8,1,0.4,0.4,0
80,1,1,26,0.8,2.5,1.6,3.2,6,0.4,3.5,4.4,1.7,1.9,0
81,1,1,2,0.1,0.2,0.1,0.3,0.5,0,0.3,0.3,0.1,0.1,0
82,1,1,5,0.2,0.7,0.2,0.7,1.2,0.1,1,0.7,0.2,0,0
86,1,1,1,0,0.1,0.1,0.1,0.3,0,0.2,0.2,0,0,0
95,1,1,5,0.2,0.3,0.6,0.8,1.6,0.1,0.4,0.7,0.2,0.1,0
96,1,1,7,0.2,0.5,0.8,1.1,2.3,0.1,0.6,1,0.3,0.1,0
97,1,1,6,0.2,0.4,0.7,0.9,1.9,0.1,0.5,0.9,0.3,0.1,0
103,1,1,1,0,0.1,0.1,0.1,0.2,0.1,0.2,0.1,0.1,0,0
108,1,1,2,0,0.3,0.2,0.3,0.5,0.1,0.3,0.2,0.1,0,0
109,1,1,1,0,0.1,0.1,0.1,0.2,0.1,0.2,0.1,0.1,0,0
116,1,1,2,0.1,0.1,0.1,0.3,0.3,0.1,0.3,0.5,0.2,0,0
117,1,1,16,0.5,3.4,0.5,2.4,2.9,0.5,1,4.3,0.5,0,0
0,2,1,4,0.3,0.3,0.7,0.4,0.8,0,0.5,0.8,0.1,0.1,0
1,2,1,2,0.2,0.1,0.3,0.2,0.4,0,0.2,0.4,0.1,0.1,0
3,2,1,7,0.3,1,0.3,1,1.2,0.1,1,1,0.6,0.5,0
9,2,1,4,0.1,0.2,0.7,0.1,1,0,0.4,1,0,0.5,0
10,2,1,3,0.1,0.2,0.5,0.1,0.7,0,0.3,0.8,0,0.3,0
12,2,1,2,0,0.2,0.1,0.2,0.5,0,0.3,0.5,0.1,0.1,0
13,2,1,5,0.1,0.4,0.1,0.5,1.3,0.1,0.8,1.1,0.3,0.3,0
20,2,1,2,0,0.2,0.1,0.2,0.5,0,0.3,0.5,0.1,0.1,0
22,2,1,6,0.5,0.3,0.6,1.4,0.6,0.2,1,0.9,0.2,0.3,0
23,2,1,2,0.2,0.1,0.2,0.4,0.2,0.1,0.3,0.3,0.1,0.1,0
30,2,1,8,0.7,0.4,0.8,1.8,0.9,0.3,1.3,1.1,0.3,0.4,0
34,2,1,5,0.2,0.3,0.6,0.8,0.6,0.2,1.2,0.8,0.3,0,0
42,2,1,2,0.1,0.3,0,0.4,0.4,0,0.3,0.2,0.2,0.1,0
43,2,1,2,0.1,0.3,0,0.4,0.4,0,0.3,0.2,0.2,0.1,0
44,2,1,10,0.4,1.4,0.1,2.1,2.2,0.2,1.6,0.8,0.8,0.4,0
45,2,1,11,0.4,1.6,0.1,2.3,2.4,0.3,1.7,0.9,0.9,0.4,0
46,2,1,26,0.9,3.7,0.3,5.6,5.6,0.6,4,2.2,2.2,0.9,0
48,2,1,7,0,0.2,1,0.8,2.2,0,1,1.6,0,0.2,0
50,2,1,4,0,0.1,0.6,0.4,1.3,0,0.6,0.9,0,0.1,0
52,2,1,2,0.1,0.2,0.2,0.4,0.3,0.1,0.2,0.3,0.1,0.1,0
55,2,1,5,0.3,0.4,0.4,1.1,0.9,0.2,0.4,0.7,0.4,0.2,0
56,2,1,21,1.3,1.8,1.8,4.3,3.8,0.7,1.8,3,1.8,0.7,0
57,2,1,22,1.3,1.3,4.4,3.1,6.2,0.9,2.2,2.2,0,0.4,0
62,2,1,15,0.2,0.8,0.3,1.8,1.3,0.2,2.3,5.6,0.2,2.3,0
63,2,1,10,0.2,0.5,0.2,1.2,0.8,0.2,1.5,3.7,0.2,1.5,0
69,2,0,172,3,23,15,27,30,6,20,26,10,11,1
70,2,0,83,2,8,6,12,13,2,9,13,7,11,0
71,2,0,113.5,4,12.5,7,15,25,0,15,20,6,9,0
72,2,1,24,0.5,3.3,1.3,3.8,4.8,1.5,2.5,2.5,2,1.8,0
73,2,0,40.5,2,6,0,7,8,2,3,8,3.5,1,0
74,2,1,15,0.3,2,0.8,2.4,3,0.9,1.6,1.6,1.3,1.1,0
76,2,0,57,1,2,0,12,12,2,5,16,1,6,0
78,2,1,4,0.1,0.4,0.2,0.5,0.9,0.1,0.5,0.7,0.3,0.3,0
80,2,1,6,0.2,0.6,0.4,0.7,1.4,0.1,0.8,1,0.4,0.4,0
81,2,0,64,0,5,10,6,20,1,6,5,5,6,0
82,2,1,12,0.5,1.6,0.5,1.6,2.9,0.3,2.3,1.8,0.5,0,0
85,2,1,1,0,0.1,0.1,0.1,0.3,0,0.2,0.2,0,0,0
91,2,1,2,0.1,0.2,0.1,0.3,0.5,0,0.4,0.3,0.1,0,0
93,2,1,5,0.2,0.3,0.6,0.8,1.6,0.1,0.4,0.7,0.2,0.1,0
104,2,1,3,0,0.4,0.3,0.4,0.7,0.2,0.5,0.3,0.1,0.1,0
107,2,1,4,0.1,0.5,0.4,0.5,0.9,0.2,0.7,0.4,0.2,0.1,0
116,2,1,9,0.3,0.6,0.3,1.2,1.5,0.3,1.5,2.4,0.9,0,0
2,3,1,5,0.2,0.7,0.2,0.7,0.8,0.1,0.7,0.7,0.5,0.4,0
3,3,1,2,0.1,0.3,0.1,0.3,0.3,0,0.3,0.3,0.2,0.1,0
4,3,1,3,0.1,0.4,0.1,0.4,0.5,0.1,0.4,0.5,0.3,0.2,0
8,3,1,1,0,0.1,0.2,0,0.2,0,0.1,0.3,0,0.1,0
9,3,1,9,0.2,0.5,1.5,0.2,2.3,0,1,2.3,0,1,0
10,3,1,2,0.1,0.1,0.3,0.1,0.5,0,0.2,0.5,0,0.2,0
11,3,1,2,0.1,0.1,0.3,0.1,0.5,0,0.2,0.5,0,0.2,0
19,3,1,2,0,0.2,0.1,0.2,0.5,0,0.3,0.5,0.1,0.1,0
22,3,1,4,0.4,0.2,0.4,0.9,0.4,0.1,0.6,0.6,0.2,0.2,0
32,3,1,1,0,0.1,0.1,0.2,0.1,0,0.2,0.2,0.1,0,0
35,3,1,4,0.2,0.3,0.5,0.6,0.5,0.1,0.9,0.6,0.3,0,0
42,3,1,12,0.4,1.7,0.1,2.6,2.6,0.3,1.9,1,1,0.4,0
43,3,1,12,0.4,1.7,0.1,2.6,2.6,0.3,1.9,1,1,0.4,0
44,3,0,60,1,4,2,10,8,1,4,9,5,16,0
45,3,0,98.5,8,8.5,5,19,16,3,8,19,7,5,0
46,3,1,9,0.3,1.3,0.1,1.9,1.9,0.2,1.4,0.8,0.8,0.3,0
49,3,1,5,0,0.1,0.7,0.6,1.6,0,0.7,1.1,0,0.2,0
51,3,1,7,0,0.2,1,0.8,2.2,0,1,1.6,0,0.2,0
56,3,1,3,0.2,0.3,0.3,0.6,0.5,0.1,0.3,0.4,0.2,0.1,0
58,3,1,1,0.1,0.1,0.2,0.1,0.3,0,0.1,0.1,0,0,0
61,3,1,1,0.1,0.1,0.2,0.1,0.3,0,0.1,0.1,0,0,0
62,3,1,10,0.2,0.5,0.2,1.2,0.8,0.2,1.5,3.7,0.2,1.5,0
63,3,1,4,0,0.2,0.1,0.5,0.3,0.1,0.6,1.5,0.1,0.6,0
66,3,0,28,0,4,1,2,1,2,4,5,3,6,0
67,3,1,3,0,0.3,0.2,0.6,0.4,0.1,0.7,0.3,0.3,0.1,0
68,3,0,30,1,0.5,2,9,4,1,5,5,0.5,2,0
69,3,0,70,3,8,5,7,17,1,10,8,7,4,0
70,3,0,233.5,9.5,24,13.5,29,60,10.5,22,34,16,15,0
71,3,0,71,0,9,1,11,13,0,6,22,4,5,0
72,3,1,19,0.4,2.6,1,3,3.8,1.2,2,2,1.6,1.4,0
74,3,0,33,3,3,4,6,4,0,6,6,0,1,0
76,3,1,30,0.6,4.1,1.6,4.7,6,1.9,3.2,3.2,2.5,2.2,0
78,3,1,24,0.7,2.3,1.5,3,5.5,0.4,3.2,4.1,1.6,1.7,0
79,3,1,20,0.6,2,1.2,2.5,4.6,0.3,2.7,3.4,1.3,1.4,0
80,3,1,6,0.2,0.6,0.4,0.7,1.4,0.1,0.8,1,0.4,0.4,0
81,3,1,10,0.3,1,0.6,1.2,2.3,0.2,1.3,1.7,0.7,0.7,0
82,3,1,6,0.2,0.8,0.3,0.8,1.5,0.2,1.1,0.9,0.2,0,0
83,3,1,5,0.2,0.7,0.2,0.7,1.2,0.1,1,0.7,0.2,0,0
84,3,1,5,0.2,0.7,0.2,0.7,1.2,0.1,1,0.7,0.2,0,0
85,3,1,5,0.2,0.7,0.2,0.7,1.2,0.1,1,0.7,0.2,0,0
91,3,1,4,0.2,0.5,0.2,0.5,1,0.1,0.7,0.6,0.2,0,0
94,3,1,2,0.1,0.2,0.2,0.3,0.6,0,0.2,0.3,0.1,0,0
95,3,1,2,0.1,0.2,0.2,0.3,0.6,0,0.2,0.3,0.1,0,0
117,3,1,13,0.4,2.7,0.4,2,2.4,0.4,0.8,3.5,0.4,0,0
127,3,1,2,0.1,0.1,0.1,0.3,0.5,0.1,0.3,0.3,0.2,0,0
0,4,1,14,0.6,0.4,0.2,2.8,0.9,0.4,1.9,3.8,1.3,1.7,0
1,4,1,1,0.1,0,0,0.2,0.1,0,0.1,0.3,0.1,0.1,0
2,4,1,6,0.1,0.5,0.3,0.9,1.5,0,0.7,1.7,0.1,0.2,0
3,4,1,3,0.1,0.2,0.1,0.4,0.7,0,0.4,0.9,0.1,0.1,0
14,4,1,5,0.4,0.5,0.4,0.7,1,0.1,0.5,0.7,0.4,0.3,0
27,4,1,1,0,0.1,0.1,0.1,0.4,0,0.1,0.1,0.1,0,0
31,4,1,2,0,0.3,0.1,0.2,0.7,0,0.3,0.3,0.1,0,0
38,4,1,2,0.1,0.2,0.1,0.5,0.3,0.1,0.2,0.2,0.2,0.1,0
39,4,1,6,0.2,0.6,0.2,1.7,1,0.4,0.6,0.6,0.5,0.2,0
41,4,1,1,0,0.1,0,0.3,0.2,0.1,0.1,0.1,0.1,0,0
42,4,1,2,0,0.2,0.1,0.2,0.7,0,0.2,0.2,0.2,0.2,0
44,4,1,12,0,1,0.5,1,3.8,0,1.4,1.4,1.4,1.5,0
45,4,0,44,0,2,5,4,12,0,6,8,1,6,0
46,4,0,48,4,7,4,5,11,1,3,6,2,5,0
47,4,1,10,0.2,1.1,0.3,1.1,2.6,0,1.6,2.3,0.5,0.3,0
48,4,1,1,0,0.1,0,0.1,0.3,0,0.2,0.2,0.1,0,0
49,4,0,67,3,10,5,11,14,2,5,9,6,2,0
50,4,1,4,0.1,0.4,0.1,0.4,1.1,0,0.6,0.9,0.2,0.2,0
53,4,1,3,0.2,0.1,0.5,0.3,0.5,0,0.7,0.5,0.1,0.1,0
66,4,0,63.5,1.5,3,3,4,7,1.5,6,18,4.5,15,0
67,4,0,78,11,8,3,19,8,1,6,12,3,7,0
68,4,0,71.5,2.5,10,5,8,15,1,3,13,4,10,0
69,4,1,5,0.1,0.3,0.4,0.8,0.7,0.2,0.8,1,0.1,0.6,0
70,4,1,5,0.1,0.3,0.4,0.8,0.7,0.2,0.8,1,0.1,0.6,0
71,4,0,88,9,13,2,19,14,9,5,1,16,0,0
72,4,0,72.5,2,8.5,4,8,18,2,7,6,8,2,7
73,4,1,26,0.4,2.7,3,4,5.3,0.2,5.9,2.1,1.1,1.3,0
76,4,1,12,0.2,1.2,1.4,1.8,2.5,0.1,2.7,1,0.5,0.6,0
78,4,1,16,0.7,1.9,0.9,3.2,3.7,0.2,1.7,1.9,1.1,0.7,0
79,4,0,43,0,3,5,6,5,1,8,11,3,1,0
80,4,1,9,0.3,1.1,0.5,1.8,2.1,0.1,1,1.1,0.6,0.4,0
81,4,1,5,0.2,0.6,0.3,1,1.2,0.1,0.5,0.6,0.3,0.2,0
82,4,1,14,0.4,1.2,0,2.1,2.5,0.8,1.2,3.3,1.7,0.8,0
83,4,1,8,0.2,0.7,0,1.2,1.4,0.5,0.7,1.9,0.9,0.5,0
84,4,1,2,0.1,0.2,0,0.3,0.3,0.1,0.2,0.5,0.2,0.1,0
85,4,1,1,0,0.1,0,0.1,0.2,0.1,0.1,0.2,0.1,0.1,0
95,4,1,2,0.1,0.1,0.3,0.2,0.4,0.1,0.2,0.4,0.2,0,0
97,4,1,2,0.1,0.1,0.3,0.2,0.4,0.1,0.2,0.4,0.2,0,0
106,4,1,2,0,0.1,0,0.1,0.3,0,0.5,0.7,0.1,0.2,0
115,4,1,6,0.1,0.3,0.5,0.5,0.9,0,1,2.1,0.6,0,0
116,4,1,16,0.3,0.9,1.2,1.2,2.4,0,2.7,5.8,1.5,0,0
117,4,1,7,0,0.8,0.1,0.5,1.1,0,0.3,3.7,0.3,0.2,0
123,4,1,4,0.1,0.6,0.4,0.5,1.5,0.1,0.3,0.3,0,0.2,0
124,4,1,8,0.2,1.1,0.9,0.9,3,0.2,0.6,0.7,0,0.4,0
3,5,1,2,0,0.2,0.1,0.3,0.5,0,0.2,0.6,0,0.1,0
26,5,1,1,0,0.1,0.1,0.1,0.4,0,0.1,0.1,0.1,0,0
36,5,1,2,0,0.1,0.1,0.2,0.3,0.1,0.5,0.4,0.1,0.2,0
39,5,1,18,0.7,1.8,0.7,5,2.8,1.1,1.8,1.9,1.6,0.6,0
40,5,1,17,0.7,1.7,0.7,4.7,2.7,1.1,1.7,1.7,1.5,0.5,0
41,5,1,3,0.1,0.3,0.1,0.8,0.5,0.2,0.3,0.3,0.3,0.1,0
44,5,1,4,0,0.3,0.1,0.3,1.3,0,0.5,0.5,0.5,0.5,0
45,5,1,1,0,0.1,0.1,0.1,0.3,0,0.1,0.1,0.1,0.1,0
46,5,0,53,2,11,4,13,8,1,4,2,4,4,0
47,5,1,6,0.1,0.6,0.2,0.6,1.6,0,1,1.4,0.3,0.2,0
49,5,0,36,3,2,2,5,6,1,2,12,3,0,0
50,5,1,14,0.2,1.5,0.5,1.5,3.7,0,2.2,3.2,0.7,0.5,0
56,5,1,2,0.1,0,0.4,0.2,0.4,0,0.5,0.3,0,0.1,0
57,5,1,2,0.1,0.3,0.3,0.2,0.4,0,0.3,0.3,0.1,0,0
61,5,1,7,0.2,1.2,1.2,0.6,1.5,0.1,1,1,0.2,0,0
62,5,1,2,0,0,0.1,0.5,0.5,0.1,0.4,0.2,0.1,0.1,0
64,5,1,2,0,0,0.1,0.5,0.5,0.1,0.4,0.2,0.1,0.1,0
67,5,0,27,0,0,0,2,4,1,5,9,2,4,0
68,5,0,35,1,5,2,5,5,0,7,7,2,1,0
69,5,1,8,0.2,0.5,0.6,1.2,1.1,0.3,1.4,1.6,0.2,0.9,0
71,5,0,36,2,3,1,10,5,1,4,4,6,0,0
72,5,0,71,7,9,2,19,11,5,1,3,13,0,1
73,5,1,7,0.1,0.7,0.8,1.1,1.4,0,1.6,0.6,0.3,0.4,0
75,5,1,10,0.2,1,1.2,1.5,2,0.1,2.3,0.8,0.4,0.5,0
76,5,1,3,0,0.3,0.4,0.5,0.6,0,0.7,0.2,0.1,0.2,0
77,5,1,3,0.1,0.4,0.2,0.6,0.7,0,0.3,0.4,0.2,0.1,0
79,5,1,5,0.2,0.6,0.3,1,1.2,0.1,0.5,0.6,0.3,0.2,0
81,5,1,4,0.2,0.5,0.2,0.8,0.9,0,0.4,0.5,0.3,0.2,0
83,5,1,3,0.1,0.3,0,0.4,0.5,0.2,0.3,0.7,0.3,0.2,0
91,5,1,3,0.2,0.4,0.2,0.5,0.6,0,0.6,0.2,0.2,0.1,0
92,5,1,1,0,0.1,0.2,0.1,0.2,0,0.1,0.2,0.1,0,0
94,5,1,3,0.1,0.1,0.5,0.3,0.7,0.1,0.3,0.7,0.2,0,0
98,5,1,2,0.1,0.1,0.3,0.2,0.4,0.1,0.2,0.4,0.2,0,0
102,5,1,3,0.1,0.1,0,0.2,0.4,0.1,0.7,1,0.1,0.3,0
103,5,1,2,0,0.1,0,0.1,0.3,0,0.5,0.7,0.1,0.2,0
111,5,1,8,0.2,0.3,0,0.5,1.2,0.2,1.9,2.6,0.2,0.9,0
113,5,1,6,0.1,0.3,0.5,0.5,0.9,0,1,2.1,0.6,0,0
114,5,1,1,0,0,0.1,0.1,0.1,0,0.2,0.4,0.1,0,0
116,5,1,24,0.4,1.4,1.8,1.8,3.6,0,4.1,8.6,2.3,0,0
117,5,1,9,0,1,0.2,0.6,1.4,0,0.4,4.8,0.4,0.2,0
124,5,1,4,0.1,0.6,0.4,0.5,1.5,0.1,0.3,0.3,0,0.2,0
0,6,1,4,0.2,0.1,0.1,0.8,0.2,0.1,0.5,1.1,0.4,0.5,0
2,6,1,4,0.1,0.3,0.2,0.6,1,0,0.5,1.1,0.1,0.1,0
3,6,1,3,0.1,0.2,0.1,0.4,0.7,0,0.4,0.9,0.1,0.1,0
4,6,1,1,0,0.1,0.1,0.2,0.2,0,0.1,0.3,0,0,0
5,6,1,1,0,0.1,0.1,0.2,0.2,0,0.1,0.3,0,0,0
17,6,1,5,0.4,0.5,0.4,0.7,1,0.1,0.5,0.7,0.4,0.3,0
21,6,1,4,0.3,0.4,0.3,0.6,0.9,0.1,0.4,0.5,0.3,0.2,0
38,6,1,4,0.2,0.4,0.2,1.1,0.6,0.2,0.4,0.4,0.4,0.1,0
39,6,1,19,0.8,1.9,0.8,5.2,3,1.2,1.9,1.9,1.7,0.6,0
40,6,1,13,0.5,1.3,0.5,3.6,2.1,0.8,1.3,1.3,1.2,0.4,0
45,6,1,4,0,0.3,0.1,0.3,1.3,0,0.5,0.5,0.5,0.5,0
47,6,1,5,0.1,0.5,0.2,0.5,1.3,0,0.8,1.1,0.3,0.2,0
49,6,1,8,0.1,0.8,0.3,0.9,2.1,0,1.3,1.8,0.4,0.3,0
56,6,1,3,0.2,0.1,0.5,0.3,0.5,0,0.7,0.5,0.1,0.1,0
58,6,1,7,0.2,1.2,1.2,0.6,1.5,0.1,1,1,0.2,0,0
59,6,1,3,0.1,0.5,0.5,0.3,0.7,0,0.4,0.4,0.1,0,0
60,6,1,5,0.2,0.8,0.8,0.4,1.1,0.1,0.7,0.7,0.2,0,0
61,6,1,4,0.1,0.7,0.7,0.3,0.9,0.1,0.5,0.6,0.1,0,0
63,6,1,6,0,0,0.4,1.5,1.5,0.2,1.3,0.5,0.2,0.4,0
64,6,1,2,0,0,0.1,0.5,0.5,0.1,0.4,0.2,0.1,0.1,0
67,6,1,7,0.2,0.4,0.5,1.1,1,0.3,1.2,1.3,0.2,0.8,0
68,6,1,13,0.3,0.8,1,2,1.8,0.5,2.2,2.5,0.4,1.5,0
69,6,1,7,0.2,0.4,0.5,1.1,1,0.3,1.2,1.3,0.2,0.8,0
71,6,1,4,0.1,0.2,0.3,0.6,0.6,0.1,0.7,0.8,0.1,0.5,0
72,6,1,1,0,0.1,0.1,0.2,0.2,0,0.2,0.1,0,0.1,0
73,6,1,23,0.3,2.4,2.7,3.5,4.7,0.2,5.2,1.8,1,1.2,0
74,6,1,5,0.1,0.5,0.6,0.8,1,0,1.1,0.4,0.2,0.3,0
79,6,1,1,0,0.1,0.1,0.2,0.2,0,0.1,0.1,0.1,0.1,0
81,6,1,5,0.2,0.6,0.3,1,1.2,0.1,0.5,0.6,0.3,0.2,0
87,6,1,4,0.2,0.5,0.2,0.7,0.8,0,0.9,0.3,0.3,0.1,0
88,6,1,3,0.2,0.4,0.2,0.5,0.6,0,0.6,0.2,0.2,0.1,0
90,6,1,1,0,0.1,0.1,0.2,0.2,0,0.2,0.1,0.1,0,0
91,6,1,4,0.2,0.5,0.2,0.7,0.8,0,0.9,0.3,0.3,0.1,0
92,6,1,3,0.1,0.1,0.5,0.3,0.7,0.1,0.3,0.7,0.2,0,0
104,6,1,1,0,0.1,0,0.1,0.2,0,0.2,0.3,0,0.1,0
105,6,1,4,0.1,0.2,0,0.3,0.6,0.1,0.9,1.3,0.1,0.4,0
107,6,1,3,0.1,0.1,0,0.2,0.4,0.1,0.7,1,0.1,0.3,0
110,6,1,6,0.1,0.3,0,0.4,0.9,0.1,1.4,2,0.1,0.7,0
121,6,1,5,0,0.6,0.1,0.3,0.8,0,0.2,2.7,0.2,0.1,0
0,7,1,1,0.1,0,0,0.2,0.1,0,0.1,0.3,0.1,0.1,0
2,7,1,7,0.2,0.6,0.3,1,1.7,0,0.8,2,0.2,0.2,0
5,7,1,4,0.1,0.3,0.2,0.6,1,0,0.5,1.1,0.1,0.1,0
28,7,1,4,0.1,0.5,0.2,0.4,1.4,0.1,0.5,0.6,0.2,0,0
32,7,1,3,0.1,0.1,0.1,0.3,0.4,0.1,0.8,0.7,0.2,0.2,0
33,7,1,6,0.2,0.2,0.2,0.7,0.8,0.2,1.6,1.3,0.3,0.5,0
38,7,1,16,0.6,1.6,0.6,4.4,2.5,1,1.6,1.7,1.5,0.5,0
39,7,1,26,1,2.6,1,7.2,4.1,1.6,2.7,2.7,2.3,0.8,0
47,7,1,6,0.1,0.6,0.2,0.6,1.6,0,1,1.4,0.3,0.2,0
50,7,1,3,0,0.3,0.1,0.3,0.8,0,0.5,0.7,0.2,0.1,0
53,7,1,3,0.2,0.1,0.5,0.3,0.5,0,0.7,0.5,0.1,0.1,0
56,7,1,3,0.2,0.1,0.5,0.3,0.5,0,0.7,0.5,0.1,0.1,0
57,7,1,4,0.1,0.7,0.7,0.3,0.9,0.1,0.5,0.6,0.1,0,0
58,7,1,3,0.1,0.5,0.5,0.3,0.7,0,0.4,0.4,0.1,0,0
62,7,1,8,0,0,0.5,2,2,0.2,1.8,0.8,0.2,0.5,0
63,7,1,2,0,0,0.1,0.5,0.5,0.1,0.4,0.2,0.1,0.1,0
69,7,1,3,0.1,0.2,0.2,0.5,0.4,0.1,0.5,0.6,0.1,0.3,0
70,7,1,6,0.1,0.4,0.5,0.9,0.8,0.2,1,1.2,0.2,0.7,0
71,7,1,8,0.2,0.5,0.6,1.2,1.1,0.3,1.4,1.6,0.2,0.9,0
72,7,1,22,0.3,2.2,2.6,3.4,4.5,0.1,5,1.8,1,1.1,0
73,7,0,26,0,2,0,1,3,0,8,8,0,4,0
76,7,1,6,0.1,0.6,0.7,0.9,1.2,0,1.4,0.5,0.3,0.3,0
86,7,1,4,0.1,0.4,0,0.6,0.7,0.2,0.4,0.9,0.5,0.2,0
88,7,1,3,0.2,0.4,0.2,0.5,0.6,0,0.6,0.2,0.2,0.1,0
89,7,1,2,0.1,0.3,0.1,0.4,0.4,0,0.4,0.2,0.1,0,0
92,7,1,2,0.1,0.1,0.3,0.2,0.4,0.1,0.2,0.4,0.2,0,0
104,7,1,3,0.1,0.1,0,0.2,0.4,0.1,0.7,1,0.1,0.3,0
109,7,1,3,0.1,0.1,0,0.2,0.4,0.1,0.7,1,0.1,0.3,0
117,7,1,1,0,0.1,0,0.1,0.2,0,0.1,0.5,0,0,0
119,7,1,3,0,0.3,0.1,0.2,0.5,0,0.1,1.6,0.1,0.1,0
127,7,1,1,0,0.1,0.1,0.1,0.4,0,0.1,0.1,0,0.1,0
0,8,1,3,0.1,0.1,0,0.6,0.2,0.1,0.4,0.8,0.3,0.4,0
5,8,1,2,0,0.2,0.1,0.3,0.5,0,0.2,0.6,0,0.1,0
6,8,1,4,0.1,0.3,0.2,0.6,1,0,0.5,1.1,0.1,0.1,0
7,8,1,4.5,0.1,0.4,0.2,0.7,1.1,0,0.5,1.3,0.1,0.1,0
13,8,1,1,0.1,0.1,0.1,0.1,0.2,0,0.1,0.1,0.1,0.1,0
35,8,1,4,0.1,0.1,0.1,0.5,0.6,0.1,1.1,0.9,0.2,0.3,0
37,8,1,2,0.1,0.2,0.1,0.5,0.3,0.1,0.2,0.2,0.2,0.1,0
46,8,1,2,0,0.2,0.1,0.2,0.7,0,0.2,0.2,0.2,0.2,0
59,8,1,20,0.7,3.4,3.4,1.7,4.4,0.3,2.7,2.7,0.7,0,0
60,8,1,4,0.1,0.7,0.7,0.3,0.9,0.1,0.5,0.6,0.1,0,0
62,8,1,10,0,0,0.6,2.5,2.5,0.3,2.2,1,0.3,0.6,0
67,8,1,6,0.1,0.4,0.5,0.9,0.8,0.2,1,1.2,0.2,0.7,0
71,8,1,6,0.1,0.4,0.5,0.9,0.8,0.2,1,1.2,0.2,0.7,0
72,8,0,31,1,1,1,4,7,0,7,5,2,3,0
73,8,1,6,0.1,0.6,0.7,0.9,1.2,0,1.4,0.5,0.3,0.3,0
74,8,1,9,0.1,0.9,1.1,1.4,1.8,0.1,2,0.7,0.4,0.5,0
75,8,1,2,0,0.2,0.2,0.3,0.4,0,0.5,0.2,0.1,0.1,0
76,8,1,5,0.1,0.5,0.6,0.8,1,0,1.1,0.4,0.2,0.3,0
83,8,1,2,0.1,0.2,0,0.3,0.3,0.1,0.2,0.5,0.2,0.1,0
91,8,1,4,0.2,0.5,0.2,0.7,0.8,0,0.9,0.3,0.3,0.1,0
92,8,1,20,1,1,3.4,1.9,4.4,0.5,1.9,4.4,1.5,0,0
0,9,1,11,0.2,0.3,1.2,1.8,2,0.2,1.2,2.8,0.1,1.2,0
1,9,0,18,1,0,2,5,0,1,4,5,0,0,0
2,9,1,14.5,0.6,0.8,1.5,2.5,2.7,0.4,3.2,1.5,1,0.3,0
4,9,1,4,0.2,0.2,0.4,0.7,0.7,0.1,0.9,0.4,0.3,0.1,0
5,9,1,3,0.1,0.2,0.3,0.5,0.5,0.1,0.7,0.3,0.2,0.1,0
24,9,1,5,0.1,0.7,0.2,0.5,1.8,0.1,0.7,0.7,0.2,0,0
29,9,1,2,0,0.3,0.1,0.2,0.7,0,0.3,0.3,0.1,0,0
32,9,1,2,0.1,0.2,0.1,0.3,0.3,0.1,0.4,0.3,0.1,0.1,0
33,9,1,5,0.1,0.6,0.2,0.7,0.9,0.1,1,0.9,0.3,0.2,0
34,9,1,4,0.1,0.5,0.1,0.6,0.7,0.1,0.8,0.7,0.3,0.1,0
38,9,1,1,0,0,0,0.1,0.2,0,0.3,0.2,0.1,0.1,0
39,9,1,5,0.1,0.1,0.2,0.6,0.7,0.1,1.4,1.1,0.3,0.4,0
40,9,1,1,0,0,0,0.1,0.2,0,0.3,0.2,0.1,0.1,0
41,9,1,1,0,0,0,0.1,0.2,0,0.3,0.2,0.1,0.1,0
42,9,1,5,0.3,0.4,0.7,1,0.9,0.3,0.2,0.6,0.5,0.1,0
46,9,1,2,0.1,0.1,0.3,0.4,0.4,0.1,0.1,0.3,0.2,0,0
57,9,1,5,0.3,0.1,0.8,0.6,0.9,0,1.2,0.8,0.1,0.2,0
63,9,1,5,0.2,0.7,0.4,0.8,1,0.2,0.7,0.4,0.4,0.2,0
65,9,1,2,0.1,0.2,0.2,0.3,0.4,0.1,0.3,0.2,0.1,0.1,0
67,9,1,4,0.1,0.5,0.3,0.7,0.8,0.2,0.6,0.3,0.3,0.2,0
70,9,1,2,0.1,0.2,0.2,0.3,0.4,0.1,0.3,0.2,0.1,0.1,0
71,9,1,13,0.4,1.7,1.1,2.1,2.5,0.6,1.9,1.1,1,0.6,0
72,9,1,14,0,1.7,0.8,2.5,1.4,0.4,2.9,3.1,0.6,0.6,0
77,9,1,8,0.3,1,0.4,1.6,1.8,0.1,0.9,1,0.6,0.3,0
79,9,1,1,0,0.1,0.1,0.2,0.2,0,0.1,0.1,0.1,0.1,0
82,9,1,8,0.4,1,0.4,1.4,1.7,0,1.7,0.6,0.6,0.2,0
83,9,1,4,0.2,0.5,0.2,0.7,0.8,0,0.9,0.3,0.3,0.1,0
84,9,1,2,0.1,0.3,0.1,0.4,0.4,0,0.4,0.2,0.1,0,0
89,9,1,2,0,0.3,0.2,0.1,0.5,0,0.5,0.4,0,0,0
91,9,1,2,0,0.3,0.2,0.1,0.5,0,0.5,0.4,0,0,0
92,9,1,27.5,1.2,3.5,1.2,7.1,3.4,0.3,3.1,3.4,2.8,1.5,0
95,9,1,3,0.1,0.4,0.1,0.8,0.4,0,0.3,0.4,0.3,0.2,0
107,9,1,6,0.2,0.6,0.7,0.6,1.6,0,0.8,0.9,0.3,0.3,0
108,9,1,3,0.1,0.3,0.4,0.3,0.8,0,0.4,0.4,0.1,0.2,0
118,9,1,1,0,0.1,0,0.1,0.2,0,0.1,0.5,0,0,0
119,9,1,13,0,1.4,0.3,0.9,2,0,0.6,6.9,0.6,0.3,0
0,10,1,20,0.3,0.5,2.2,3.3,3.6,0.4,2.2,5.1,0.2,2.2,0
1,10,0,80,2,5,6,13,15,1,13,14,3,8,0
2,10,1,26,1.2,1.4,2.7,4.5,4.8,0.6,5.7,2.7,1.8,0.6,0
3,10,0,19,0,2,2,1,3,0,3,4,0,4,0
4,10,1,8,0.4,0.4,0.8,1.4,1.5,0.2,1.7,0.8,0.6,0.2,0
5,10,0,48.5,3,5,1,10,7,0,8,5,7.5,2,0
6,10,1,4,0.2,0.2,0.4,0.7,0.7,0.1,0.9,0.4,0.3,0.1,0
9,10,1,1,0,0.1,0.1,0.3,0.1,0,0.2,0.1,0.1,0,0
30,10,1,2,0,0.3,0.1,0.2,0.7,0,0.3,0.3,0.1,0,0
32,10,1,2,0.1,0.2,0.1,0.3,0.3,0.1,0.4,0.3,0.1,0.1,0
33,10,1,2,0.1,0.2,0.1,0.3,0.3,0.1,0.4,0.3,0.1,0.1,0
34,10,1,9,0.3,1,0.3,1.3,1.6,0.3,1.8,1.6,0.5,0.3,0
40,10,1,4,0.1,0.1,0.1,0.5,0.6,0.1,1.1,0.9,0.2,0.3,0
41,10,1,2,0,0.1,0.1,0.2,0.3,0.1,0.5,0.4,0.1,0.2,0
47,10,1,1,0.1,0.1,0.1,0.2,0.2,0.1,0,0.1,0.1,0,0
48,10,1,5,0.3,0.4,0.7,1,0.9,0.3,0.2,0.6,0.5,0.1,0
56,10,1,3,0.2,0.1,0.5,0.3,0.5,0,0.7,0.5,0.1,0.1,0
60,10,1,4,0.2,0.1,0.7,0.5,0.7,0,1,0.6,0.1,0.1,0
63,10,1,2,0.1,0.2,0.2,0.3,0.4,0.1,0.3,0.2,0.1,0.1,0
71,10,1,7,0.2,0.9,0.6,1.1,1.4,0.3,1,0.6,0.6,0.3,0
72,10,0,23,2,1,2,4,3,0,5,6,0,0,0
73,10,0,33,1,4,3,6,10,1,1,4,2,1,0
91,10,1,5,0,0.7,0.5,0.3,1.2,0,1.3,1,0,0,0
92,10,0,19,1,0,1,1,9,0,4,0,0,3,0
93,10,1,10,0.4,1.3,0.5,2.6,1.2,0.1,1.1,1.2,1,0.6,0
101,10,1,4,0.2,0.2,0.7,0.4,0.8,0.1,0.4,0.9,0.3,0,0
104,10,1,2,0,0.1,0,0.1,0.3,0,0.5,0.7,0.1,0.2,0
107,10,1,8,0.3,0.8,0.9,0.8,2.1,0,1.1,1.2,0.4,0.4,0
108,10,1,11,0.4,1.1,1.3,1.1,2.9,0,1.5,1.7,0.5,0.5,0
109,10,1,10,0.3,1,1.2,1,2.7,0,1.3,1.5,0.5,0.5,0
119,10,1,2,0,0.2,0,0.1,0.3,0,0.1,1.1,0.1,0.1,0
3,11,1,19.5,0.9,1,2,3.4,3.6,0.5,4.2,2.1,1.4,0.4,0
4,11,1,1,0,0.1,0.1,0.2,0.2,0,0.2,0.1,0.1,0,0
5,11,1,27,1.2,1.4,2.8,4.7,5,0.7,5.9,2.8,1.9,0.6,0
6,11,0,44,0,5,6,3,17,1,9,1,1,1,0
7,11,1,15,0.5,2,0.7,3.5,2,0.5,2.3,1.3,1.7,0.5,0
8,11,1,4,0.1,0.5,0.2,1,0.5,0.1,0.6,0.3,0.5,0.2,0
9,11,1,13,0.4,1.7,0.7,3,1.8,0.4,2,1.1,1.5,0.4,0
17,11,1,7,0.5,0.7,0.6,1,1.5,0.2,0.6,0.9,0.6,0.4,0
40,11,1,2,0,0.1,0.1,0.2,0.3,0.1,0.5,0.4,0.1,0.2,0
42,11,1,5,0.3,0.4,0.7,1,0.9,0.3,0.2,0.6,0.5,0.1,0
46,11,1,2,0.1,0.1,0.3,0.4,0.4,0.1,0.1,0.3,0.2,0,0
47,11,1,21,1.2,1.5,3.1,4.3,3.9,1.2,0.8,2.7,1.9,0.4,0
52,11,1,1,0.1,0,0.2,0.1,0.2,0,0.2,0.2,0,0,0
61,11,1,2,0.1,0,0.4,0.2,0.4,0,0.5,0.3,0,0.1,0
62,11,1,5,0.2,0.7,0.4,0.8,1,0.2,0.7,0.4,0.4,0.2,0
66,11,1,3,0.1,0.4,0.2,0.5,0.6,0.2,0.4,0.2,0.2,0.2,0
69,11,1,3,0.1,0.4,0.2,0.5,0.6,0.2,0.4,0.2,0.2,0.2,0
71,11,1,1,0,0.1,0.1,0.2,0.2,0,0.1,0.1,0.1,0.1,0
72,11,1,12,0,1.4,0.7,2.1,1.2,0.4,2.5,2.7,0.5,0.5,0
73,11,1,13,0,1.5,0.7,2.3,1.3,0.4,2.7,2.9,0.6,0.6,0
81,11,1,13,0.5,1.6,0.7,2.6,3,0.2,1.4,1.6,0.9,0.5,0
83,11,1,1,0,0.1,0.1,0.2,0.2,0,0.2,0.1,0.1,0,0
87,11,1,2,0,0.3,0.2,0.1,0.5,0,0.5,0.4,0,0,0
91,11,1,3,0,0.4,0.3,0.2,0.7,0,0.8,0.6,0,0,0
92,11,1,9,0.4,1.2,0.4,2.3,1.1,0.1,1,1.1,0.9,0.5,0
93,11,1,8,0.4,1,0.4,2,1,0.1,0.9,1,0.8,0.4,0
94,11,1,7,0.3,0.9,0.3,1.8,0.8,0.1,0.8,0.9,0.7,0.4,0
95,11,1,5,0.2,0.6,0.2,1.3,0.6,0.1,0.6,0.6,0.5,0.3,0
101,11,1,2,0.1,0.1,0.3,0.2,0.4,0.1,0.2,0.4,0.2,0,0
102,11,1,2,0,0.1,0,0.1,0.3,0,0.5,0.7,0.1,0.2,0
106,11,1,4,0.1,0.2,0,0.3,0.6,0.1,0.9,1.3,0.1,0.4,0
108,11,1,4,0.1,0.4,0.5,0.4,1.1,0,0.5,0.6,0.2,0.2,0
109,11,1,2,0.1,0.2,0.2,0.2,0.5,0,0.3,0.3,0.1,0.1,0
113,11,1,2,0,0.2,0,0.1,0.3,0,0.1,1.1,0.1,0.1,0
3,12,0,30,0,3,2,2,7,0,14,1,1,0,0
4,12,1,26,1.2,1.4,2.7,4.5,4.8,0.6,5.7,2.7,1.8,0.6,0
5,12,1,4,0.2,0.2,0.4,0.7,0.7,0.1,0.9,0.4,0.3,0.1,0
8,12,1,4,0.1,0.5,0.2,1,0.5,0.1,0.6,0.3,0.5,0.2,0
9,12,1,2,0.1,0.2,0.1,0.5,0.2,0.1,0.3,0.2,0.2,0.1,0
13,12,1,10,0.8,1.1,0.8,1.4,2.1,0.3,0.9,1.3,0.8,0.5,0
15,12,1,3,0.2,0.3,0.3,0.4,0.6,0.1,0.3,0.4,0.2,0.2,0
17,12,1,6,0.5,0.6,0.5,0.9,1.3,0.1,0.5,0.8,0.5,0.3,0
18,12,1,6,0.5,0.6,0.5,0.9,1.3,0.1,0.5,0.8,0.5,0.3,0
21,12,1,6,0.5,0.6,0.5,0.9,1.3,0.1,0.5,0.8,0.5,0.3,0
22,12,1,1,0,0.1,0.1,0.1,0.4,0,0.1,0.1,0.1,0,0
33,12,1,5,0.1,0.6,0.2,0.7,0.9,0.1,1,0.9,0.3,0.2,0
42,12,1,5,0.3,0.4,0.7,1,0.9,0.3,0.2,0.6,0.5,0.1,0
47,12,1,4,0.2,0.3,0.6,0.8,0.7,0.2,0.2,0.5,0.4,0.1,0
51,12,1,2,0.1,0.1,0.3,0.4,0.4,0.1,0.1,0.3,0.2,0,0
52,12,1,4,0.2,0.1,0.7,0.5,0.7,0,1,0.6,0.1,0.1,0
57,12,1,3,0.2,0.1,0.5,0.3,0.5,0,0.7,0.5,0.1,0.1,0
59,12,1,1,0.1,0,0.2,0.1,0.2,0,0.2,0.2,0,0,0
61,12,1,1,0.1,0,0.2,0.1,0.2,0,0.2,0.2,0,0,0
71,12,1,9,0.3,1.2,0.7,1.5,1.8,0.4,1.3,0.7,0.7,0.4,0
72,12,1,2,0,0.2,0.1,0.4,0.2,0.1,0.4,0.4,0.1,0.1,0
74,12,1,14,0,1.7,0.8,2.5,1.4,0.4,2.9,3.1,0.6,0.6,0
81,12,1,2,0.1,0.2,0.1,0.4,0.5,0,0.2,0.3,0.1,0.1,0
90,12,1,9,0,1.3,0.8,0.5,2.1,0,2.4,1.9,0,0,0
91,12,1,3,0,0.4,0.3,0.2,0.7,0,0.8,0.6,0,0,0
93,12,1,1,0,0.1,0.1,0.3,0.1,0,0.1,0.1,0.1,0.1,0
95,12,1,2,0.1,0.3,0.1,0.5,0.2,0,0.2,0.3,0.2,0.1,0
96,12,1,6,0.3,0.8,0.3,1.5,0.7,0.1,0.7,0.7,0.6,0.3,0
105,12,1,2,0,0.1,0,0.1,0.3,0,0.5,0.7,0.1,0.2,0
106,12,1,1,0,0.1,0,0.1,0.2,0,0.2,0.3,0,0.1,0
108,12,1,15,0.5,1.5,1.7,1.5,4,0,2,2.3,0.7,0.8,0
119,12,1,2,0,0.2,0,0.1,0.3,0,0.1,1.1,0.1,0.1,0
3,13,1,19,0.9,1,2,3.3,3.5,0.5,4.1,2,1.3,0.4,0
4,13,1,21,0.9,1.1,2.2,3.6,3.9,0.5,4.6,2.2,1.5,0.5,0
5,13,1,2,0.1,0.1,0.2,0.4,0.4,0.1,0.4,0.2,0.1,0,0
7,13,1,5,0.2,0.7,0.2,1.1,0.7,0.2,0.7,0.4,0.6,0.2,0
8,13,1,4,0.1,0.5,0.2,1,0.5,0.1,0.6,0.3,0.5,0.2,0
9,13,1,2,0.1,0.2,0.1,0.5,0.2,0.1,0.3,0.2,0.2,0.1,0
10,13,1,5,0.2,0.7,0.2,1.1,0.7,0.2,0.7,0.4,0.6,0.2,0
11,13,1,5,0.2,0.7,0.2,1.1,0.7,0.2,0.7,0.4,0.6,0.2,0
12,13,1,5,0.4,0.5,0.4,0.7,1,0.1,0.5,0.7,0.4,0.3,0
14,13,1,15,1.2,1.6,1.2,2.1,3.1,0.4,1.4,2,1.2,0.8,0
21,13,1,3,0.2,0.3,0.3,0.4,0.6,0.1,0.3,0.4,0.2,0.2,0
22,13,1,8,0.2,1.1,0.4,0.7,2.8,0.2,1.1,1.1,0.4,0,0
23,13,1,1,0,0.1,0.1,0.1,0.4,0,0.1,0.1,0.1,0,0
26,13,1,6,0.1,0.8,0.3,0.6,2.1,0.2,0.8,0.8,0.3,0,0
27,13,1,5,0.1,0.7,0.2,0.5,1.8,0.1,0.7,0.7,0.2,0,0
30,13,1,2,0,0.3,0.1,0.2,0.7,0,0.3,0.3,0.1,0,0
31,13,1,3,0.1,0.4,0.1,0.3,1.1,0.1,0.4,0.4,0.1,0,0
32,13,1,3,0.1,0.4,0.1,0.4,0.5,0.1,0.6,0.5,0.2,0.1,0
33,13,1,2,0.1,0.2,0.1,0.3,0.3,0.1,0.4,0.3,0.1,0.1,0
39,13,1,5,0.1,0.1,0.2,0.6,0.7,0.1,1.4,1.1,0.3,0.4,0
43,13,1,1,0.1,0.1,0.1,0.2,0.2,0.1,0,0.1,0.1,0,0
50,13,1,1,0.1,0.1,0.1,0.2,0.2,0.1,0,0.1,0.1,0,0
53,13,1,3,0.2,0.1,0.5,0.3,0.5,0,0.7,0.5,0.1,0.1,0
54,13,1,4,0.2,0.1,0.7,0.5,0.7,0,1,0.6,0.1,0.1,0
55,13,1,1,0.1,0,0.2,0.1,0.2,0,0.2,0.2,0,0,0
57,13,1,6,0.4,0.1,1,0.7,1.1,0,1.5,0.9,0.1,0.2,0
65,13,1,3,0.1,0.4,0.2,0.5,0.6,0.2,0.4,0.2,0.2,0.2,0
71,13,1,3,0.1,0.4,0.2,0.5,0.6,0.2,0.4,0.2,0.2,0.2,0
72,13,1,1,0,0.1,0.1,0.2,0.1,0,0.2,0.2,0,0.1,0
73,13,1,4,0,0.5,0.2,0.7,0.4,0.1,0.8,0.9,0.2,0.2,0
75,13,1,2,0,0.2,0.1,0.4,0.2,0.1,0.4,0.4,0.1,0.1,0
76,13,1,6,0,0.7,0.3,1.1,0.6,0.2,1.2,1.3,0.3,0.3,0
78,13,1,2,0.1,0.2,0.1,0.4,0.5,0,0.2,0.3,0.1,0.1,0
88,13,1,4,0,0.6,0.4,0.2,0.9,0,1.1,0.8,0,0,0
90,13,1,4,0,0.6,0.4,0.2,0.9,0,1.1,0.8,0,0,0
93,13,1,2,0.1,0.3,0.1,0.5,0.2,0,0.2,0.3,0.2,0.1,0
94,13,1,3,0.1,0.4,0.1,0.8,0.4,0,0.3,0.4,0.3,0.2,0
95,13,1,6,0.3,0.8,0.3,1.5,0.7,0.1,0.7,0.7,0.6,0.3,0
108,13,1,1,0,0.1,0.1,0.1,0.3,0,0.1,0.2,0,0.1,0
2,14,1,4,0,0.1,0.3,0.3,1.1,0.3,0.6,0.7,0.3,0.3,0
5,14,1,1,0,0,0.1,0.1,0.3,0,0.1,0.2,0.1,0.1,0
6,14,1,2,0,0.1,0.1,0.1,0.6,0.1,0.3,0.4,0.1,0.2,0
10,14,1,8,0.3,1,0.5,1,1.8,0.2,0.8,1.7,0.2,0.5,0
11,14,1,6,0.2,0.8,0.4,0.8,1.3,0.1,0.6,1.3,0.1,0.4,0
12,14,1,7,0,1.1,0.6,0.6,2.6,0.2,0.2,0.9,0.6,0.2,0
27,14,1,2,0.1,0.2,0.1,0.2,0.4,0,0.7,0.1,0.1,0.1,0
37,14,1,4,0.2,0.3,0,1.1,0.3,0.1,0.7,0.9,0.3,0.1,0
44,14,1,4,0.1,0.3,0.1,0.4,0.9,0.2,0.9,1,0,0.1,0
50,14,1,5,0.1,0.4,0.1,0.5,1.1,0.3,1.2,1.2,0,0.1,0
55,14,1,2,0.2,0.2,0.1,0.4,0.3,0.2,0.3,0.2,0,0.1,0
58,14,1,3,0.3,0.3,0.1,0.6,0.5,0.3,0.4,0.3,0,0.1,0.1
66,14,1,2,0.3,0.2,0.2,0.4,0.4,0.1,0.1,0.1,0.1,0.1,0
71,14,1,1,0.1,0.1,0,0.2,0.2,0,0.1,0.1,0.1,0.1,0
73,14,1,2,0.1,0.2,0.1,0.4,0.4,0.1,0.2,0.2,0.2,0.1,0
80,14,1,4,0,0.5,0.2,0.5,0.7,0,0.7,0.6,0.6,0.2,0
88,14,1,9,0.3,1.9,0.3,2.7,1.1,0,1.1,0.8,0.5,0.3,0
99,14,1,3,0.1,0.1,0.1,0.5,0.8,0.1,0.4,0.6,0.2,0.1,0
100,14,1,2,0.1,0.1,0.1,0.3,0.5,0,0.3,0.4,0.1,0.1,0
107,14,1,3,0.1,0.2,0.1,0.6,0.6,0,0.3,0.6,0.2,0.3,0
108,14,1,8,0.3,0.7,0.3,1.6,1.7,0,0.8,1.5,0.4,0.7,0
109,14,1,4.5,0.2,0.4,0.2,0.9,0.9,0,0.5,0.8,0.2,0.4,0
121,14,1,3,0,0.3,0.2,0.4,0.9,0.1,0.4,0.4,0.1,0.2,0
2,15,1,2,0,0.1,0.1,0.1,0.6,0.1,0.3,0.4,0.1,0.2,0
4,15,1,6,0,0.2,0.4,0.4,1.7,0.4,0.9,1.1,0.4,0.5,0
8,15,1,4,0.2,0.5,0.2,0.5,0.9,0.1,0.4,0.8,0.1,0.3,0
9,15,1,9,0.4,1.1,0.6,1.1,2,0.2,0.9,1.9,0.2,0.6,0
11,15,1,10,0.4,1.3,0.6,1.3,2.3,0.2,1,2.1,0.2,0.6,0
12,15,1,3,0,0.4,0.3,0.3,1.1,0.1,0.1,0.3,0.3,0.1,0
13,15,1,9,0,1.3,0.8,0.8,3.3,0.3,0.3,1.1,0.8,0.3,0
22,15,1,5,0.3,0.5,0.1,0.6,1.1,0.1,1.7,0.3,0.1,0.2,0
23,15,1,6,0.3,0.5,0.2,0.7,1.3,0.2,2,0.4,0.2,0.2,0
32,15,1,1,0,0.1,0,0.3,0.1,0,0.2,0.2,0.1,0,0
35,15,1,2,0.1,0.1,0,0.5,0.1,0.1,0.3,0.5,0.2,0.1,0
38,15,1,2,0.1,0.1,0,0.5,0.1,0.1,0.3,0.5,0.2,0.1,0
41,15,1,1,0,0.1,0,0.3,0.1,0,0.2,0.2,0.1,0,0
53,15,1,4,0.4,0.4,0.1,0.8,0.7,0.3,0.6,0.4,0.1,0.1,0.1
55,15,1,4,0.4,0.4,0.1,0.8,0.7,0.3,0.6,0.4,0.1,0.1,0.1
56,15,1,2,0.2,0.2,0.1,0.4,0.3,0.2,0.3,0.2,0,0.1,0
62,15,1,5,0.7,0.6,0.5,1,1,0.3,0.3,0.2,0.2,0.2,0
63,15,1,7,1,0.8,0.7,1.4,1.4,0.4,0.4,0.3,0.3,0.3,0
71,15,1,7,0.4,0.9,0.2,1.6,1.2,0.2,0.7,0.5,0.9,0.4,0
72,15,1,4,0.2,0.4,0.3,0.7,0.7,0.2,0.5,0.5,0.4,0.1,0
75,15,1,13,0.8,1.2,0.8,2.3,2.3,0.8,1.6,1.6,1.2,0.4,0
76,15,0,21.5,0,2.5,1,0,7,0,2,7,1,1,0
77,15,1,6,0,0.7,0.3,0.7,1.1,0,1,0.9,1,0.3,0
83,15,1,12,0.3,0.6,1.2,3.1,2.8,0.3,1.2,1.3,0.9,0.3,0
85,15,1,7,0.2,0.4,0.7,1.8,1.6,0.2,0.7,0.7,0.5,0.2,0
90,15,1,19,0.6,4,0.6,5.8,2.3,0,2.3,1.7,1.1,0.6,0
93,15,1,3,0.1,0.1,0.1,0.5,0.8,0.1,0.4,0.6,0.2,0.1,0
94,15,1,2,0.1,0.1,0.1,0.3,0.5,0,0.3,0.4,0.1,0.1,0
96,15,1,9,0.4,0.3,0.2,1.5,2.4,0.2,1.3,1.7,0.6,0.4,0
101,15,1,3,0.1,0.1,0.1,0.5,0.8,0.1,0.4,0.6,0.2,0.1,0
109,15,1,2,0.1,0.1,0.1,0.4,0.4,0,0.2,0.4,0.1,0.2,0
116,15,1,2,0.1,0.1,0,0.1,0.6,0,0.5,0.3,0.1,0.2,0
120,15,1,2,0,0.2,0.2,0.2,0.6,0.1,0.2,0.2,0.1,0.2,0
121,15,1,9,0,1,0.7,1,2.8,0.4,1,1,0.4,0.7,0
4,16,1,4,0,0.1,0.3,0.3,1.1,0.3,0.6,0.7,0.3,0.3,0
6,16,1,3,0,0.1,0.2,0.2,0.9,0.2,0.4,0.6,0.2,0.2,0
8,16,1,6,0.2,0.8,0.4,0.8,1.3,0.1,0.6,1.3,0.1,0.4,0
9,16,1,2,0.1,0.3,0.1,0.3,0.5,0,0.2,0.4,0,0.1,0
11,16,1,7,0.2,0.9,0.4,0.9,1.6,0.2,0.7,1.5,0.2,0.4,0
12,16,1,6,0,0.9,0.5,0.6,2.2,0.2,0.2,0.7,0.5,0.2,0
22,16,1,3,0.2,0.3,0.1,0.3,0.6,0.1,1,0.2,0.1,0.1,0
35,16,1,2,0.1,0.1,0,0.5,0.1,0.1,0.3,0.5,0.2,0.1,0
36,16,1,2,0.1,0.1,0,0.5,0.1,0.1,0.3,0.5,0.2,0.1,0
37,16,1,2,0.1,0.1,0,0.5,0.1,0.1,0.3,0.5,0.2,0.1,0
39,16,1,7,0.4,0.4,0,1.9,0.4,0.2,1.2,1.7,0.6,0.2,0
52,16,1,5,0.5,0.4,0.2,1,0.9,0.4,0.7,0.5,0.1,0.2,0.1
53,16,1,9,0.9,0.8,0.3,1.9,1.5,0.8,1.2,0.9,0.2,0.3,0.2
55,16,1,4,0.4,0.4,0.1,0.8,0.7,0.3,0.6,0.4,0.1,0.1,0.1
59,16,1,7,0.7,0.6,0.2,1.5,1.2,0.6,1,0.7,0.1,0.3,0.1
62,16,1,1,0.2,0.1,0.1,0.2,0.2,0.1,0.1,0,0,0,0
63,16,1,4,0.6,0.5,0.4,0.8,0.8,0.2,0.2,0.2,0.1,0.2,0
75,16,1,5,0.3,0.5,0.3,0.9,0.9,0.3,0.6,0.6,0.5,0.1,0
76,16,1,2,0.1,0.2,0.1,0.4,0.4,0.1,0.2,0.2,0.2,0.1,0
80,16,1,7,0,0.8,0.3,0.8,1.3,0,1.2,1,1.2,0.4,0
81,16,1,10,0,1.2,0.5,1.2,1.9,0,1.7,1.4,1.6,0.5,0
82,16,1,6,0.1,0.3,0.6,1.5,1.4,0.2,0.6,0.6,0.5,0.2,0
91,16,1,2,0.1,0.4,0.1,0.6,0.2,0,0.2,0.2,0.1,0.1,0
94,16,1,2,0.1,0.1,0.1,0.3,0.5,0,0.3,0.4,0.1,0.1,0
99,16,1,4,0.2,0.1,0.1,0.7,1,0.1,0.6,0.8,0.2,0.2,0
103,16,1,4,0,0.6,0,0.5,0.8,0,0.5,1.2,0.2,0.2,0
104,16,1,2,0,0.3,0,0.2,0.4,0,0.3,0.6,0.1,0.1,0
105,16,1,7,0,1,0,0.8,1.5,0,0.8,2.1,0.4,0.4,0
108,16,1,8,0.3,0.7,0.3,1.6,1.7,0,0.8,1.5,0.4,0.7,0
113,16,1,9,0.3,0.4,0.2,0.3,2.7,0,2.1,1.5,0.6,0.9,0
7,17,1,5,0.2,0.6,0.3,0.6,1.2,0.1,0.5,1.1,0.1,0.3,0
8,17,1,1,0.1,0.1,0.1,0.1,0.2,0,0.1,0.2,0,0.1,0
10,17,1,12,0.4,1.5,0.7,1.5,2.7,0.3,1.2,2.6,0.3,0.8,0
11,17,1,6,0.2,0.8,0.4,0.8,1.3,0.1,0.6,1.3,0.1,0.4,0
32,17,1,1,0,0.1,0,0.3,0.1,0,0.2,0.2,0.1,0,0
34,17,1,1,0,0.1,0,0.3,0.1,0,0.2,0.2,0.1,0,0
36,17,1,3,0.2,0.2,0,0.8,0.2,0.1,0.5,0.7,0.2,0.1,0
45,17,1,1,0,0.1,0,0.1,0.2,0.1,0.2,0.3,0,0,0
63,17,1,4,0.6,0.5,0.4,0.8,0.8,0.2,0.2,0.2,0.1,0.2,0
65,17,1,7,1,0.8,0.7,1.4,1.4,0.4,0.4,0.3,0.3,0.3,0
66,17,1,5,0.7,0.6,0.5,1,1,0.3,0.3,0.2,0.2,0.2,0
67,17,1,4,0.2,0.5,0.1,1,0.7,0.1,0.4,0.3,0.5,0.2,0
70,17,1,3,0.1,0.4,0.1,0.7,0.5,0.1,0.3,0.2,0.4,0.2,0
74,17,1,2,0.1,0.2,0.1,0.4,0.4,0.1,0.2,0.2,0.2,0.1,0
76,17,1,5,0.3,0.5,0.3,0.9,0.9,0.3,0.6,0.6,0.5,0.1,0
78,17,1,1,0,0.1,0,0.1,0.2,0,0.2,0.1,0.2,0.1,0
79,17,1,3,0,0.4,0.1,0.4,0.6,0,0.5,0.4,0.5,0.1,0
80,17,1,4,0,0.5,0.2,0.5,0.7,0,0.7,0.6,0.6,0.2,0
81,17,1,2,0,0.2,0.1,0.3,0.4,0,0.3,0.3,0.3,0.1,0
83,17,1,8,0.2,0.4,0.8,2.1,1.9,0.2,0.8,0.8,0.6,0.2,0
88,17,1,3,0.1,0.6,0.1,0.9,0.3,0,0.4,0.3,0.2,0.1,0
106,17,1,4,0,0.6,0,0.5,0.8,0,0.5,1.2,0.2,0.2,0
107,17,1,4,0.2,0.3,0.2,0.8,0.8,0,0.4,0.8,0.2,0.3,0
108,17,1,10,0.4,0.8,0.4,2.1,2.1,0,1,1.9,0.5,0.8,0
109,17,1,5,0.2,0.4,0.2,1,1.1,0,0.5,0.9,0.3,0.4,0
116,17,1,2,0.1,0.1,0,0.1,0.6,0,0.5,0.3,0.1,0.2,0
118,17,1,2,0,0.2,0.2,0.2,0.6,0.1,0.2,0.2,0.1,0.2,0
121,17,1,10,0,1.1,0.8,1.1,3.1,0.4,1.1,1.2,0.4,0.8,0
5,18,1,4,0,0.1,0.3,0.3,1.1,0.3,0.6,0.7,0.3,0.3,0
6,18,1,2,0,0.1,0.1,0.1,0.6,0.1,0.3,0.4,0.1,0.2,0
8,18,1,3,0.1,0.4,0.2,0.4,0.6,0.1,0.3,0.6,0.1,0.2,0
9,18,1,1,0.1,0.1,0.1,0.1,0.2,0,0.1,0.2,0,0.1,0
34,18,1,2,0.1,0.1,0,0.5,0.1,0.1,0.3,0.5,0.2,0.1,0
41,18,1,7,0.4,0.4,0,1.9,0.4,0.2,1.2,1.7,0.6,0.2,0
46,18,1,4,0.1,0.3,0.1,0.4,0.9,0.2,0.9,1,0,0.1,0
54,18,1,1,0.1,0.1,0,0.2,0.2,0.1,0.2,0.1,0,0,0
55,18,1,4,0.4,0.4,0.1,0.8,0.7,0.3,0.6,0.4,0.1,0.1,0.1
56,18,1,1,0.1,0.1,0,0.2,0.2,0.1,0.2,0.1,0,0,0
57,18,1,12,1.2,1,0.4,2.5,2.1,1,1.7,1.3,0.2,0.4,0.2
62,18,1,10,1.4,1.2,1,2,2,0.6,0.6,0.4,0.4,0.4,0
65,18,1,5,0.7,0.6,0.5,1,1,0.3,0.3,0.2,0.2,0.2,0
69,18,1,1,0.1,0.1,0,0.2,0.2,0,0.1,0.1,0.1,0.1,0
70,18,1,2,0.1,0.3,0,0.5,0.4,0,0.2,0.1,0.3,0.1,0
77,18,1,1,0,0.1,0,0.1,0.2,0,0.2,0.1,0.2,0.1,0
79,18,1,4,0,0.5,0.2,0.5,0.7,0,0.7,0.6,0.6,0.2,0
83,18,1,4,0.1,0.2,0.4,1.1,0.9,0.1,0.4,0.4,0.3,0.1,0
84,18,1,2,0,0.1,0.2,0.5,0.5,0,0.2,0.2,0.2,0.1,0
107,18,1,4,0.2,0.3,0.2,0.8,0.8,0,0.4,0.8,0.2,0.3,0
7,19,1,2,0.1,0.1,0.2,0.2,0.3,0,0.5,0.5,0,0.1,0
8,19,1,10,0.5,0.3,1.1,1.1,1.3,0.3,2.7,2.4,0,0.3,0
9,19,1,19,1,0.5,2.1,2.1,2.6,0.5,5.1,4.6,0,0.5,0
28,19,1,6,0.3,0.5,0.2,0.7,1.3,0.2,2,0.4,0.2,0.2,0
34,19,1,2,0.1,0.1,0,0.5,0.1,0.1,0.3,0.5,0.2,0.1,0
40,19,1,3,0.2,0.2,0,0.8,0.2,0.1,0.5,0.7,0.2,0.1,0
43,19,1,6,0.1,0.5,0.1,0.6,1.4,0.3,1.4,1.4,0,0.2,0
47,19,1,2,0,0.2,0,0.2,0.5,0.1,0.5,0.5,0,0,0
54,19,1,1,0.1,0.1,0.1,0.2,0.2,0,0.1,0.1,0,0.1,0
58,19,1,4,0.3,0.1,0.5,0.8,0.7,0,0.3,0.7,0.2,0.4,0
60,19,1,3,0.3,0,0.3,0.6,0.5,0,0.3,0.5,0.2,0.3,0
62,19,1,1,0.1,0.1,0,0.2,0.2,0,0.1,0.1,0.1,0.1,0
69,19,1,3,0.1,0.3,0.4,0.5,0.8,0,0.3,0.5,0.1,0,0
70,19,1,14,0.3,1.5,1.8,2.4,3.5,0,1.5,2.4,0.6,0,0
71,19,1,4,0.1,0.4,0.5,0.7,1,0,0.4,0.7,0.2,0,0
73,19,1,1,0,0.1,0.1,0,0.1,0,0.2,0.4,0.1,0,0
74,19,1,10,0.2,0.9,0.9,0.4,1.3,0,2,3.4,0.7,0.2,0
75,19,1,7,0.1,0.6,0.7,0.3,0.9,0,1.4,2.4,0.5,0.1,0
76,19,1,9,0.2,0.8,0.8,0.3,1.1,0,1.8,3.1,0.7,0.2,0
82,19,1,3,0.2,0.1,0.1,0.4,0.5,0.1,0.5,0.7,0.3,0.1,0
88,19,1,4,0.3,0.4,0.1,0.9,0.7,0.2,0.5,0.5,0.3,0.1,0
93,19,1,7,0.3,0.3,0.2,1.2,1.8,0.2,1,1.3,0.4,0.3,0
98,19,1,1,0,0,0.1,0,0.2,0,0.2,0.4,0,0,0.1
99,19,1,3,0,0,0.3,0.1,0.7,0,0.5,1.2,0,0,0.2
100,19,1,2,0,0,0.2,0.1,0.5,0,0.3,0.8,0,0,0.1
106,19,1,2,0,0.1,0.1,0.2,0.4,0,0.3,0.5,0.1,0.3,0
107,19,1,1,0,0.1,0,0.1,0.2,0,0.1,0.3,0.1,0.1,0
116,19,1,1,0,0.1,0,0,0.3,0,0.2,0.2,0.1,0.1,0
120,19,1,1,0,0.1,0,0,0.3,0,0.2,0.2,0.1,0.1,0
121,19,1,2,0.1,0.1,0,0.1,0.6,0,0.5,0.3,0.1,0.2,0
124,19,1,2,0,0.3,0.2,0.2,0.8,0,0.2,0.2,0,0.1,0
8,20,1,4,0.2,0.1,0.4,0.4,0.6,0.1,1.1,1,0,0.1,0
27,20,1,2,0.1,0.2,0.1,0.2,0.4,0,0.7,0.1,0.1,0.1,0
29,20,1,2,0.1,0.2,0.1,0.2,0.4,0,0.7,0.1,0.1,0.1,0
39,20,1,4,0.2,0.3,0,1.1,0.3,0.1,0.7,0.9,0.3,0.1,0
43,20,1,4,0.1,0.3,0.1,0.4,0.9,0.2,0.9,1,0,0.1,0
52,20,1,2,0.2,0.3,0.1,0.4,0.3,0.1,0.2,0.2,0,0.2,0
54,20,1,3,0.3,0.4,0.2,0.7,0.4,0.1,0.3,0.3,0,0.3,0
58,20,1,1,0.1,0,0.1,0.2,0.2,0,0.1,0.2,0,0.1,0
59,20,1,2,0.2,0,0.2,0.4,0.3,0,0.2,0.4,0.1,0.2,0
60,20,1,7,0.6,0.1,0.8,1.4,1.2,0,0.6,1.2,0.4,0.7,0
70,20,1,4,0.1,0.4,0.5,0.7,1,0,0.4,0.7,0.2,0,0
76,20,1,8,0.1,0.7,0.7,0.3,1,0,1.6,2.8,0.6,0.2,0
77,20,1,11,0.5,1,0.5,2,2,0,1.8,1.3,0.8,1.1,0
79,20,1,3,0.1,0.3,0.1,0.5,0.6,0,0.5,0.4,0.2,0.3,0
83,20,1,2,0.1,0,0,0.3,0.4,0.1,0.4,0.5,0.2,0,0
85,20,1,26,2,0.7,0.7,3.6,4.6,1,4.6,6.2,2.3,0.3,0
86,20,1,1,0.1,0,0,0.1,0.2,0,0.2,0.3,0.1,0,0
88,20,1,2,0.1,0.2,0.1,0.5,0.4,0.1,0.2,0.2,0.1,0.1,0
97,20,1,1,0,0,0.1,0,0.2,0,0.2,0.4,0,0,0.1
98,20,1,3,0,0,0.3,0.1,0.7,0,0.5,1.2,0,0,0.2
103,20,1,1,0,0,0,0.1,0.2,0,0.2,0.3,0,0.2,0
107,20,1,5,0,0.7,0,0.6,1,0,0.6,1.5,0.3,0.3,0
122,20,1,3,0.1,0.4,0.3,0.3,1.1,0.1,0.2,0.3,0,0.2,0
124,20,1,2,0,0.3,0.2,0.2,0.8,0,0.2,0.2,0,0.1,0
125,20,1,1,0,0.1,0.1,0.1,0.4,0,0.1,0.1,0,0.1,0
2,21,1,2,0.3,0.3,0,0.5,0.3,0.1,0.1,0.2,0.1,0.1,0
5,21,1,4,0.6,0.6,0.1,1,0.5,0.2,0.2,0.3,0.3,0.2,0
6,21,1,5,0.7,0.7,0.2,1.3,0.7,0.2,0.2,0.4,0.4,0.2,0
8,21,1,2,0.1,0.1,0.2,0.2,0.3,0,0.5,0.5,0,0.1,0
13,21,1,4,0,0.6,0.4,0.4,1.4,0.1,0.1,0.5,0.4,0.1,0
35,21,1,8,0.5,0.5,0,2.1,0.5,0.2,1.4,1.9,0.6,0.3,0
36,21,1,2,0.1,0.1,0,0.5,0.1,0.1,0.3,0.5,0.2,0.1,0
43,21,1,2,0,0.2,0,0.2,0.5,0.1,0.5,0.5,0,0,0
45,21,1,3,0.1,0.2,0.1,0.3,0.7,0.1,0.7,0.7,0,0.1,0
54,21,1,6,0.7,0.8,0.3,1.4,0.9,0.2,0.5,0.7,0,0.5,0
55,21,1,4,0.5,0.6,0.2,0.9,0.6,0.1,0.3,0.5,0,0.3,0
58,21,1,1,0.1,0,0.1,0.2,0.2,0,0.1,0.2,0,0.1,0
61,21,1,2,0.2,0,0.2,0.4,0.3,0,0.2,0.4,0.1,0.2,0
69,21,1,4,0.1,0.4,0.5,0.7,1,0,0.4,0.7,0.2,0,0
70,21,1,4,0.1,0.4,0.5,0.7,1,0,0.4,0.7,0.2,0,0
76,21,1,10,0.2,0.9,0.9,0.4,1.3,0,2,3.4,0.7,0.2,0
77,21,1,10,0.5,0.9,0.5,1.8,1.8,0,1.6,1.2,0.7,1,0
78,21,1,25,1.1,2.2,1.1,4.5,4.5,0,4.1,3,1.9,2.6,0
84,21,1,3,0.2,0.1,0.1,0.4,0.5,0.1,0.5,0.7,0.3,0.1,0
86,21,0,57,0,6,5,8,11,0,13,8,2,4,0
87,21,1,20,1.4,1.9,0.5,4.8,3.8,0.9,2.4,2.4,1.4,0.5,0
88,21,1,7,0.5,0.7,0.2,1.7,1.3,0.3,0.8,0.8,0.5,0.2,0
89,21,1,1,0.1,0.1,0,0.2,0.2,0.1,0.1,0.1,0.1,0,0
90,21,1,3,0.2,0.3,0.1,0.7,0.6,0.1,0.3,0.4,0.2,0.1,0
98,21,1,5,0,0,0.5,0.2,1.2,0,0.8,2,0,0,0.3
102,21,1,4,0.1,0.2,0.1,0.5,0.7,0,0.6,1,0.2,0.6,0
103,21,1,5,0.1,0.2,0.1,0.6,0.9,0,0.8,1.3,0.2,0.8,0
104,21,0,28,2,0,2,7,3,0,9,4,1,0,0
105,21,0,28,3,1,1,5,4,0,7,5,2,0,0
106,21,1,7,0.2,0.3,0.2,0.8,1.3,0,1.1,1.7,0.3,1.1,0
107,21,1,8,0,1.2,0,0.9,1.6,0,0.9,2.4,0.5,0.5,0
111,21,1,1,0,0.1,0,0.1,0.2,0,0.1,0.3,0.1,0.1,0
120,21,1,3,0.1,0.2,0,0.1,0.9,0,0.7,0.5,0.2,0.3,0
5,22,1,26,3.8,3.8,0.8,6.5,3.4,1.1,1.2,2.3,1.9,1.2,0
6,22,1,11,1.6,1.6,0.3,2.7,1.5,0.5,0.5,1,0.8,0.5,0
13,22,1,1,0,0.2,0.1,0.1,0.4,0,0,0.1,0.1,0,0
14,22,1,2,0,0.3,0.2,0.2,0.7,0,0.1,0.2,0.2,0.1,0
26,22,1,1,0.1,0.1,0,0.1,0.2,0,0.4,0.1,0,0,0
28,22,1,3,0.2,0.3,0.1,0.3,0.6,0.1,1,0.2,0.1,0.1,0
30,22,1,3,0.2,0.3,0.1,0.3,0.6,0.1,1,0.2,0.1,0.1,0
36,22,1,2,0.1,0.1,0,0.5,0.1,0.1,0.3,0.5,0.2,0.1,0
43,22,1,5,0.1,0.4,0.1,0.5,1.1,0.3,1.2,1.2,0,0.1,0
49,22,1,2,0,0.2,0,0.2,0.5,0.1,0.5,0.5,0,0,0
54,22,1,3,0.3,0.4,0.2,0.7,0.4,0.1,0.3,0.3,0,0.3,0
55,22,1,6,0.7,0.8,0.3,1.4,0.9,0.2,0.5,0.7,0,0.5,0
56,22,1,5,0.6,0.7,0.3,1.1,0.7,0.2,0.4,0.6,0,0.4,0
58,22,1,2,0.2,0,0.2,0.4,0.3,0,0.2,0.4,0.1,0.2,0
59,22,1,2,0.2,0,0.2,0.4,0.3,0,0.2,0.4,0.1,0.2,0
60,22,1,6.5,0.5,0.1,0.7,1.3,1.1,0,0.6,1.1,0.4,0.7,0
62,22,1,1,0.1,0.1,0,0.2,0.2,0,0.1,0.1,0.1,0.1,0
66,22,1,5,0.3,0.6,0.1,1.2,0.9,0.1,0.5,0.4,0.6,0.3,0
68,22,1,4,0.1,0.4,0.5,0.7,1,0,0.4,0.7,0.2,0,0
71,22,1,3,0.1,0.3,0.4,0.5,0.8,0,0.3,0.5,0.1,0,0
72,22,1,2,0,0.2,0.2,0.1,0.3,0,0.4,0.7,0.1,0,0
76,22,1,3,0,0.3,0.3,0.1,0.4,0,0.6,1,0.2,0.1,0
77,22,0,46,0,4,4,3,11,1,7,9,0,7,0
78,22,1,7,0.3,0.6,0.3,1.3,1.3,0,1.2,0.8,0.5,0.7,0
79,22,1,4,0.2,0.4,0.2,0.7,0.7,0,0.6,0.5,0.3,0.4,0
80,22,1,2,0.1,0.2,0.1,0.4,0.4,0,0.3,0.2,0.1,0.2,0
82,22,1,3,0.2,0.1,0.1,0.4,0.5,0.1,0.5,0.7,0.3,0.1,0
83,22,1,8,0.6,0.2,0.2,1.1,1.4,0.3,1.4,2,0.7,0.1,0
84,22,1,5,0.4,0.1,0.1,0.7,0.9,0.2,0.9,1.2,0.4,0.1,0
86,22,1,7,0.5,0.2,0.2,1,1.2,0.3,1.2,1.7,0.6,0.1,0
87,22,1,2,0.1,0.2,0.1,0.5,0.4,0.1,0.2,0.2,0.1,0.1,0
96,22,1,2,0.1,0.1,0.1,0.3,0.5,0,0.3,0.4,0.1,0.1,0
101,22,1,5,0,0,0.5,0.2,1.2,0,0.8,2,0,0,0.3
102,22,1,2,0,0.1,0.1,0.2,0.4,0,0.3,0.5,0.1,0.3,0
104,22,1,14,0.3,0.7,0.3,1.6,2.6,0,2.2,3.5,0.6,2.2,0
105,22,0,72,3,9,4,11,13,2,9,10,5,6,0
106,22,0,48.5,2.5,4.5,4,8,8,0,7,6,4.5,4,0
107,22,1,2,0,0.3,0,0.2,0.4,0,0.3,0.6,0.1,0.1,0
121,22,1,1,0,0.1,0,0,0.3,0,0.2,0.2,0.1,0.1,0
122,22,1,3,0.1,0.4,0.3,0.3,1.1,0.1,0.2,0.3,0,0.2,0
2,23,1,2,0.3,0.3,0,0.5,0.3,0.1,0.1,0.2,0.1,0.1,0
4,23,1,4,0.6,0.6,0.1,1,0.5,0.2,0.2,0.3,0.3,0.2,0
5,23,1,14,2.1,2.1,0.4,3.5,1.9,0.6,0.6,1.2,1,0.6,0
21,23,1,1,0,0.2,0.1,0.1,0.4,0,0,0.1,0.1,0,0
33,23,1,1,0,0.1,0,0.3,0.1,0,0.2,0.2,0.1,0,0
34,23,1,1,0,0.1,0,0.3,0.1,0,0.2,0.2,0.1,0,0
36,23,1,4,0.2,0.3,0,1.1,0.3,0.1,0.7,0.9,0.3,0.1,0
49,23,1,1,0,0.1,0,0.1,0.2,0.1,0.2,0.3,0,0,0
55,23,1,4,0.5,0.6,0.2,0.9,0.6,0.1,0.3,0.5,0,0.3,0
56,23,1,1,0.1,0.1,0.1,0.2,0.2,0,0.1,0.1,0,0.1,0
57,23,1,11,0.9,0.2,1.2,2.2,1.9,0,0.9,1.9,0.7,1.1,0
58,23,1,6.5,0.5,0.1,0.7,1.3,1.1,0,0.6,1.1,0.4,0.7,0
59,23,1,1,0.1,0,0.1,0.2,0.2,0,0.1,0.2,0,0.1,0
60,23,1,10,0.8,0.2,1.1,2,1.7,0,0.9,1.7,0.6,1,0
62,23,1,6,0.3,0.8,0.1,1.4,1.1,0.1,0.6,0.5,0.8,0.3,0
63,23,1,2,0.1,0.3,0,0.5,0.4,0,0.2,0.1,0.3,0.1,0
64,23,1,2,0.1,0.3,0,0.5,0.4,0,0.2,0.1,0.3,0.1,0
65,23,1,4,0.2,0.5,0.1,1,0.7,0.1,0.4,0.3,0.5,0.2,0
68,23,1,4,0.1,0.4,0.5,0.7,1,0,0.4,0.7,0.2,0,0
71,23,1,3,0.1,0.3,0.4,0.5,0.8,0,0.3,0.5,0.1,0,0
72,23,1,3,0,0.3,0.3,0.1,0.4,0,0.6,1,0.2,0.1,0
75,23,1,2,0,0.2,0.2,0.1,0.3,0,0.4,0.7,0.1,0,0
76,23,0,34,2,2,0,7,4,0,2,9,3,5,0
77,23,0,25,1,2,0,9,0,1,3,4,1,4,0
78,23,1,5,0.2,0.5,0.2,0.9,0.9,0,0.8,0.6,0.4,0.5,0
83,23,1,10,0.8,0.2,0.2,1.4,1.8,0.4,1.8,2.4,0.9,0.1,0
84,23,1,2,0.1,0,0,0.3,0.4,0.1,0.4,0.5,0.2,0,0
85,23,1,5,0.4,0.1,0.1,0.7,0.9,0.2,0.9,1.2,0.4,0.1,0
86,23,1,4,0.3,0.1,0.1,0.6,0.7,0.1,0.7,1,0.4,0,0
87,23,1,3,0.2,0.3,0.1,0.7,0.6,0.1,0.3,0.4,0.2,0.1,0
93,23,1,1,0,0,0,0.2,0.3,0,0.1,0.2,0.1,0.1,0
95,23,1,3,0.1,0.1,0.1,0.5,0.8,0.1,0.4,0.6,0.2,0.1,0
96,23,1,1,0,0,0,0.2,0.3,0,0.1,0.2,0.1,0.1,0
104,23,1,1,0,0,0,0.1,0.2,0,0.2,0.3,0,0.2,0
105,23,1,8,0.2,0.4,0.2,0.9,1.4,0,1.3,2,0.3,1.3,0
112,23,1,2,0.1,0.1,0,0.1,0.6,0,0.5,0.3,0.1,0.2,0
117,23,1,5,0.2,0.2,0.1,0.2,1.5,0,1.2,0.8,0.3,0.5,0
119,23,1,2,0.1,0.1,0,0.1,0.6,0,0.5,0.3,0.1,0.2,0
123,23,1,1,0,0.1,0.1,0.1,0.4,0,0.1,0.1,0,0.1,0
2,24,1,3,0.1,0.2,0.3,0.4,1,0.1,0.2,0.4,0.2,0.1,0
4,24,1,11,0.3,0.6,1.1,1.4,3.8,0.6,0.9,1.4,0.6,0.3,0
5,24,1,6,0.2,0.3,0.6,0.8,2,0.3,0.5,0.8,0.3,0.2,0
10,24,1,4,0.2,0.4,0.1,1,0.5,0.3,0.5,0.5,0.1,0.4,0
11,24,1,1,0.1,0.1,0,0.3,0.1,0.1,0.1,0.1,0,0.1,0
13,24,1,2,0,0.3,0.2,0.2,0.4,0,0,0.7,0.1,0.1,0
29,24,1,1,0,0.1,0,0.2,0.2,0,0.2,0.1,0.1,0.1,0
31,24,1,3,0.1,0.3,0,0.7,0.5,0.1,0.5,0.3,0.3,0.2,0
35,24,1,3,0.2,0.4,0.1,0.6,0.6,0.1,0.2,0.4,0.3,0.1,0
36,24,1,4,0.3,0.5,0.2,0.8,0.8,0.1,0.2,0.5,0.4,0.2,0
37,24,1,3,0.2,0.2,0,0.4,0.5,0,0.6,0.7,0.2,0.2,0
38,24,1,5,0.2,0.4,0.1,0.7,0.7,0.1,1,1.2,0.3,0.3,0
41,24,1,1,0.1,0.1,0,0.1,0.1,0,0.2,0.2,0.1,0.1,0
55,24,1,3,0.1,0.5,0.2,0.5,0.8,0,0.4,0.3,0.2,0,0
57,24,1,7,0.6,0.5,0.3,1.2,1.6,0.6,1.3,0.3,0,0.6,0
59,24,1,1,0.1,0.1,0,0.2,0.2,0.1,0.2,0,0,0.1,0
62,24,1,3,0.2,0.2,0.1,0.8,0.5,0.1,0.4,0.5,0.1,0.1,0
63,24,1,10,0.6,0.7,0.4,2.5,1.7,0.4,1.4,1.7,0.3,0.3,0
64,24,1,19,1.2,1.3,0.7,4.8,3.1,0.8,2.7,3.3,0.5,0.6,0
65,24,1,3,0.2,0.2,0.1,0.8,0.5,0.1,0.4,0.5,0.1,0.1,0
66,24,1,21,1.3,1.5,0.7,5.3,3.5,0.8,3,3.6,0.6,0.7,0
75,24,1,10,0.5,1.3,0,2.1,2.6,0.5,1.1,1.1,0.8,0,0
76,24,0,21,0,2,1,5,4,1,5,3,0,0,0
77,24,1,69.5,2.9,5.4,7.2,8.7,15.1,0.7,8.7,10.8,5,4.3,0.7
85,24,1,2,0.1,0.2,0,0.2,0.3,0,0.4,0.6,0.1,0.1,0
86,24,1,16,0.6,1.3,0.3,1.7,2.6,0,2.8,4.6,1,1.1,0
87,24,1,5,0.1,0.6,0.5,0.6,1.3,0.1,1.1,0.6,0.1,0,0
89,24,1,3,0.1,0.3,0.3,0.3,0.8,0.1,0.6,0.4,0.1,0,0
93,24,1,3,0.1,0.2,0.2,0.2,0.6,0,0.8,0.5,0.2,0.2,0
94,24,1,4,0.1,0.3,0.3,0.3,0.8,0,1.1,0.6,0.2,0.3,0
102,24,1,4,0.2,0.3,0.4,0.4,0.6,0.1,0.5,0.9,0.4,0.2,0
105,24,1,2,0.1,0.2,0.2,0.2,0.3,0.1,0.2,0.4,0.2,0.1,0
106,24,1,11,0.7,0.9,1,1.2,1.6,0.3,1.4,2.4,1,0.5,0
107,24,1,3,0.1,0.6,0.2,0.3,1,0,0.2,0.3,0.1,0.2,0
111,24,1,14,0.3,2.8,0.9,1.2,4.9,0,0.9,1.5,0.6,0.9,0
112,24,1,5,0.1,0.2,0.4,0.6,1,0.2,0.8,1.1,0.1,0.5,0
118,24,1,2,0.1,0.1,0.1,0.2,0.4,0.1,0.3,0.4,0.1,0.2,0
120,24,1,2,0.1,0.1,0.1,0.2,0.4,0.1,0.3,0.4,0.1,0.2,0
121,24,1,6,0.2,0.2,0.4,0.8,1.2,0.2,0.9,1.3,0.2,0.6,0
122,24,1,4,0,0.3,0,0.4,0.8,0,0.9,0.9,0.1,0.5,0.1
123,24,1,3,0,0.2,0,0.3,0.6,0,0.6,0.7,0.1,0.4,0.1
4,25,1,5,0.1,0.3,0.5,0.6,1.7,0.3,0.4,0.7,0.3,0.1,0
11,25,1,5,0.3,0.5,0.2,1.2,0.6,0.3,0.6,0.6,0.2,0.5,0
12,25,1,4,0,0.7,0.4,0.5,0.7,0,0,1.4,0.2,0.1,0
14,25,1,2,0,0.3,0.2,0.2,0.4,0,0,0.7,0.1,0.1,0
15,25,1,5,0,0.8,0.6,0.6,0.9,0,0,1.7,0.3,0.1,0
16,25,1,10,0,1.7,1.1,1.2,1.7,0,0,3.4,0.6,0.3,0
17,25,1,1,0.1,0.1,0,0.2,0.1,0,0.1,0.3,0,0.1,0
18,25,1,4,0.3,0.3,0.1,0.8,0.5,0.2,0.3,1,0.2,0.3,0
23,25,1,4,0.1,0.3,0.2,0.3,0.3,0,1.8,0.6,0,0.4,0
35,25,1,4,0.3,0.5,0.2,0.8,0.8,0.1,0.2,0.5,0.4,0.2,0
36,25,1,13,1.1,1.7,0.6,2.6,2.6,0.4,0.7,1.5,1.2,0.6,0
37,25,1,20,1,1.6,0.3,2.9,2.9,0.3,4,4.8,1.1,1.1,0
38,25,1,2,0.1,0.2,0,0.3,0.3,0,0.4,0.5,0.1,0.1,0
41,25,1,5,0.2,0.4,0.1,0.7,0.7,0.1,1,1.2,0.3,0.3,0
46,25,1,2,0.2,0.2,0.2,0.4,0.4,0,0.2,0.2,0,0.2,0
47,25,1,1,0.1,0.1,0.1,0.2,0.2,0,0.1,0.1,0,0.1,0
49,25,1,3,0.3,0.2,0.3,0.6,0.6,0,0.3,0.3,0.1,0.3,0
50,25,1,3,0.3,0.2,0.3,0.6,0.6,0,0.3,0.3,0.1,0.3,0
56,25,1,1,0,0.2,0.1,0.2,0.3,0,0.1,0.1,0,0,0
59,25,1,2,0.2,0.1,0.1,0.3,0.4,0.2,0.4,0.1,0,0.2,0
61,25,1,3,0.3,0.2,0.1,0.5,0.7,0.3,0.5,0.1,0,0.3,0
62,25,1,1,0.1,0.1,0,0.3,0.2,0,0.1,0.2,0,0,0
63,25,1,13,0.8,0.9,0.5,3.3,2.1,0.5,1.8,2.3,0.4,0.4,0
64,25,0,64,5,8,5,8,12,1,6,10,6,3,0
65,25,0,32,3,1,0,6,4,1.5,3,7,1.5,5,0
66,25,1,6,0.4,0.4,0.2,1.5,1,0.2,0.9,1,0.2,0.2,0
67,25,1,2,0,0.2,0.3,0.1,0.6,0,0.6,0.1,0,0.1,0
68,25,1,3,0,0.2,0.5,0.1,0.9,0.1,0.9,0.1,0.1,0.1,0
69,25,1,2,0,0.2,0.3,0.1,0.6,0,0.6,0.1,0,0.1,0
70,25,1,2,0,0.2,0.3,0.1,0.6,0,0.6,0.1,0,0.1,0
71,25,1,4,0,0.3,0.6,0.2,1.2,0.1,1.2,0.1,0.1,0.2,0
75,25,1,9,0.5,1.2,0,1.9,2.4,0.5,0.9,0.9,0.7,0,0
76,25,1,1,0,0.1,0,0.2,0.3,0.1,0.1,0.1,0.1,0,0
77,25,1,1,0,0.1,0.1,0.1,0.2,0,0.1,0.2,0.1,0.1,0
78,25,1,2,0.1,0.2,0.2,0.3,0.4,0,0.3,0.3,0.1,0.1,0
82,25,1,6,0.2,0.5,0.1,0.6,1,0,1.1,1.7,0.4,0.4,0
86,25,1,3,0.1,0.2,0.1,0.3,0.5,0,0.5,0.9,0.2,0.2,0
87,25,1,6,0.1,0.7,0.6,0.7,1.5,0.2,1.3,0.7,0.2,0,0
88,25,1,8,0.1,0.9,0.8,0.9,2.1,0.3,1.7,0.9,0.3,0,0
89,25,1,2,0.1,0.2,0.2,0.2,0.5,0.1,0.4,0.2,0.1,0,0
93,25,1,1,0,0.1,0.1,0.1,0.2,0,0.3,0.1,0,0.1,0
94,25,1,5,0.1,0.4,0.4,0.4,1,0,1.3,0.8,0.2,0.4,0
98,25,1,1,0,0.1,0.1,0.1,0.2,0,0.3,0.1,0,0.1,0
110,25,1,1,0,0.2,0.1,0.1,0.3,0,0.1,0.1,0,0.1,0
111,25,1,4,0.1,0.8,0.2,0.3,1.4,0,0.3,0.4,0.2,0.3,0
112,25,1,2,0.1,0.1,0.1,0.2,0.4,0.1,0.3,0.4,0.1,0.2,0
119,25,1,1,0,0,0.1,0.1,0.2,0.1,0.2,0.2,0,0.1,0
120,25,1,4,0.1,0.1,0.3,0.5,0.8,0.2,0.6,0.9,0.1,0.4,0
121,25,1,7,0.2,0.2,0.5,0.9,1.4,0.3,1.1,1.5,0.2,0.7,0
2,26,1,2,0,0.1,0.2,0.3,0.7,0.1,0.2,0.3,0.1,0,0
6,26,1,4,0.1,0.2,0.4,0.5,1.4,0.2,0.3,0.6,0.2,0.1,0
7,26,1,7,0.4,0.7,0.2,1.7,0.9,0.4,0.9,0.9,0.2,0.7,0
11,26,1,6,0.4,0.6,0.2,1.5,0.7,0.4,0.7,0.7,0.2,0.6,0
12,26,1,5,0,0.8,0.6,0.6,0.9,0,0,1.7,0.3,0.1,0
15,26,1,1,0,0.2,0.1,0.1,0.2,0,0,0.3,0.1,0,0
21,26,1,3,0.2,0.2,0.1,0.6,0.4,0.1,0.2,0.8,0.2,0.2,0
22,26,1,2,0.1,0.1,0.1,0.1,0.2,0,0.9,0.3,0,0.2,0
24,26,1,2,0.1,0.1,0.1,0.1,0.2,0,0.9,0.3,0,0.2,0
25,26,1,3,0.1,0.2,0.1,0.2,0.2,0,1.3,0.5,0,0.4,0
26,26,1,2,0.1,0.1,0.1,0.1,0.2,0,0.9,0.3,0,0.2,0
29,26,1,1,0,0.1,0,0.2,0.2,0,0.2,0.1,0.1,0.1,0
30,26,1,1,0,0.1,0,0.2,0.2,0,0.2,0.1,0.1,0.1,0
31,26,1,13,0.6,1.4,0,3.2,2,0.6,2,1.2,1.1,0.9,0
32,26,1,27,2.2,3.4,1.3,5.5,5.3,0.9,1.6,3.1,2.4,1.3,0
33,26,1,22,1.8,2.8,1,4.5,4.3,0.7,1.3,2.6,2,1,0
34,26,0,35,2,3,4,6,7,3,7,0,1,2,0
35,26,1,33,2.7,4.2,1.5,6.7,6.5,1.1,1.9,3.9,3,1.5,0
36,26,1,11,0.9,1.4,0.5,2.2,2.2,0.4,0.6,1.3,1,0.5,0
37,26,0,78,4,3.5,1,12,10,0,13,20,6.5,8,0
38,26,0,33,1,0,0,6,3,1,10,10,0,2,0
39,26,1,16,0.9,1.3,0.2,2.3,2.3,0.2,3.2,3.8,0.9,0.9,0
40,26,1,1,0.1,0.1,0,0.1,0.1,0,0.2,0.2,0.1,0.1,0
41,26,1,3,0.2,0.2,0,0.4,0.5,0,0.6,0.7,0.2,0.2,0
43,26,1,5,0.5,0.4,0.4,1,1,0,0.6,0.6,0.1,0.4,0
45,26,1,2,0.2,0.2,0.2,0.4,0.4,0,0.2,0.2,0,0.2,0
49,26,1,3,0.3,0.2,0.3,0.6,0.6,0,0.3,0.3,0.1,0.3,0
55,26,1,1,0,0.2,0.1,0.2,0.3,0,0.1,0.1,0,0,0
59,26,1,4,0.3,0.3,0.2,0.7,0.9,0.3,0.7,0.2,0,0.4,0
62,26,1,13,0.8,0.9,0.5,3.3,2.1,0.5,1.8,2.3,0.4,0.4,0
63,26,0,34,0,4,5,4,11,1,3,4,2,0,0
64,26,0,33,4,3,1,10,6,1,4,3,1,0,0
65,26,0,52,4,1.5,7.5,13,6,2,4,9,1,4,0
66,26,1,10,0.6,0.7,0.4,2.5,1.7,0.4,1.4,1.7,0.3,0.3,0
67,26,1,12,0,1,1.9,0.6,3.5,0.3,3.5,0.3,0.3,0.6,0
70,26,1,3,0,0.2,0.5,0.1,0.9,0.1,0.9,0.1,0.1,0.1,0
74,26,1,5,0.3,0.7,0,1,1.3,0.3,0.5,0.5,0.4,0,0
76,26,1,2,0.1,0.3,0,0.4,0.5,0.1,0.2,0.2,0.2,0,0
77,26,1,3,0.1,0.2,0.3,0.4,0.7,0,0.4,0.5,0.2,0.2,0
87,26,1,15,0.3,1.7,1.5,1.7,3.9,0.5,3.2,1.7,0.5,0,0
88,26,1,10,0.2,1.1,1,1.2,2.6,0.3,2.1,1.2,0.3,0,0
95,26,1,2,0,0.1,0.2,0.2,0.4,0,0.5,0.3,0.1,0.2,0
106,26,1,11,0.7,0.9,1,1.2,1.6,0.3,1.4,2.4,1,0.5,0
107,26,1,4,0.1,0.8,0.2,0.3,1.4,0,0.3,0.4,0.2,0.3,0
117,26,1,3,0.1,0.1,0.2,0.4,0.6,0.1,0.5,0.6,0.1,0.3,0
119,26,1,2,0.1,0.1,0.1,0.2,0.4,0.1,0.3,0.4,0.1,0.2,0
120,26,1,18,0.5,0.5,1.3,2.3,3.6,0.8,2.8,3.9,0.5,1.8,0
121,26,0,37,1,4,1,5,3,1,1,15,2,4,0
122,26,1,6,0,0.4,0,0.6,1.2,0,1.3,1.3,0.2,0.8,0.2
6,27,1,4,0.1,0.2,0.4,0.5,1.4,0.2,0.3,0.6,0.2,0.1,0
15,27,1,5,0,0.8,0.6,0.6,0.9,0,0,1.7,0.3,0.1,0
19,27,1,4,0.3,0.3,0.1,0.8,0.5,0.2,0.3,1,0.2,0.3,0
21,27,1,2,0.1,0.1,0.1,0.4,0.2,0.1,0.2,0.5,0.1,0.2,0
25,27,1,2,0.1,0.1,0.1,0.1,0.2,0,0.9,0.3,0,0.2,0
27,27,1,1,0,0.1,0,0.2,0.2,0,0.2,0.1,0.1,0.1,0
28,27,1,5,0.2,0.6,0,1.2,0.8,0.2,0.8,0.5,0.4,0.3,0
29,27,1,6,0.3,0.7,0,1.5,0.9,0.3,0.9,0.5,0.5,0.4,0
31,27,1,2,0.1,0.2,0,0.5,0.3,0.1,0.3,0.2,0.2,0.1,0
32,27,0,23,0,2,0,1,3,0,4,9,1,3,0
33,27,0,42,4,3,2,10,8,1,3,7,4,0,0
34,27,0,40,1,8,1,8,9,2,1,3,4,3,0
35,27,1,19,1.5,2.4,0.9,3.9,3.8,0.6,1.1,2.2,1.7,0.9,0
36,27,1,3,0.2,0.4,0.1,0.6,0.6,0.1,0.2,0.4,0.3,0.1,0
37,27,0,86,3,8,6,16,18,3,2,15,6,9,0
38,27,1,9,0.5,0.7,0.1,1.3,1.3,0.1,1.8,2.2,0.5,0.5,0
39,27,1,4,0.2,0.3,0.1,0.6,0.6,0,0.8,1,0.2,0.2,0
42,27,1,4,0.4,0.3,0.3,0.8,0.8,0,0.5,0.5,0.1,0.3,0
55,27,1,6,0.2,1,0.5,1,1.7,0,0.7,0.6,0.3,0,0
56,27,1,4,0.2,0.6,0.3,0.7,1.1,0,0.5,0.4,0.2,0,0
59,27,1,1.5,0.1,0.1,0.1,0.3,0.3,0.1,0.3,0.1,0,0.1,0
62,27,1,10,0.6,0.7,0.4,2.5,1.7,0.4,1.4,1.7,0.3,0.3,0
63,27,1,6,0.4,0.4,0.2,1.5,1,0.2,0.9,1,0.2,0.2,0
64,27,1,3,0.2,0.2,0.1,0.8,0.5,0.1,0.4,0.5,0.1,0.1,0
66,27,0,23.5,0,4.5,2,1,8,0,5,0,0,3,0
70,27,1,1,0,0.1,0.2,0,0.3,0,0.3,0,0,0.1,0
75,27,1,6,0.3,0.8,0,1.3,1.6,0.3,0.6,0.6,0.5,0,0
77,27,1,10,0.4,0.8,1,1.2,2.2,0.1,1.3,1.6,0.7,0.6,0.1
81,27,1,4,0.2,0.3,0.4,0.5,0.9,0,0.5,0.6,0.3,0.3,0
85,27,1,6,0.2,0.5,0.1,0.6,1,0,1.1,1.7,0.4,0.4,0
87,27,1,3,0.1,0.3,0.3,0.3,0.8,0.1,0.6,0.4,0.1,0,0
88,27,1,6,0.1,0.7,0.6,0.7,1.5,0.2,1.3,0.7,0.2,0,0
99,27,1,2,0,0.1,0.2,0.2,0.4,0,0.5,0.3,0.1,0.2,0
104,27,1,2,0.1,0.2,0.2,0.2,0.3,0.1,0.2,0.4,0.2,0.1,0
105,27,1,7,0.4,0.5,0.7,0.8,1,0.2,0.9,1.5,0.7,0.3,0
106,27,1,7,0.4,0.5,0.7,0.8,1,0.2,0.9,1.5,0.7,0.3,0
110,27,1,1,0,0.2,0.1,0.1,0.3,0,0.1,0.1,0,0.1,0
111,27,1,3,0.1,0.6,0.2,0.3,1,0,0.2,0.3,0.1,0.2,0
120,27,1,5,0.1,0.2,0.4,0.6,1,0.2,0.8,1.1,0.1,0.5,0
121,27,0,36,3,2,3,7,5,1,3,6,6,0,0
122,27,1,8,0,0.5,0,0.8,1.5,0,1.8,1.8,0.3,1,0.3
4,28,1,3,0.1,0.2,0.3,0.4,1,0.1,0.2,0.4,0.2,0.1,0
8,28,1,3,0.2,0.3,0.1,0.7,0.3,0.2,0.4,0.4,0.1,0.3,0
9,28,1,6,0.4,0.6,0.2,1.5,0.7,0.4,0.7,0.7,0.2,0.6,0
14,28,1,1,0,0.2,0.1,0.1,0.2,0,0,0.3,0.1,0,0
19,28,1,2,0.1,0.1,0.1,0.4,0.2,0.1,0.2,0.5,0.1,0.2,0
30,28,1,5,0.2,0.6,0,1.2,0.8,0.2,0.8,0.5,0.4,0.3,0
31,28,1,7,0.3,0.8,0,1.7,1.1,0.3,1.1,0.6,0.6,0.5,0
32,28,0,55.5,2,13.5,4,4,18,0,5,4,5,0,0
33,28,1,17,1.4,2.2,0.8,3.4,3.4,0.5,1,2,1.5,0.8,0
34,28,1,3,0.2,0.4,0.1,0.6,0.6,0.1,0.2,0.4,0.3,0.1,0
35,28,1,13,1.1,1.7,0.6,2.6,2.6,0.4,0.7,1.5,1.2,0.6,0
38,28,1,2,0.1,0.2,0,0.3,0.3,0,0.4,0.5,0.1,0.1,0
39,28,1,4,0.2,0.3,0.1,0.6,0.6,0,0.8,1,0.2,0.2,0
61,28,1,4,0.3,0.3,0.2,0.7,0.9,0.3,0.7,0.2,0,0.4,0
62,28,1,3,0.2,0.2,0.1,0.8,0.5,0.1,0.4,0.5,0.1,0.1,0
65,28,1,4,0.2,0.3,0.1,1,0.7,0.2,0.6,0.7,0.1,0.1,0
66,28,1,2,0.1,0.1,0.1,0.5,0.3,0.1,0.3,0.3,0.1,0.1,0
67,28,1,4,0,0.3,0.6,0.2,1.2,0.1,1.2,0.1,0.1,0.2,0
68,28,1,5,0,0.4,0.8,0.3,1.4,0.1,1.5,0.1,0.1,0.3,0
72,28,1,5,0.3,0.7,0,1,1.3,0.3,0.5,0.5,0.4,0,0
81,28,1,7,0.3,0.5,0.7,0.9,1.5,0.1,0.9,1.1,0.5,0.4,0.1
82,28,1,1,0,0.1,0,0.1,0.1,0,0.2,0.3,0.1,0.1,0
85,28,1,2,0.1,0.2,0,0.2,0.3,0,0.4,0.6,0.1,0.1,0
86,28,1,2,0.1,0.2,0,0.2,0.3,0,0.4,0.6,0.1,0.1,0
87,28,1,3,0.1,0.3,0.3,0.3,0.8,0.1,0.6,0.4,0.1,0,0
101,28,1,4,0.1,0.3,0.3,0.3,0.8,0,1.1,0.6,0.2,0.3,0
103,28,1,3,0.2,0.2,0.3,0.3,0.4,0.1,0.4,0.7,0.3,0.1,0
105,28,1,7,0.4,0.5,0.7,0.8,1,0.2,0.9,1.5,0.7,0.3,0
106,28,1,10,0.6,0.8,0.9,1.1,1.4,0.3,1.3,2.2,0.9,0.5,0
107,28,1,6,0.1,1.2,0.4,0.5,2.1,0,0.4,0.6,0.3,0.4,0
109,28,1,5,0.1,1,0.3,0.4,1.8,0,0.3,0.6,0.2,0.3,0
110,28,1,5,0.1,1,0.3,0.4,1.8,0,0.3,0.6,0.2,0.3,0
113,28,1,1,0,0,0.1,0.1,0.2,0.1,0.2,0.2,0,0.1,0
120,28,1,3,0.1,0.1,0.2,0.4,0.6,0.1,0.5,0.6,0.1,0.3,0
122,28,1,5,0,0.3,0,0.5,1,0,1.1,1.1,0.2,0.6,0.2
123,28,1,2,0,0.1,0,0.2,0.4,0,0.4,0.4,0.1,0.3,0.1
124,28,1,1,0,0.1,0,0.1,0.2,0,0.2,0.2,0,0.1,0.1
126,28,1,2,0,0.1,0,0.2,0.4,0,0.4,0.4,0.1,0.3,0.1
4,29,1,1,0,0.1,0.1,0.2,0.3,0,0,0.1,0.1,0.1,0
5,29,1,11,0,1.3,0.9,2.1,3.6,0.3,0,0.9,1,0.9,0
6,29,1,5,0,0.6,0.4,1,1.6,0.1,0,0.4,0.5,0.4,0
8,29,1,1,0,0.1,0.1,0.2,0.1,0.1,0.1,0.1,0.1,0.1,0
9,29,1,5,0.2,0.4,0.5,0.9,0.6,0.2,0.6,0.6,0.4,0.6,0
14,29,1,3,0.2,0.2,0.1,0.6,0.4,0.1,0.2,0.8,0.2,0.2,0
20,29,1,6,0.4,0.4,0.2,1.2,0.7,0.3,0.4,1.6,0.3,0.5,0
27,29,1,3,0,0.4,0.1,0.3,1,0,0.4,0.6,0,0.2,0
28,29,1,1,0,0.1,0,0.1,0.4,0,0.1,0.2,0,0.1,0
29,29,1,4,0,0.5,0.1,0.4,1.4,0,0.5,0.9,0,0.2,0
30,29,1,2,0,0.2,0.1,0.2,0.7,0,0.3,0.4,0,0.1,0
32,29,1,5,0.2,0.2,0.1,0.5,1.3,0.1,1.4,0.5,0.4,0.3,0
33,29,1,2,0.1,0.1,0,0.2,0.5,0,0.6,0.2,0.2,0.1,0
37,29,1,2,0.1,0.1,0,0.2,0.5,0,0.6,0.2,0.2,0.1,0
38,29,1,5,0.2,0.2,0.1,0.5,1.3,0.1,1.4,0.5,0.4,0.3,0
53,29,1,1,0,0.2,0.1,0.2,0.3,0,0.1,0.1,0,0,0
56,29,1,4,0.2,0.6,0.3,0.7,1.1,0,0.5,0.4,0.2,0,0
64,29,1,3,0.1,0.2,0.2,0.6,0.4,0.2,0.6,0.3,0.4,0,0
65,29,1,17,0.4,1.3,0.9,3.5,2.2,1.3,3.5,1.7,2.2,0,0
66,29,1,7,0.2,0.6,0.4,1.4,0.9,0.5,1.4,0.7,0.9,0,0
74,29,1,3,0.1,0.1,0.2,0.4,0.5,0,0.6,0.6,0.1,0.4,0
76,29,1,4,0.1,0.1,0.2,0.6,0.6,0,0.9,0.8,0.2,0.5,0
77,29,1,19,0,2.6,1.2,1.4,4.6,0.6,1.4,3.2,1.1,2.9,0
79,29,1,1,0,0.1,0.1,0.1,0.2,0,0.1,0.2,0.1,0.1,0
84,29,1,1,0,0.1,0,0.1,0.1,0,0.2,0.3,0.1,0.1,0
86,29,1,6,0.2,0.5,0.1,0.6,1,0,1.1,1.7,0.4,0.4,0
92,29,1,2,0,0.1,0.2,0.2,0.4,0,0.5,0.3,0.1,0.2,0
105,29,1,10,0.3,0.5,1.1,1.3,2.4,0.3,1.1,2.2,0.3,0.5,0
106,29,1,10,0.3,0.5,1.1,1.3,2.4,0.3,1.1,2.2,0.3,0.5,0
109,29,1,5,0.1,0.4,0.4,0.4,1.5,0.1,0.9,0.4,0.2,0.6,0
124,29,1,5,0.4,0.4,0.5,0.9,1.3,0.3,0.3,0.3,0.6,0,0
2,30,1,4,0,0.5,0.3,0.8,1.3,0.1,0,0.3,0.4,0.3,0
3,30,1,2,0,0.2,0.2,0.4,0.6,0,0,0.2,0.2,0.2,0
8,30,1,2,0.1,0.2,0.2,0.4,0.2,0.1,0.2,0.2,0.2,0.2,0
9,30,1,3,0.1,0.2,0.3,0.6,0.3,0.1,0.4,0.4,0.2,0.4,0
10,30,1,4,0.1,0.3,0.4,0.8,0.5,0.1,0.5,0.5,0.3,0.5,0
11,30,1,2,0.1,0.2,0.2,0.4,0.2,0.1,0.2,0.2,0.2,0.2,0
28,30,1,5,0,0.6,0.2,0.5,1.7,0,0.6,1.1,0,0.3,0
29,30,1,7,0,0.9,0.2,0.7,2.4,0,0.9,1.5,0,0.4,0
31,30,1,1,0,0.1,0,0.1,0.4,0,0.1,0.2,0,0.1,0
37,30,1,7,0.3,0.3,0.2,0.7,1.8,0.2,1.9,0.7,0.5,0.4,0
40,30,1,1,0,0,0,0.1,0.3,0,0.3,0.1,0.1,0.1,0
41,30,1,2,0.1,0.1,0,0.2,0.5,0,0.6,0.2,0.2,0.1,0
46,30,1,6,0.3,0.7,0.2,0.7,1,0,0.5,1,0.7,0.9,0
47,30,1,2,0.2,0.2,0.2,0.4,0.4,0,0.2,0.2,0,0.2,0
49,30,1,6,0.7,0.5,0.5,1.1,1.1,0,0.7,0.7,0.2,0.5,0
59,30,1,2,0.1,0.3,0.2,0.3,0.6,0,0.2,0.2,0.1,0,0
60,30,1,2,0.1,0.3,0.2,0.3,0.6,0,0.2,0.2,0.1,0,0
71,30,1,2,0,0.4,0,0.3,0.3,0.1,0.3,0.4,0.2,0,0
72,30,1,8,0.3,0.3,0.4,1.1,1.3,0,1.7,1.5,0.4,1,0
75,30,1,1,0,0,0.1,0.1,0.2,0,0.2,0.2,0.1,0.1,0
77,30,1,8,0,1.1,0.5,0.6,1.9,0.3,0.6,1.3,0.5,1.2,0
87,30,1,2,0.1,0.2,0,0.2,0.3,0,0.4,0.6,0.1,0.1,0
92,30,1,1,0,0.1,0.1,0.1,0.2,0,0.3,0.1,0,0.1,0
94,30,1,3,0.1,0.2,0.2,0.2,0.6,0,0.8,0.5,0.2,0.2,0
95,30,1,6,0.1,0.5,0.5,0.5,1.2,0,1.5,0.9,0.3,0.5,0
103,30,1,2,0.1,0.1,0.2,0.2,0.5,0.1,0.2,0.4,0.1,0.1,0
105,30,1,18,0.6,0.8,2,2.3,4.3,0.6,2,4,0.6,0.8,0
106,30,1,23,0.7,1.1,2.6,2.9,5.5,0.7,2.6,5.1,0.7,1.1,0
107,30,1,11,0.2,1,0.8,0.8,3.3,0.2,2.1,0.8,0.4,1.4,0
115,30,1,2,0.1,0.1,0.1,0.2,0.4,0.1,0.3,0.4,0.1,0.2,0
124,30,1,5,0.4,0.4,0.5,0.9,1.3,0.3,0.3,0.3,0.6,0,0
126,30,1,2,0.2,0.2,0.2,0.4,0.5,0.1,0.1,0.1,0.2,0,0
2,31,1,4,0,0.5,0.3,0.8,1.3,0.1,0,0.3,0.4,0.3,0
8,31,1,3,0.1,0.2,0.3,0.6,0.3,0.1,0.4,0.4,0.2,0.4,0
10,31,1,4,0.1,0.3,0.4,0.8,0.5,0.1,0.5,0.5,0.3,0.5,0
12,31,1,3,0.2,0.2,0.1,0.6,0.4,0.1,0.2,0.8,0.2,0.2,0
25,31,1,5,0.2,0.4,0.2,0.4,0.4,0,2.2,0.7,0,0.5,0
26,31,1,2,0.1,0.1,0.1,0.1,0.2,0,0.9,0.3,0,0.2,0
40,31,1,2,0.1,0.1,0,0.2,0.5,0,0.6,0.2,0.2,0.1,0
49,31,1,4,0.4,0.3,0.3,0.8,0.8,0,0.5,0.5,0.1,0.3,0
52,31,1,4,0.2,0.6,0.3,0.7,1.1,0,0.5,0.4,0.2,0,0
68,31,1,1,0,0.2,0,0.2,0.2,0,0.1,0.2,0.1,0,0
71,31,1,1,0,0.2,0,0.2,0.2,0,0.1,0.2,0.1,0,0
75,31,1,6,0.2,0.2,0.3,0.8,1,0,1.3,1.2,0.3,0.7,0
76,31,1,4,0.1,0.1,0.2,0.6,0.6,0,0.9,0.8,0.2,0.5,0
89,31,1,1,0,0.1,0,0.1,0.1,0,0.2,0.3,0.1,0.1,0
90,31,1,6,0.2,0.5,0.1,0.6,1,0,1.1,1.7,0.4,0.4,0
106,31,0,27,0,5,0,4,5,0,5,3,1,4,0
107,31,1,7,0.1,0.7,0.5,0.5,2.1,0.1,1.3,0.5,0.3,0.9,0
2,32,1,1,0,0.1,0.1,0.2,0.3,0,0,0.1,0.1,0.1,0
13,32,1,2,0.1,0.1,0.1,0.4,0.2,0.1,0.2,0.5,0.1,0.2,0
14,32,1,2,0.1,0.1,0.1,0.4,0.2,0.1,0.2,0.5,0.1,0.2,0
22,32,1,1,0,0.1,0,0.1,0.1,0,0.4,0.2,0,0.1,0
25,32,1,4,0.1,0.3,0.2,0.3,0.3,0,1.8,0.6,0,0.4,0
30,32,1,4,0,0.5,0.1,0.4,1.4,0,0.5,0.9,0,0.2,0
35,32,1,4,0.2,0.2,0.1,0.4,1,0.1,1.1,0.4,0.3,0.2,0
36,32,1,2,0.1,0.1,0,0.2,0.5,0,0.6,0.2,0.2,0.1,0
42,32,1,7,0.3,0.9,0.2,0.9,1.2,0,0.5,1.2,0.8,1,0
44,32,1,4,0.2,0.5,0.1,0.5,0.6,0,0.3,0.7,0.5,0.6,0
53,32,1,4,0.2,0.6,0.3,0.7,1.1,0,0.5,0.4,0.2,0,0
55,32,1,5,0.2,0.8,0.4,0.8,1.4,0,0.6,0.5,0.3,0,0
60,32,1,5,0.2,0.8,0.4,0.8,1.4,0,0.6,0.5,0.3,0,0
64,32,1,2,0,0.2,0.1,0.4,0.3,0.1,0.4,0.2,0.3,0,0
68,32,1,2,0,0.4,0,0.3,0.3,0.1,0.3,0.4,0.2,0,0
70,32,1,4,0,0.7,0,0.7,0.7,0.1,0.5,0.8,0.5,0,0
71,32,1,13,0,2.5,0,2.2,2.2,0.3,1.5,2.8,1.5,0,0
72,32,1,1,0,0,0.1,0.1,0.2,0,0.2,0.2,0.1,0.1,0
73,32,1,8,0.3,0.3,0.4,1.1,1.3,0,1.7,1.5,0.4,1,0
74,32,1,2,0.1,0.1,0.1,0.3,0.3,0,0.4,0.4,0.1,0.2,0
77,32,1,4,0,0.6,0.2,0.3,1,0.1,0.3,0.7,0.2,0.6,0
79,32,1,1,0,0.1,0.1,0.1,0.2,0,0.1,0.2,0.1,0.1,0
80,32,1,10,0,1.4,0.6,0.7,2.4,0.3,0.8,1.7,0.6,1.5,0
92,32,1,2,0,0.1,0.2,0.2,0.4,0,0.5,0.3,0.1,0.2,0
93,32,1,1,0,0.1,0.1,0.1,0.2,0,0.3,0.1,0,0.1,0
107,32,1,25,0.5,2.3,1.8,1.9,7.4,0.5,4.6,1.9,0.9,3.2,0
108,32,1,2,0,0.2,0.1,0.1,0.6,0,0.4,0.2,0.1,0.3,0
118,32,1,1,0,0,0.1,0.1,0.2,0.1,0.2,0.2,0,0.1,0
123,32,1,6,0.5,0.5,0.5,1.1,1.6,0.3,0.4,0.4,0.7,0,0
3,33,1,4,0,0.5,0.3,0.8,1.3,0.1,0,0.3,0.4,0.3,0
4,33,1,5,0,0.6,0.4,1,1.6,0.1,0,0.4,0.5,0.4,0
10,33,1,2,0.1,0.2,0.2,0.4,0.2,0.1,0.2,0.2,0.2,0.2,0
13,33,1,5,0.4,0.4,0.1,1,0.6,0.2,0.4,1.3,0.2,0.4,0
16,33,1,2,0.1,0.1,0.1,0.4,0.2,0.1,0.2,0.5,0.1,0.2,0
20,33,1,2,0.1,0.1,0.1,0.4,0.2,0.1,0.2,0.5,0.1,0.2,0
29,33,1,5,0,0.6,0.2,0.5,1.7,0,0.6,1.1,0,0.3,0
32,33,1,4,0.2,0.2,0.1,0.4,1,0.1,1.1,0.4,0.3,0.2,0
33,33,1,4,0.2,0.2,0.1,0.4,1,0.1,1.1,0.4,0.3,0.2,0
43,33,1,9,0.5,1.1,0.2,1.1,1.5,0,0.7,1.5,1.1,1.3,0
45,33,1,14,0.7,1.7,0.3,1.7,2.4,0,1,2.4,1.7,2.1,0
46,33,1,1,0.1,0.1,0,0.1,0.2,0,0.1,0.2,0.1,0.1,0
48,33,1,1,0.1,0.1,0.1,0.2,0.2,0,0.1,0.1,0,0.1,0
57,33,1,6,0.2,1,0.5,1,1.7,0,0.7,0.6,0.3,0,0
61,33,1,2,0.1,0.3,0.2,0.3,0.6,0,0.2,0.2,0.1,0,0
62,33,1,2,0,0.2,0.1,0.4,0.3,0.1,0.4,0.2,0.3,0,0
65,33,1,8,0.2,0.6,0.4,1.7,1,0.6,1.7,0.8,1,0,0
71,33,1,19,0,3.6,0,3.2,3.2,0.4,2.3,4.1,2.2,0,0
72,33,1,2,0.1,0.1,0.1,0.3,0.3,0,0.4,0.4,0.1,0.2,0
73,33,1,14,0.5,0.5,0.7,2,2.2,0,3,2.7,0.7,1.7,0
76,33,1,4,0.1,0.1,0.2,0.6,0.6,0,0.9,0.8,0.2,0.5,0
77,33,1,4,0,0.6,0.2,0.3,1,0.1,0.3,0.7,0.2,0.6,0
79,33,1,12,0,1.7,0.7,0.9,2.9,0.4,0.9,2,0.7,1.8,0
80,33,0,23,1,0,2,2,3,0,6,8,0,1,0
81,33,1,7,0,1,0.4,0.5,1.7,0.2,0.5,1.2,0.4,1.1,0
84,33,1,1,0,0.1,0,0.1,0.1,0,0.2,0.3,0.1,0.1,0
88,33,1,1,0,0.1,0,0.1,0.1,0,0.2,0.3,0.1,0.1,0
92,33,1,2,0,0.1,0.2,0.2,0.4,0,0.5,0.3,0.1,0.2,0
109,33,1,4,0.1,0.4,0.3,0.3,1.2,0.1,0.7,0.3,0.1,0.5,0
117,33,1,4,0.1,0.1,0.3,0.5,0.8,0.2,0.6,0.9,0.1,0.4,0
118,33,1,2,0.1,0.1,0.1,0.2,0.4,0.1,0.3,0.4,0.1,0.2,0
2,34,1,1,0.1,0.1,0.1,0.1,0.1,0,0.1,0.3,0,0.1,0
13,34,1,3,0,0.3,0.4,0,0.8,0.1,0.4,0.7,0.2,0.1,0
14,34,1,4,0,0.4,0.5,0,1.1,0.1,0.5,0.9,0.3,0.2,0
15,34,1,4,0,0.4,0.5,0,1.1,0.1,0.5,0.9,0.3,0.2,0
18,34,1,2,0,0.2,0.2,0,0.5,0,0.3,0.5,0.2,0.1,0
19,34,1,2,0,0.2,0.2,0,0.5,0,0.3,0.5,0.2,0.1,0
34,34,1,2,0.1,0.2,0.2,0.3,0.5,0.1,0.2,0.3,0.1,0,0
35,34,1,8,0.3,0.8,0.7,1.2,2.1,0.3,0.7,1.4,0.3,0.2,0
55,34,1,2,0.1,0.3,0.1,0.3,0.3,0.1,0.4,0.2,0.1,0.1,0
56,34,1,4,0.1,0.6,0.2,0.5,0.6,0.2,0.9,0.4,0.2,0.3,0
57,34,1,8,0.3,1.2,0.3,1.1,1.3,0.4,1.7,0.8,0.3,0.6,0
58,34,1,7,0.3,1,0.3,0.9,1.1,0.4,1.5,0.7,0.3,0.5,0
68,34,1,2,0.1,0.2,0.1,0.3,0.6,0.1,0.2,0.1,0.2,0.1,0
70,34,1,10,0.6,1.2,0.5,1.7,2.9,0.5,0.9,0.4,0.9,0.4,0
71,34,1,19,1.2,2.3,1,3.3,5.5,0.9,1.7,0.7,1.7,0.7,0
73,34,1,18,0.8,2.6,1.8,2.6,3.9,0.3,1,1.6,1.3,2.1,0
74,34,1,7,0.3,1,0.7,1,1.6,0.1,0.4,0.6,0.5,0.8,0
76,34,1,5,0.2,0.7,0.5,0.7,1.1,0.1,0.3,0.4,0.4,0.6,0
77,34,1,6,0.2,0.8,0.5,0.7,1,0.1,0.6,1.1,0.3,0.7,0
78,34,1,7,0.2,0.9,0.6,0.8,1.2,0.2,0.7,1.2,0.4,0.8,0
79,34,1,11,0.4,1.5,1,1.3,1.8,0.2,1.1,1.9,0.6,1.2,0
80,34,1,2,0.1,0.3,0.2,0.2,0.3,0,0.2,0.4,0.1,0.2,0
81,34,0,27.5,0.5,0.5,2,5,1,1.5,6,5,2,4,0
82,34,1,2,0,0.2,0.2,0.2,0.4,0,0.4,0.4,0.1,0.1,0
85,34,1,2,0,0.2,0.2,0.2,0.4,0,0.4,0.4,0.1,0.1,0
100,34,1,6,0.6,0.5,0,1.4,0.8,0.5,0.7,1,0.4,0.1,0
101,34,1,15,1.5,1.2,0,3.6,2.1,1.2,1.8,2.4,0.9,0.3,0
102,34,1,1,0,0.1,0,0.1,0.2,0,0.2,0.2,0.1,0.1,0
106,34,1,5,0.2,0.5,0.1,0.7,0.8,0.2,0.7,0.9,0.5,0.4,0
111,34,1,1,0,0.1,0,0.1,0.2,0,0.2,0.2,0.1,0.1,0
115,34,1,2,0.1,0.2,0,0.5,0.4,0,0.3,0.1,0.2,0.2,0
4,35,1,2,0.1,0.1,0.3,0.1,0.3,0,0.2,0.7,0.1,0.1,0
21,35,1,4,0,0.4,0.5,0,1.1,0.1,0.5,0.9,0.3,0.2,0
36,35,1,5,0.2,0.5,0.4,0.8,1.3,0.2,0.4,0.9,0.2,0.1,0
37,35,1,14,1.1,2.2,1.8,3.3,3,0.4,0,0.7,1.5,0,0
38,35,1,17,1.3,2.7,2.2,4,3.6,0.5,0,0.9,1.8,0,0
39,35,1,6,0.5,0.9,0.8,1.4,1.3,0.2,0,0.3,0.6,0,0
40,35,1,1,0.1,0.2,0.1,0.2,0.2,0,0,0.1,0.1,0,0
46,35,1,3,0,0.5,0,0.5,0.5,0.1,0.2,0.6,0.4,0.2,0
47,35,1,7,0,1.2,0,1.2,1.2,0.2,0.4,1.5,0.9,0.4,0
49,35,1,2,0,0.3,0,0.3,0.4,0.1,0.1,0.4,0.3,0.1,0
51,35,1,2.5,0,0.4,0,0.4,0.4,0.1,0.2,0.5,0.3,0.2,0
56,35,1,2,0.1,0.3,0.1,0.3,0.3,0.1,0.4,0.2,0.1,0.1,0
62,35,1,3,0.2,0.2,0.1,0.5,0.6,0.1,0.7,0.3,0.2,0.1,0
64,35,1,1,0.1,0.1,0,0.2,0.2,0,0.2,0.1,0.1,0,0
70,35,1,13,0.8,1.5,0.7,2.2,3.8,0.6,1.2,0.5,1.2,0.5,0
71,35,1,5,0.3,0.6,0.3,0.9,1.5,0.2,0.4,0.2,0.4,0.2,0
73,35,1,4,0.2,0.6,0.4,0.6,0.9,0,0.2,0.3,0.3,0.5,0
76,35,1,3,0.1,0.4,0.3,0.4,0.7,0,0.2,0.3,0.2,0.4,0
77,35,1,11,0.4,1.5,1,1.3,1.8,0.2,1.1,1.9,0.6,1.2,0
78,35,1,22,0.7,2.9,1.9,2.7,3.6,0.5,2.2,3.9,1.2,2.4,0
79,35,1,1,0,0.1,0.1,0.1,0.2,0,0.1,0.2,0.1,0.1,0
80,35,1,1,0,0.1,0.1,0.1,0.2,0,0.1,0.2,0.1,0.1,0
81,35,0,48,1,2,3,3,7,1,11,11,4,5,0
82,35,0,41,1,3,4,5,5,1,7,10,2,3,0
83,35,1,6,0.1,0.4,0.5,0.6,1.3,0.1,1.2,1.3,0.3,0.2,0
84,35,1,2,0,0.2,0.2,0.2,0.4,0,0.4,0.4,0.1,0.1,0
89,35,1,2,0,0.2,0.1,0.2,0.4,0,0.5,0.4,0.1,0.1,0
100,35,1,3,0.3,0.2,0,0.7,0.4,0.2,0.4,0.5,0.2,0.1,0
101,35,1,3,0.3,0.2,0,0.7,0.4,0.2,0.4,0.5,0.2,0.1,0
111,35,1,1,0,0.1,0,0.1,0.2,0,0.2,0.2,0.1,0.1,0
116,35,1,2,0.1,0.2,0,0.5,0.4,0,0.3,0.1,0.2,0.2,0
118,35,1,1,0,0.1,0,0.3,0.2,0,0.1,0.1,0.1,0.1,0
124,35,1,2,0.1,0,0.1,0.2,0.5,0.1,0.4,0.2,0.3,0.1,0
0,36,1,2,0,0.2,0.1,0.4,0.3,0,0.3,0.4,0.1,0.2,0
2,36,1,2,0.1,0.1,0.3,0.1,0.3,0,0.2,0.7,0.1,0.1,0
4,36,1,4,0.2,0.3,0.6,0.3,0.5,0.1,0.3,1.3,0.1,0.3,0
8,36,1,4,0.3,0.6,0.3,0.4,0.8,0,0.4,0.9,0,0.3,0
11,36,1,2,0.1,0.3,0.1,0.2,0.4,0,0.2,0.5,0,0.2,0
22,36,1,1,0.1,0.1,0.1,0.2,0.2,0,0.1,0.1,0.1,0,0
36,36,1,3,0.1,0.3,0.3,0.4,0.8,0.1,0.3,0.5,0.1,0.1,0
51,36,1,2,0,0.3,0,0.3,0.4,0.1,0.1,0.4,0.3,0.1,0
56,36,1,1,0,0.2,0,0.1,0.2,0.1,0.2,0.1,0,0.1,0
61,36,1,2,0.1,0.3,0.1,0.3,0.3,0.1,0.4,0.2,0.1,0.1,0
68,36,1,5,0.3,0.6,0.3,0.9,1.5,0.2,0.4,0.2,0.4,0.2,0
71,36,1,7,0.5,0.8,0.4,1.2,2,0.3,0.6,0.3,0.6,0.3,0
74,36,1,2,0.1,0.3,0.2,0.3,0.4,0,0.1,0.2,0.2,0.2,0
77,36,0,21,0,1,1,1,2,0,4,9,0,3,0
78,36,0,36,0,0,0,5,12,0,3,10,1,5,0
79,36,0,23,1,1,2,2,4,0,5,7,0,1,0
80,36,0,29,1,2,5,5,12,0,0,3,1,0,0
81,36,0,52,2,2,2,12,4,1,9,10,4,6,0
82,36,0,93,0,6.5,4.5,5,9,1,8,16,0,43,0
88,36,1,2,0,0.2,0.1,0.2,0.4,0,0.5,0.4,0.1,0.1,0
89,36,1,3,0.1,0.2,0.2,0.3,0.6,0,0.7,0.6,0.2,0.1,0
99,36,1,1,0.1,0.1,0,0.2,0.1,0.1,0.1,0.2,0.1,0,0
100,36,1,3,0.3,0.2,0,0.7,0.4,0.2,0.4,0.5,0.2,0.1,0
104,36,1,1,0,0.1,0,0.1,0.2,0,0.2,0.2,0.1,0.1,0
0,37,1,5,0.1,0.5,0.1,1,0.8,0,0.8,1,0.2,0.5,0
1,37,1,3,0.1,0.3,0.1,0.6,0.4,0,0.5,0.6,0.1,0.3,0
2,37,1,5,0.3,0.3,0.8,0.3,0.7,0.1,0.5,1.6,0.1,0.3,0
4,37,1,1,0.1,0.1,0.1,0.1,0.1,0,0.1,0.3,0,0.1,0
11,37,1,2,0.1,0.3,0.1,0.2,0.4,0,0.2,0.5,0,0.2,0
12,37,1,2,0,0.2,0.2,0,0.5,0,0.3,0.5,0.2,0.1,0
13,37,1,2.5,0,0.2,0.3,0,0.7,0.1,0.3,0.6,0.2,0.1,0
17,37,1,6,0,0.6,0.8,0,1.6,0.1,0.8,1.4,0.5,0.2,0
18,37,1,8,0,0.8,1,0,2.2,0.2,1,1.8,0.7,0.3,0
20,37,1,1,0,0.1,0.1,0,0.3,0,0.1,0.2,0.1,0.1,0
21,37,1,3,0,0.3,0.4,0,0.8,0.1,0.4,0.7,0.2,0.1,0
32,37,1,5,0.2,0.5,0.4,0.8,1.3,0.2,0.4,0.9,0.2,0.1,0
34,37,1,4,0.2,0.4,0.3,0.6,1,0.2,0.3,0.7,0.2,0.1,0
42,37,1,3,0,0.5,0,0.5,0.5,0.1,0.2,0.6,0.4,0.2,0
43,37,1,1,0,0.2,0,0.2,0.2,0,0,0.2,0.1,0.1,0
45,37,1,2,0,0.3,0,0.3,0.4,0.1,0.1,0.4,0.3,0.1,0
49,37,1,5,0,0.8,0,0.8,0.9,0.2,0.3,1.1,0.6,0.3,0
50,37,1,1,0,0.2,0,0.2,0.2,0,0,0.2,0.1,0.1,0
52,37,1,6,0.2,0.9,0.3,0.8,1,0.3,1.3,0.6,0.2,0.4,0
69,37,1,3,0.2,0.3,0.2,0.5,0.9,0.1,0.3,0.1,0.3,0.1,0
70,37,1,9,0.6,1.1,0.5,1.6,2.6,0.4,0.8,0.3,0.8,0.3,0
71,37,0,50.5,2,6.5,3,3,18,1.5,4,4,4.5,3,1
72,37,1,6,0.3,0.9,0.6,0.9,1.3,0.1,0.3,0.5,0.4,0.7,0
73,37,1,3,0.1,0.4,0.3,0.4,0.7,0,0.2,0.3,0.2,0.4,0
74,37,1,5,0.2,0.7,0.5,0.7,1.1,0.1,0.3,0.4,0.4,0.6,0
76,37,1,14,0.6,2,1.4,2.1,3.1,0.2,0.8,1.2,1,1.6,0
77,37,1,13,0.4,1.7,1.1,1.6,2.2,0.3,1.3,2.3,0.7,1.4,0
78,37,1,17,0.6,2.2,1.5,2,2.8,0.4,1.7,3,0.9,1.9,0
79,37,0,61.5,1,4.5,1,10,10,1,10,9,7,8,0
80,37,0,84,4,3,9,14,12,4,9,15,7,7,0
81,37,0,38,0,2,3,2,4,0,4,11,0,12,0
82,37,0,84,2,5,5,6,17,2,11,21,1,14,0
83,37,1,21,0.3,1.5,1.5,2.1,4.7,0.3,4.1,4.7,1,0.8,0
84,37,1,18,0.2,1.3,1.3,1.8,4,0.2,3.6,4,0.9,0.7,0
85,37,1,17,0.2,1.3,1.3,1.7,3.8,0.2,3.3,3.8,0.8,0.6,0
86,37,1,13,0.1,1,1,1.3,2.9,0.1,2.6,2.9,0.6,0.5,0
99,37,1,1,0.1,0.1,0,0.2,0.1,0.1,0.1,0.2,0.1,0,0
100,37,1,8,0.8,0.6,0,1.9,1.1,0.6,1,1.3,0.5,0.2,0
2,38,1,10,0.6,0.6,1.5,0.7,1.3,0.2,0.9,3.3,0.2,0.7,0
3,38,1,21,1.4,1.4,3.2,1.4,2.7,0.4,1.8,6.8,0.5,1.4,0
16,38,1,2,0,0.2,0.2,0,0.5,0,0.3,0.5,0.2,0.1,0
17,38,1,4,0,0.4,0.5,0,1.1,0.1,0.5,0.9,0.3,0.2,0
30,38,1,2,0.1,0.2,0.1,0.4,0.5,0,0.3,0.3,0.1,0,0
34,38,1,7,0.3,0.7,0.6,1.1,1.8,0.3,0.6,1.2,0.3,0.1,0
59,38,1,1,0,0.2,0,0.1,0.2,0.1,0.2,0.1,0,0.1,0
61,38,1,7,0.3,1,0.3,0.9,1.1,0.4,1.5,0.7,0.3,0.5,0
62,38,1,6,0.3,0.4,0.2,1.1,1.1,0.2,1.4,0.7,0.4,0.2,0
65,38,1,4,0.2,0.3,0.1,0.7,0.8,0.1,0.9,0.5,0.3,0.1,0
69,38,1,9,0.6,1.1,0.5,1.6,2.6,0.4,0.8,0.3,0.8,0.3,0
70,38,1,28,1.8,3.3,1.5,4.8,8.1,1.3,2.6,1,2.6,1,0
71,38,0,36,0,4,3,6,4,1,6,7,3,2,0
74,38,1,2,0.1,0.3,0.2,0.3,0.4,0,0.1,0.2,0.2,0.2,0
77,38,0,60.5,1,2,4.5,7,11,1,8,21,3,2,0
78,38,0,37,3,0,7,7,8,1,0,6,4,1,0
79,38,0,25,1,1,1,5,4,1,2,9,1,0,0
80,38,0,99.5,0,7,5,14,19,0,23,15,4.5,12,0
81,38,0,197,8,12,13,29,33,2,25,29,7,39,0
82,38,0,166,1,19,7,7,30,0,18,42,4,38,0
83,38,0,37,1,5,5,4,9,0,7,2,3,1,0
84,38,0,60,2,7,5,11,5,1,10,11,6,2,0
85,38,0,30,0,5,2,3,9,0,2,6,3,0,0
87,38,1,4,0.1,0.3,0.2,0.5,0.8,0,0.9,0.8,0.2,0.2,0
89,38,1,11,0.3,0.9,0.6,1.3,2.1,0.1,2.5,2.1,0.6,0.5,0
92,38,1,2,0,0,0.1,0.2,0.5,0,0.6,0.6,0,0,0
93,38,1,2,0,0,0.1,0.2,0.5,0,0.6,0.6,0,0,0
99,38,1,1,0.1,0.1,0,0.2,0.1,0.1,0.1,0.2,0.1,0,0
100,38,1,9,0.9,0.7,0,2.2,1.3,0.7,1.1,1.4,0.5,0.2,0
127,38,1,11,0.4,0.2,0.6,1.3,2.6,0.4,2.2,1.1,1.5,0.7,0
2,39,1,8,0,0.7,0.4,1,1.6,0.1,1.4,1.6,0.3,0.9,0
3,39,1,10,0,0.9,0.5,1.2,2,0.2,1.7,2,0.4,1.1,0
11,39,1,4,0.3,0.6,0.3,0.4,0.8,0,0.4,0.9,0,0.3,0
13,39,1,1,0,0.1,0.1,0.1,0.2,0,0.2,0.1,0.1,0.1,0
14,39,1,10,0.4,0.8,0.9,1.3,1.9,0.2,1.5,0.9,0.8,1.3,0
20,39,1,2,0.2,0.2,0.1,0.6,0.3,0.1,0.2,0.1,0.2,0,0
26,39,1,2,0.1,0.2,0.1,0.4,0.5,0,0.3,0.3,0.1,0,0
28,39,1,2,0.1,0.2,0.1,0.4,0.5,0,0.3,0.3,0.1,0,0
33,39,1,2,0,0.3,0.1,0.2,0.6,0,0.2,0.4,0.1,0.1,0
34,39,1,12,0.2,1.7,0.8,1.1,3.6,0,1.5,2.1,0.4,0.6,0
39,39,1,2,0.1,0.2,0.2,0.3,0.5,0.1,0.2,0.3,0.1,0,0
48,39,1,3,0,0.4,0.1,0.4,0.8,0.1,0.5,0.1,0.4,0.2,0
49,39,1,1,0,0.1,0,0.1,0.3,0,0.2,0.1,0.1,0.1,0
54,39,1,1,0,0.2,0,0.1,0.2,0.1,0.2,0.1,0,0.1,0
59,39,1,2,0.1,0.3,0.1,0.3,0.3,0.1,0.4,0.2,0.1,0.1,0
62,39,1,1,0.1,0.1,0,0.2,0.2,0,0.2,0.1,0.1,0,0
70,39,1,7,0.4,0.5,0.2,1.3,1.3,0.2,1.6,0.8,0.5,0.2,0
71,39,1,13,0.7,0.9,0.4,2.4,2.4,0.4,3,1.5,0.9,0.4,0
74,39,1,5,0.1,0.7,0.4,0.6,1.1,0,0.7,0.8,0.4,0.2,0
76,39,1,12,0.2,1.6,1,1.5,2.7,0,1.8,1.8,0.9,0.5,0
77,39,1,20,0.8,2.2,2,2.6,3.7,0.2,3.7,3.1,1.1,0.6,0
78,39,1,19,0.7,2.1,1.9,2.5,3.5,0.2,3.5,2.9,1.1,0.6,0
79,39,1,3,0.1,0.3,0.3,0.4,0.5,0,0.6,0.5,0.2,0.1,0
80,39,0,30,0,1,6,10,4,0,6,1,0,2,0
81,39,0,37,2,1,2,1,3,0,3,16,0,9,0
82,39,0,143,3,11,13,17,24,4,18,33,4,16,0
83,39,0,73,0,6.5,5,4,22,1,9,18,4.5,3,0
84,39,1,12,0.5,1.3,0.7,1.6,1.1,0.3,1.6,2.2,0.6,2.1,0
85,39,1,16,0.7,1.7,0.9,2.2,1.4,0.4,2.2,2.9,0.9,2.7,0
86,39,1,2,0.1,0.2,0.1,0.3,0.2,0,0.3,0.4,0.1,0.3,0
89,39,1,9,0.2,0.8,0.5,1.1,1.7,0.1,2,1.7,0.5,0.4,0
92,39,1,2,0,0,0.1,0.2,0.5,0,0.6,0.6,0,0,0
93,39,1,3,0,0,0.1,0.3,0.7,0,1,0.9,0,0,0
94,39,1,2,0,0,0.1,0.2,0.5,0,0.6,0.6,0,0,0
100,39,1,4,0,0,0.2,0.4,1,0,1.3,1.1,0,0,0
101,39,1,1,0,0,0.1,0.1,0.2,0,0.3,0.3,0,0,0
104,39,1,4,0.2,0.4,0.1,0.6,0.6,0.2,0.6,0.6,0.4,0.3,0
105,39,1,8,0.3,0.8,0.2,1.1,1.3,0.3,1.2,1.3,0.8,0.7,0
107,39,1,5,0.2,0.5,0.1,0.7,0.8,0.2,0.7,0.9,0.5,0.4,0
117,39,1,1,0,0.1,0,0.3,0.2,0,0.1,0.1,0.1,0.1,0
2,40,1,6,0,0.5,0.3,0.8,1.2,0.1,1,1.2,0.2,0.7,0
3,40,0,16,0,1,2,4,4,0,0,2,0,3,0
7,40,1,2,0.1,0.3,0.1,0.2,0.4,0,0.2,0.5,0,0.2,0
12,40,1,7,0.3,0.6,0.6,0.9,1.3,0.2,1,0.6,0.6,0.9,0
13,40,1,2,0.1,0.2,0.2,0.2,0.4,0,0.3,0.2,0.2,0.2,0
14,40,1,4,0.2,0.3,0.3,0.5,0.8,0.1,0.6,0.4,0.3,0.5,0
15,40,1,2,0.1,0.2,0.2,0.2,0.4,0,0.3,0.2,0.2,0.2,0
16,40,1,1,0,0.1,0.1,0.1,0.2,0,0.2,0.1,0.1,0.1,0
21,40,1,11,1.1,0.8,0.5,3.1,1.8,0.7,1.2,0.6,1.2,0,0
22,40,1,23,1.5,2.3,1.5,4.3,5,0,3.5,3.5,1.4,0,0
23,40,1,2,0.1,0.2,0.1,0.4,0.5,0,0.3,0.3,0.1,0,0
30,40,1,3,0.2,0.3,0.2,0.6,0.7,0,0.4,0.4,0.2,0,0
33,40,1,5,0.1,0.7,0.3,0.4,1.5,0,0.6,0.9,0.2,0.3,0
34,40,1,6,0.1,0.9,0.4,0.5,1.8,0,0.7,1.1,0.2,0.3,0
37,40,1,1,0,0.1,0.1,0.2,0.3,0,0.1,0.2,0,0,0
41,40,1,2,0.1,0.2,0.2,0.3,0.5,0.1,0.2,0.3,0.1,0,0
42,40,1,14,0,2.3,0,2.4,2.4,0.4,0.9,2.9,1.8,0.9,0
45,40,1,2,0,0.3,0,0.3,0.4,0.1,0.1,0.4,0.3,0.1,0
47,40,1,3,0,0.4,0.1,0.4,0.8,0.1,0.5,0.1,0.4,0.2,0
48,40,1,3,0,0.4,0.1,0.4,0.8,0.1,0.5,0.1,0.4,0.2,0
53,40,1,15,0.6,2.2,0.6,2,2.5,0.8,3.3,1.4,0.6,1,0
68,40,1,2,0.1,0.1,0.1,0.4,0.4,0.1,0.4,0.2,0.1,0.1,0
70,40,1,5,0.3,0.4,0.1,0.9,0.9,0.1,1.1,0.6,0.4,0.2,0
72,40,1,5,0.1,0.7,0.4,0.6,1.1,0,0.7,0.8,0.4,0.2,0
73,40,1,14,0.3,1.9,1.1,1.8,3.1,0,2.1,2.1,1,0.6,0
74,40,0,32,2,2,4,4,5,1,3,6,2,3,0
75,40,1,7,0.1,0.9,0.6,0.9,1.6,0,1,1.1,0.5,0.3,0
76,40,1,2,0,0.3,0.2,0.3,0.4,0,0.3,0.3,0.1,0.1,0
77,40,0,33,1,3,2,5,2,1,5,11,2,1,0
78,40,1,13,0.5,1.4,1.3,1.7,2.4,0.2,2.4,2,0.7,0.4,0
79,40,1,14,0.5,1.6,1.4,1.8,2.6,0.2,2.6,2.1,0.8,0.4,0
80,40,0,27,0,7,0,2,7,0,4,1,2,4,0
81,40,1,10,0.4,1.1,1,1.3,1.8,0.1,1.9,1.5,0.6,0.3,0
82,40,0,29,2,1,3,7,4,2,5,2,2,1,0
83,40,0,79,2,6,7,10,12,1,10,15,4,12,0
84,40,0,56,2,3,4,9,6,2,9,9,7,5,0
86,40,1,1,0,0.1,0.1,0.1,0.1,0,0.1,0.2,0.1,0.2,0
88,40,1,2,0,0.2,0.1,0.2,0.4,0,0.5,0.4,0.1,0.1,0
89,40,1,7.5,0.2,0.6,0.4,0.9,1.4,0.1,1.7,1.4,0.4,0.4,0
91,40,1,4,0.1,0.3,0.2,0.5,0.8,0,0.9,0.8,0.2,0.2,0
112,40,1,3,0.1,0.3,0,0.7,0.6,0,0.4,0.2,0.4,0.3,0
114,40,1,2,0.1,0.2,0,0.5,0.4,0,0.3,0.1,0.2,0.2,0
115,40,1,3,0.1,0.3,0,0.7,0.6,0,0.4,0.2,0.4,0.3,0
3,41,1,16,0,1.4,0.7,2,3.2,0.2,2.8,3.3,0.6,1.8,0
10,41,1,2,0.1,0.3,0.1,0.2,0.4,0,0.2,0.5,0,0.2,0
13,41,1,9,0.4,0.8,0.8,1.1,1.7,0.2,1.3,0.8,0.8,1.1,0
15,41,1,1,0,0.1,0.1,0.1,0.2,0,0.2,0.1,0.1,0.1,0
20,41,1,19,1.8,1.5,0.9,5.3,3.1,1.3,2,1.1,2,0,0
21,41,0,46,2,8,9,3,16,0,3,3,1,1,0
22,41,0,47.5,2.5,6,9,8,15,0,1,2,4,0,0
23,41,1,9,0.6,0.9,0.6,1.7,2,0,1.3,1.4,0.5,0,0
24,41,1,2,0.1,0.2,0.1,0.4,0.5,0,0.3,0.3,0.1,0,0
32,41,1,2,0,0.3,0.1,0.2,0.6,0,0.2,0.4,0.1,0.1,0
37,41,1,3.5,0.1,0.3,0.3,0.5,0.9,0.2,0.3,0.6,0.2,0.1,0
38,41,1,4,0.2,0.4,0.3,0.6,1,0.2,0.3,0.7,0.2,0.1,0
47,41,1,8,0.1,1,0.3,1.1,2.1,0.4,1.2,0.4,1,0.4,0
48,41,1,5,0.1,0.6,0.2,0.7,1.3,0.2,0.8,0.2,0.6,0.3,0
49,41,1,3,0,0.4,0.1,0.4,0.8,0.1,0.5,0.1,0.4,0.2,0
55,41,1,1,0,0.2,0,0.1,0.2,0.1,0.2,0.1,0,0.1,0
60,41,1,2,0.1,0.3,0.1,0.3,0.3,0.1,0.4,0.2,0.1,0.1,0
66,41,1,4,0.2,0.3,0.1,0.7,0.8,0.1,0.9,0.5,0.3,0.1,0
69,41,1,8,0.5,0.6,0.2,1.5,1.5,0.2,1.8,0.9,0.6,0.2,0
70,41,1,3,0.2,0.2,0.1,0.5,0.6,0.1,0.7,0.3,0.2,0.1,0
72,41,1,15,0.3,2,1.2,1.9,3.4,0,2.2,2.3,1.1,0.6,0
73,41,1,22,0.5,2.9,1.8,2.8,4.9,0,3.3,3.3,1.6,0.9,0
74,41,0,51,3,1,3,12,3,2,14,9,3,1,0
75,41,0,25,0,2,1,1,5,0,7,4,3,2,0
76,41,1,3,0.1,0.4,0.2,0.4,0.7,0,0.4,0.5,0.2,0.1,0
77,41,1,29.5,1.1,3.3,2.9,3.9,5.4,0.4,5.4,4.5,1.7,0.9,0
78,41,1,8,0.3,0.9,0.8,1,1.5,0.1,1.5,1.2,0.5,0.2,0
80,41,0,69,2,4,2,9,7,2,19,16,2,6,0
81,41,0,33,0,4,3,3,4,1,11,3,2,2,0
82,41,0,38,0,2,1,2,4,0,4,9,2,14,0
83,41,1,19,0.9,2.1,1,2.6,1.7,0.5,2.6,3.4,1,3.2,0
84,41,0,26,3,0,0,6,0,2,5,4,2,4,0
85,41,1,14,0.6,1.5,0.8,1.9,1.3,0.4,1.9,2.5,0.7,2.4,0
86,41,1,2,0.1,0.2,0.1,0.3,0.2,0,0.3,0.4,0.1,0.3,0
90,41,1,1,0,0.1,0.1,0.1,0.2,0,0.2,0.2,0.1,0,0
101,41,1,1,0,0,0.1,0.1,0.2,0,0.3,0.3,0,0,0
107,41,1,4,0.2,0.4,0.1,0.6,0.6,0.2,0.6,0.6,0.4,0.3,0
111,41,1,12,0.5,1.2,0.2,1.7,2,0.5,1.7,2,1.2,1,0
112,41,1,15,0.5,1.5,0,3.5,3,0,2,1,2,1.5,0
2,42,1,2,0,0.2,0.1,0.3,0.4,0,0.3,0.4,0.1,0.2,0
3,42,1,10,0,0.9,0.5,1.2,2,0.2,1.7,2,0.4,1.1,0
4,42,1,4,0,0.3,0.2,0.5,0.8,0.1,0.7,0.8,0.2,0.4,0
8,42,1,1,0.1,0.1,0.1,0.1,0.2,0,0.1,0.2,0,0.1,0
9,42,1,1,0.1,0.1,0.1,0.1,0.2,0,0.1,0.2,0,0.1,0
13,42,1,8,0.3,0.7,0.7,1,1.5,0.2,1.2,0.7,0.7,1,0
18,42,1,5,0.5,0.4,0.3,1.4,0.8,0.3,0.5,0.3,0.5,0,0
19,42,1,10,1,0.8,0.5,2.8,1.6,0.7,1,0.6,1,0,0
20,42,1,13,1.2,1,0.6,3.6,2.1,0.9,1.4,0.8,1.4,0,0
21,42,0,29,7,3,1,7,4,1,2,3,0,1,0
22,42,1,11.5,0.8,1.2,0.8,2.1,2.5,0,1.7,1.7,0.7,0,0
23,42,1,2,0.1,0.2,0.1,0.4,0.5,0,0.3,0.3,0.1,0,0
33,42,1,1,0,0.1,0.1,0.1,0.3,0,0.1,0.2,0,0.1,0
34,42,1,9,0.1,1.3,0.6,0.8,2.7,0,1.1,1.6,0.3,0.5,0
35,42,1,7,0.1,1,0.5,0.6,2.1,0,0.9,1.2,0.2,0.4,0
44,42,1,2,0,0.3,0,0.3,0.4,0.1,0.1,0.4,0.3,0.1,0
47,42,1,12,0.2,1.5,0.4,1.7,3.1,0.6,1.9,0.6,1.4,0.6,0
49,42,1,3,0,0.4,0.1,0.4,0.8,0.1,0.5,0.1,0.4,0.2,0
54,42,1,3,0.1,0.4,0.1,0.4,0.5,0.2,0.7,0.3,0.1,0.2,0
59,42,1,1,0,0.2,0,0.1,0.2,0.1,0.2,0.1,0,0.1,0
62,42,1,3,0.2,0.2,0.1,0.5,0.6,0.1,0.7,0.3,0.2,0.1,0
65,42,1,1,0.1,0.1,0,0.2,0.2,0,0.2,0.1,0.1,0,0
69,42,1,5,0.3,0.4,0.1,0.9,0.9,0.1,1.1,0.6,0.4,0.2,0
70,42,1,4,0.2,0.3,0.1,0.7,0.8,0.1,0.9,0.5,0.3,0.1,0
72,42,1,14,0.3,1.9,1.1,1.8,3.1,0,2.1,2.1,1,0.6,0
73,42,1,13.5,0.3,1.8,1.1,1.7,3,0,2,2,1,0.6,0
74,42,1,10,0.2,1.3,0.8,1.3,2.2,0,1.5,1.5,0.8,0.4,0
76,42,1,11,0.2,1.5,0.9,1.4,2.5,0,1.6,1.6,0.8,0.5,0
80,42,1,6,0.2,0.7,0.6,0.8,1.1,0.1,1.1,0.9,0.3,0.2,0
81,42,0,55,2,2,2,8,7,4,7,15,7,1,0
82,42,0,54,5,3,2,9,12,2.5,8,5,5.5,2,0
83,42,0,47,4,3,6,10,9,1,8,4,0,2,0
84,42,1,12,0.5,1.3,0.7,1.6,1.1,0.3,1.6,2.2,0.6,2.1,0
86,42,1,13,0.6,1.4,0.7,1.8,1.2,0.3,1.8,2.3,0.7,2.2,0
87,42,1,7,0.2,0.6,0.4,0.8,1.3,0.1,1.6,1.3,0.4,0.3,0
115,42,1,1,0,0.1,0,0.3,0.2,0,0.1,0.1,0.1,0.1,0
127,42,1,2,0.1,0,0.1,0.2,0.5,0.1,0.4,0.2,0.3,0.1,0
2,43,1,3,0,0.3,0.1,0.4,0.6,0.1,0.5,0.6,0.1,0.3,0
3,43,1,3,0,0.3,0.1,0.4,0.6,0.1,0.5,0.6,0.1,0.3,0
4,43,1,2,0,0.2,0.1,0.3,0.4,0,0.3,0.4,0.1,0.2,0
7,43,1,6,0.4,1,0.4,0.6,1.2,0,0.6,1.4,0,0.4,0
8,43,1,4,0.3,0.6,0.3,0.4,0.8,0,0.4,0.9,0,0.3,0
9,43,1,2,0.1,0.3,0.1,0.2,0.4,0,0.2,0.5,0,0.2,0
13,43,1,2,0.1,0.2,0.2,0.2,0.4,0,0.3,0.2,0.2,0.2,0
18,43,1,5,0.5,0.4,0.3,1.4,0.8,0.3,0.5,0.3,0.5,0,0
19,43,0,41,2,2,3,13,7,0,8,3,3,0,0
20,43,1,29,2.8,2.2,1.4,8.1,4.7,1.9,3.1,1.7,3.1,0,0
21,43,1,10,1,0.8,0.5,2.8,1.6,0.7,1,0.6,1,0,0
35,43,1,10,0.2,1.4,0.7,0.9,3,0,1.2,1.8,0.3,0.5,0
36,43,1,3,0,0.4,0.2,0.3,0.9,0,0.4,0.5,0.1,0.2,0
46,43,1,1,0,0.2,0,0.2,0.2,0,0,0.2,0.1,0.1,0
49,43,1,11,0.2,1.3,0.4,1.5,2.8,0.6,1.7,0.6,1.3,0.6,0
50,43,1,6,0.1,0.7,0.2,0.8,1.6,0.3,1,0.3,0.7,0.3,0
54,43,1,1,0,0.2,0,0.1,0.2,0.1,0.2,0.1,0,0.1,0
56,43,1,2,0.1,0.3,0.1,0.3,0.3,0.1,0.4,0.2,0.1,0.1,0
57,43,1,3,0.1,0.4,0.1,0.4,0.5,0.2,0.7,0.3,0.1,0.2,0
61,43,1,3,0.1,0.4,0.1,0.4,0.5,0.2,0.7,0.3,0.1,0.2,0
72,43,1,4,0.1,0.5,0.3,0.5,0.9,0,0.6,0.6,0.3,0.2,0
73,43,1,4,0.1,0.5,0.3,0.5,0.9,0,0.6,0.6,0.3,0.2,0
74,43,1,4,0.1,0.5,0.3,0.5,0.9,0,0.6,0.6,0.3,0.2,0
75,43,1,2,0,0.3,0.2,0.3,0.4,0,0.3,0.3,0.1,0.1,0
77,43,1,1,0,0.1,0.1,0.1,0.2,0,0.2,0.2,0.1,0,0
79,43,1,7,0.2,0.8,0.7,0.9,1.3,0.1,1.3,1.1,0.4,0.2,0
80,43,0,33,2,1,2,4,5,0,10,6,1,2,0
81,43,0,26.5,0,5,3.5,0,5,0,6,3,0,4,0
82,43,0,34,1,5,4,8,9,0,2,2,3,0,0
83,43,1,5,0.2,0.5,0.3,0.7,0.4,0.1,0.7,0.9,0.3,0.9,0
84,43,1,5,0.2,0.5,0.3,0.7,0.4,0.1,0.7,0.9,0.3,0.9,0
85,43,1,3,0.1,0.3,0.2,0.4,0.3,0.1,0.4,0.5,0.2,0.5,0
86,43,1,7,0.3,0.8,0.4,0.9,0.6,0.2,0.9,1.3,0.4,1.2,0
87,43,1,13,0.3,1.1,0.7,1.5,2.5,0.1,2.9,2.5,0.8,0.6,0
90,43,1,10,0.2,0.8,0.5,1.2,1.9,0.1,2.3,1.9,0.6,0.5,0
91,43,1,9,0.2,0.8,0.5,1.1,1.7,0.1,2,1.7,0.5,0.4,0
100,43,1,2,0,0,0.1,0.2,0.5,0,0.6,0.6,0,0,0
101,43,1,2,0,0,0.1,0.2,0.5,0,0.6,0.6,0,0,0
104,43,1,5,0.2,0.5,0.1,0.7,0.8,0.2,0.7,0.9,0.5,0.4,0
107,43,1,2,0.1,0.2,0,0.3,0.3,0.1,0.3,0.3,0.2,0.2,0
2,44,1,24,0.6,1.1,1.2,2.9,4.3,0.2,6.2,3.9,1.7,1.9,0
3,44,0,35,0,0,5,8,5,0,11,4,0,2,0
5,44,1,5,0.1,0.2,0.3,0.6,0.9,0,1.3,0.8,0.4,0.4,0
6,44,1,25,0.6,1.1,1.2,3,4.5,0.2,6.5,4.1,1.8,2,0
7,44,1,7,0,0.2,1.1,0.6,1.9,0,1.9,0.7,0,0.6,0
19,44,1,12,0.8,0.8,1.6,2.6,1.6,0.3,1.8,1.6,0.5,0.4,0
20,44,1,13,0.9,0.9,1.8,2.8,1.8,0.3,1.9,1.8,0.5,0.3,0
21,44,0,31,2,4,1,7,5,0.5,7,1,2.5,1,0
22,44,1,5,0.4,0.3,0.1,1.1,1.1,0.1,0.7,0.6,0.4,0.2,0
24,44,1,8,0.7,0.5,0.2,1.7,1.7,0.2,1,0.9,0.7,0.4,0
35,44,1,4,0.2,0.5,0.3,0.5,1,0,0.5,0.5,0.2,0.3,0
48,44,1,3,0.2,0.3,0.2,0.4,0.6,0.1,0.7,0.3,0.2,0,0
49,44,1,1,0.1,0.1,0.1,0.1,0.2,0,0.2,0.1,0.1,0,0
51,44,1,1,0.1,0.1,0.1,0.1,0.2,0,0.2,0.1,0.1,0,0
60,44,1,4,0.2,0.2,0.1,0.7,0.7,0,0.6,0.6,0.4,0.5,0
63,44,1,2,0.1,0.1,0.1,0.3,0.4,0,0.4,0.4,0.1,0.1,0
71,44,1,5,0.2,0.4,0.2,0.7,0.9,0.1,0.9,0.9,0.3,0.4,0
72,44,1,2,0.1,0.1,0.1,0.3,0.4,0.1,0.4,0.4,0.1,0,0
73,44,1,3,0.2,0.2,0.2,0.4,0.5,0.1,0.5,0.6,0.2,0.1,0
75,44,1,20,1.3,1.4,1.3,2.5,3.6,0.5,3.6,4.3,1.1,0.4,0
79,44,1,4,0.1,0.2,0.3,0.8,0.5,0,1.5,0.5,0.1,0,0
80,44,0,37,0,6,3,2,9,0,7,7,1,2,0
81,44,1,10,0.3,0.6,0.6,1.9,1.2,0,3.8,1.3,0.3,0,0
82,44,1,14,0.5,1.5,0.3,2.1,2.6,0.3,1.2,2,1.9,1.6,0
85,44,1,3,0.1,0.3,0.1,0.5,0.6,0.1,0.2,0.4,0.4,0.3,0
86,44,1,5,0.2,0.5,0.1,0.8,0.9,0.1,0.4,0.7,0.7,0.6,0
88,44,1,4,0.1,0.3,0.2,0.5,0.6,0,0.8,1,0,0.5,0
91,44,1,2,0.1,0.2,0.1,0.2,0.3,0,0.4,0.5,0,0.2,0
92,44,1,2,0.1,0.2,0.3,0.4,0.5,0,0.1,0.2,0.1,0.1,0
97,44,1,2,0,0.3,0.1,0.4,0.4,0.1,0.1,0.3,0.2,0.1,0
98,44,1,1,0,0.1,0,0.2,0.2,0.1,0.1,0.2,0.1,0,0
100,44,1,12,0,1.7,0.5,2.2,2.2,0.7,1,2,1.2,0.5,0
101,44,1,6,0,0.9,0.2,1.1,1.1,0.4,0.5,1,0.6,0.2,0
102,44,1,7,0.3,0.7,0.3,1.3,1.2,0.2,0.7,1,0.8,0.4,0.1
103,44,1,12,0.4,1.3,0.4,2.2,2.1,0.3,1.3,1.8,1.5,0.6,0.1
104,44,1,12,0.4,1.3,0.4,2.2,2.1,0.3,1.3,1.8,1.5,0.6,0.1
105,44,1,8,0.3,0.8,0.3,1.5,1.4,0.2,0.8,1.2,1,0.4,0.1
106,44,1,9,0.3,1,0.3,1.7,1.6,0.2,1,1.3,1.1,0.4,0.1
115,44,1,3,0,0.2,0.5,0.1,1,0,0.4,0.4,0,0.4,0
1,45,1,2,0.2,0.2,0,0.4,0.1,0,0.1,0.7,0.1,0.2,0
2,45,1,16.5,0.4,0.7,0.8,2,3,0.1,4.3,2.7,1.2,1.3,0
3,45,0,24,1,3,0,3,6,0,6,2,0,3,0
4,45,0,28,0,3,2,0,8,0,4,7,0,4,0
5,45,0,28.5,1,3.5,1,3,6,0,5,7,1,1,0
6,45,1,4,0.1,0.2,0.2,0.5,0.7,0,1,0.7,0.3,0.3,0
7,45,1,3,0,0.1,0.5,0.2,0.8,0,0.8,0.3,0,0.3,0
12,45,1,1,0.1,0.1,0.1,0.2,0.1,0,0.2,0.1,0.1,0,0
20,45,1,4,0.3,0.3,0.5,0.9,0.5,0.1,0.6,0.5,0.2,0.1,0
22,45,1,4,0.3,0.3,0.1,0.9,0.9,0.1,0.5,0.4,0.3,0.2,0
23,45,1,18,1.6,1.2,0.4,3.9,3.9,0.4,2.3,1.9,1.6,0.8,0
28,45,1,2,0,0.2,0,0.2,0.9,0,0.4,0.3,0,0,0
35,45,1,2,0.1,0.2,0.2,0.2,0.5,0,0.2,0.3,0.1,0.2,0
36,45,1,6,0.3,0.8,0.5,0.7,1.4,0,0.7,0.8,0.3,0.5,0
39,45,1,2,0.1,0.3,0.1,0.4,0.4,0.1,0.1,0.2,0.2,0.1,0
40,45,1,7,0.4,1.1,0.4,1.3,1.3,0.5,0.5,0.7,0.6,0.2,0
45,45,1,2,0.1,0.2,0.2,0.3,0.5,0,0.3,0.3,0,0.1,0
46,45,1,4,0.2,0.3,0.4,0.7,1,0.1,0.5,0.5,0.1,0.2,0
47,45,0,39.5,1,4.5,3,4,9,2,6,6,2,2,0
54,45,1,2,0.1,0.1,0.1,0.3,0.3,0,0.3,0.3,0.2,0.3,0
57,45,1,1,0.1,0,0,0.2,0.2,0,0.1,0.2,0.1,0.1,0
69,45,1,1,0,0.1,0,0.1,0.2,0,0.2,0.2,0.1,0.1,0
70,45,1,1,0,0.1,0,0.1,0.2,0,0.2,0.2,0.1,0.1,0
71,45,1,5,0.2,0.4,0.2,0.7,0.9,0.1,0.9,0.9,0.3,0.4,0
74,45,1,1,0.1,0.1,0.1,0.1,0.2,0,0.2,0.2,0,0,0
75,45,1,9,0.6,0.7,0.6,1.1,1.6,0.2,1.6,1.9,0.5,0.2,0
76,45,1,3,0.2,0.2,0.2,0.4,0.5,0.1,0.5,0.6,0.2,0.1,0
81,45,1,6,0.2,0.4,0.4,1.1,0.7,0,2.2,0.8,0.2,0,0
82,45,1,2,0.1,0.2,0,0.3,0.4,0,0.2,0.3,0.3,0.2,0
84,45,1,8,0.3,0.8,0.2,1.2,1.5,0.2,0.7,1.1,1.1,0.9,0
85,45,1,4,0.1,0.4,0.1,0.6,0.8,0.1,0.3,0.6,0.5,0.5,0
88,45,1,5,0.1,0.4,0.2,0.6,0.7,0,1.1,1.3,0,0.6,0
99,45,1,1,0,0.1,0,0.2,0.2,0.1,0.1,0.2,0.1,0,0
100,45,1,12,0,1.7,0.5,2.2,2.2,0.7,1,2,1.2,0.5,0
101,45,1,9,0,1.3,0.4,1.6,1.7,0.5,0.7,1.5,0.9,0.4,0
102,45,1,20,0.7,2.1,0.7,3.7,3.6,0.6,2.1,3,2.4,1,0.1
103,45,0,45,6,0,6,13,6,2,3,6,1,2,0
104,45,1,5,0.2,0.5,0.2,0.9,0.9,0.1,0.5,0.8,0.6,0.3,0
107,45,1,2,0,0,0.2,0.2,0.6,0.1,0,0.2,0.1,0.6,0
109,45,1,1,0,0,0.1,0.1,0.3,0,0,0.1,0.1,0.3,0
117,45,1,2,0.1,0.3,0.2,0.2,0.6,0.1,0.2,0.2,0,0.1,0
118,45,1,2,0.1,0.3,0.2,0.2,0.6,0.1,0.2,0.2,0,0.1,0
120,45,1,6,0.2,0.8,0.5,0.7,1.9,0.2,0.7,0.6,0,0.4,0
1,46,1,2,0.2,0.2,0,0.4,0.1,0,0.1,0.7,0.1,0.2,0
2,46,0,54,0,2,4,4,12,0,16,11,2,3,0
3,46,0,83.5,7,6.5,5,17,11,2,14,10,4,7,0
4,46,1,3,0.1,0.1,0.2,0.4,0.5,0,0.8,0.5,0.2,0.2,0
5,46,1,7,0.2,0.3,0.3,0.9,1.2,0.1,1.8,1.1,0.5,0.6,0
6,46,1,3,0.1,0.1,0.2,0.4,0.5,0,0.8,0.5,0.2,0.2,0
7,46,1,5,0,0.1,0.8,0.4,1.4,0,1.4,0.5,0,0.4,0
13,46,1,3,0.2,0.2,0.4,0.7,0.4,0.1,0.4,0.4,0.1,0.1,0
19,46,1,4,0.3,0.3,0.5,0.9,0.5,0.1,0.6,0.5,0.2,0.1,0
22,46,1,2,0.2,0.1,0.1,0.4,0.4,0,0.3,0.2,0.2,0.1,0
23,46,1,3,0.3,0.2,0.1,0.6,0.6,0.1,0.4,0.3,0.3,0.1,0
25,46,1,2,0.2,0.1,0.1,0.4,0.4,0,0.3,0.2,0.2,0.1,0
35,46,1,4,0.2,0.5,0.3,0.5,1,0,0.5,0.5,0.2,0.3,0
37,46,1,8.5,0.4,1.4,0.4,1.6,1.6,0.6,0.6,0.9,0.7,0.3,0
45,46,1,1,0.1,0.1,0.1,0.2,0.2,0,0.1,0.1,0,0.1,0
46,46,0,50,4,7,3,11,13,3,3,4,1,1,0
47,46,0,29,1,0,4,3,7,1,5,2,4,2,0
48,46,1,2,0.1,0.2,0.2,0.2,0.4,0.1,0.5,0.2,0.1,0,0
49,46,1,25.5,1.4,2.8,2,3.2,4.8,0.8,6.1,2.4,1.6,0.4,0
50,46,1,2,0.1,0.2,0.2,0.2,0.4,0.1,0.5,0.2,0.1,0,0
57,46,1,1,0.1,0,0,0.2,0.2,0,0.1,0.2,0.1,0.1,0
63,46,1,2,0.1,0.1,0.1,0.3,0.4,0,0.4,0.4,0.1,0.1,0
65,46,1,2,0.1,0.1,0.1,0.3,0.4,0,0.4,0.4,0.1,0.1,0
70,46,1,2,0.1,0.1,0.1,0.3,0.4,0,0.4,0.4,0.1,0.1,0
72,46,1,1,0.1,0.1,0.1,0.1,0.2,0,0.2,0.2,0,0,0
74,46,1,1,0.1,0.1,0.1,0.1,0.2,0,0.2,0.2,0,0,0
75,46,1,12,0.7,0.9,0.8,1.5,2.2,0.3,2.2,2.6,0.6,0.2,0
76,46,1,9,0.6,0.7,0.6,1.1,1.6,0.2,1.6,1.9,0.5,0.2,0
77,46,1,6,0.2,0.4,0.4,1.1,0.7,0,2.2,0.8,0.2,0,0
81,46,1,1,0,0.1,0.1,0.2,0.1,0,0.4,0.1,0,0,0
85,46,1,10,0.4,1.1,0.2,1.5,1.9,0.2,0.8,1.4,1.3,1.2,0
86,46,1,6,0.2,0.6,0.2,0.9,1.1,0.1,0.5,0.9,0.8,0.7,0
87,46,1,2,0.1,0.2,0.1,0.2,0.3,0,0.4,0.5,0,0.2,0
90,46,1,4,0.1,0.3,0.2,0.5,0.6,0,0.8,1,0,0.5,0
91,46,1,2,0.1,0.2,0.1,0.2,0.3,0,0.4,0.5,0,0.2,0
99,46,1,4,0,0.6,0.2,0.7,0.7,0.2,0.3,0.7,0.4,0.2,0
101,46,1,2,0,0.3,0.1,0.4,0.4,0.1,0.1,0.3,0.2,0.1,0
102,46,1,15,0.5,1.6,0.5,2.8,2.7,0.4,1.6,2.2,1.8,0.8,0.1
103,46,1,17,0.6,1.8,0.6,3.1,3,0.5,1.8,2.5,2.1,0.9,0.1
104,46,1,6,0.2,0.6,0.2,1.1,1.1,0.2,0.6,0.9,0.7,0.3,0.1
105,46,1,2,0.1,0.2,0.1,0.4,0.3,0.1,0.2,0.3,0.2,0.1,0
110,46,1,6,0,0,0.6,0.6,1.8,0.3,0,0.6,0.3,1.8,0
115,46,1,4,0,0.3,0.7,0.2,1.3,0,0.5,0.5,0,0.5,0
116,46,1,1,0,0.1,0.2,0.1,0.3,0,0.1,0.1,0,0.1,0
118,46,1,1,0,0.2,0.1,0.1,0.3,0,0.1,0.1,0,0.1,0
119,46,1,7,0.2,1,0.5,0.9,2.2,0.2,0.9,0.7,0,0.4,0
120,46,1,1,0,0.2,0.1,0.1,0.3,0,0.1,0.1,0,0.1,0
1,47,1,9,0.9,0.9,0,1.9,0.6,0,0.3,3.1,0.3,1,0
2,47,0,76,0,10,5,5,18,0,12,18,4,4,0
3,47,0,44.5,1,1,3,8,7,1.5,4,12,2,5,0
4,47,0,32,3,0,2,4,4,0,7,8,1,3,0
5,47,1,27,0.6,1.2,1.3,3.3,4.8,0.2,7,4.4,2,2.2,0
6,47,1,3,0.1,0.1,0.2,0.4,0.5,0,0.8,0.5,0.2,0.2,0
10,47,1,4,0,0.1,0.7,0.3,1.1,0,1.1,0.4,0,0.3,0
17,47,1,7,0.5,0.5,0.9,1.5,0.9,0.2,1,1,0.3,0.2,0
23,47,1,4,0.3,0.3,0.1,0.9,0.9,0.1,0.5,0.4,0.3,0.2,0
27,47,1,4,0,0.3,0.1,0.3,1.9,0,0.7,0.6,0.1,0,0
28,47,1,3,0,0.2,0.1,0.2,1.4,0,0.5,0.5,0.1,0,0
29,47,1,2,0,0.2,0,0.2,0.9,0,0.4,0.3,0,0,0
32,47,1,5,0.2,0.7,0.4,0.6,1.2,0,0.6,0.7,0.2,0.4,0
35,47,1,4,0.2,0.5,0.3,0.5,1,0,0.5,0.5,0.2,0.3,0
36,47,1,1,0.1,0.1,0.1,0.1,0.2,0,0.1,0.1,0.1,0.1,0
38,47,1,3,0.1,0.5,0.1,0.6,0.6,0.2,0.2,0.3,0.3,0.1,0
44,47,1,2,0.1,0.2,0.2,0.3,0.5,0,0.3,0.3,0,0.1,0
45,47,1,8,0.4,0.6,0.8,1.3,1.9,0.2,1.1,1.1,0.2,0.4,0
46,47,1,9,0.5,0.7,1,1.4,2.1,0.2,1.2,1.2,0.2,0.5,0
47,47,1,2,0.1,0.2,0.2,0.2,0.4,0.1,0.5,0.2,0.1,0,0
48,47,1,4,0.2,0.4,0.3,0.5,0.8,0.1,0.9,0.4,0.3,0.1,0
49,47,1,7,0.4,0.8,0.5,0.9,1.3,0.2,1.7,0.7,0.4,0.1,0
50,47,1,6,0.3,0.7,0.5,0.7,1.1,0.2,1.4,0.6,0.4,0.1,0
52,47,1,1,0.1,0,0,0.2,0.2,0,0.1,0.2,0.1,0.1,0
53,47,1,3,0.2,0.1,0.1,0.5,0.5,0,0.4,0.5,0.3,0.4,0
54,47,1,5,0.3,0.2,0.1,0.9,0.9,0,0.7,0.8,0.5,0.6,0
60,47,1,13,0.8,0.6,0.3,2.2,2.2,0,1.9,1.9,1.4,1.7,0
61,47,1,1,0.1,0,0,0.2,0.2,0,0.1,0.2,0.1,0.1,0
62,47,1,2,0.1,0.1,0.1,0.3,0.4,0,0.4,0.4,0.1,0.1,0
65,47,1,2,0.1,0.1,0.1,0.3,0.4,0,0.4,0.4,0.1,0.1,0
67,47,1,1,0,0.1,0,0.1,0.2,0,0.2,0.2,0.1,0.1,0
71,47,1,2,0.1,0.1,0.1,0.3,0.4,0,0.4,0.4,0.1,0.1,0
72,47,1,7,0.4,0.5,0.4,0.9,1.3,0.2,1.3,1.5,0.4,0.1,0
75,47,1,5,0.3,0.4,0.3,0.6,0.9,0.1,0.9,1.1,0.3,0.1,0
76,47,1,10,0.6,0.7,0.6,1.3,1.8,0.3,1.8,2.2,0.5,0.2,0
81,47,1,1,0,0.1,0.1,0.2,0.1,0,0.4,0.1,0,0,0
82,47,1,2,0.1,0.2,0,0.3,0.4,0,0.2,0.3,0.3,0.2,0
84,47,1,1.5,0.1,0.2,0,0.2,0.3,0,0.1,0.2,0.2,0.2,0
85,47,1,2,0.1,0.2,0,0.3,0.4,0,0.2,0.3,0.3,0.2,0
88,47,0,46,3,3,3,5,7,1,10,10,1,3,0
89,47,0,64,3,6,6,11,11,1,16,3,4,3,0
90,47,1,7,0.2,0.5,0.4,0.8,1,0,1.5,1.8,0,0.8,0
91,47,1,8,0.2,0.6,0.4,0.9,1.1,0,1.7,2.1,0,1,0
92,47,1,3,0.1,0.3,0.5,0.7,0.8,0,0.1,0.3,0.1,0.1,0
102,47,1,16,0.6,1.7,0.6,2.9,2.8,0.5,1.7,2.4,1.9,0.8,0.1
103,47,1,4,0.2,0.4,0.2,0.7,0.7,0.1,0.4,0.6,0.5,0.2,0
104,47,1,2,0.1,0.2,0.1,0.4,0.3,0.1,0.2,0.3,0.2,0.1,0
105,47,1,2,0.1,0.2,0.1,0.4,0.3,0.1,0.2,0.3,0.2,0.1,0
114,47,1,2,0,0.1,0.3,0.1,0.6,0,0.3,0.3,0,0.3,0
1,48,1,1,0.1,0.1,0,0.2,0.1,0,0,0.4,0,0.1,0
2,48,0,65,6,9,3,13,16,2,6,2,5,3,0
3,48,0,46.5,3,6,2.5,6,9,1,7,8,2,2,0
4,48,0,57,2,3,2,9,9,1.5,9,16,3.5,2,0
5,48,0,53,2,3,2,5,7,0,9,20,4,1,0
6,48,1,6,0.1,0.3,0.3,0.7,1.1,0,1.6,1,0.4,0.5,0
16,48,1,4,0.3,0.3,0.5,0.9,0.5,0.1,0.6,0.5,0.2,0.1,0
18,48,1,5,0.3,0.3,0.7,1.1,0.7,0.1,0.8,0.7,0.2,0.1,0
20,48,1,1,0.1,0.1,0.1,0.2,0.1,0,0.2,0.1,0.1,0,0
30,48,1,2,0,0.2,0,0.2,0.9,0,0.4,0.3,0,0,0
32,48,1,5,0.2,0.7,0.4,0.6,1.2,0,0.6,0.7,0.2,0.4,0
33,48,1,3,0.1,0.4,0.2,0.4,0.7,0,0.4,0.4,0.2,0.2,0
34,48,1,5,0.2,0.7,0.4,0.6,1.2,0,0.6,0.7,0.2,0.4,0
35,48,1,17,0.8,2.3,1.4,2,4,0,2,2.3,0.8,1.4,0
36,48,1,4,0.2,0.5,0.3,0.5,1,0,0.5,0.5,0.2,0.3,0
39,48,1,5,0.3,0.8,0.3,0.9,0.9,0.3,0.4,0.5,0.4,0.2,0
48,48,1,3,0.2,0.3,0.2,0.4,0.6,0.1,0.7,0.3,0.2,0,0
49,48,1,7,0.4,0.8,0.5,0.9,1.3,0.2,1.7,0.7,0.4,0.1,0
65,48,1,4,0.2,0.3,0.2,0.6,0.7,0.1,0.7,0.7,0.2,0.3,0
66,48,1,13.5,0.5,1,0.5,1.9,2.4,0.3,2.5,2.5,0.8,1.1,0
67,48,1,5,0.2,0.4,0.2,0.7,0.9,0.1,0.9,0.9,0.3,0.4,0
72,48,1,4,0.2,0.3,0.3,0.5,0.7,0.1,0.7,0.9,0.2,0.1,0
73,48,1,4,0.2,0.3,0.3,0.5,0.7,0.1,0.7,0.9,0.2,0.1,0
76,48,1,20,1.3,1.4,1.3,2.5,3.6,0.5,3.6,4.3,1.1,0.4,0
77,48,1,4,0.1,0.2,0.3,0.8,0.5,0,1.5,0.5,0.1,0,0
86,48,1,4,0.1,0.4,0.1,0.6,0.8,0.1,0.3,0.6,0.5,0.5,0
88,48,1,8,0.2,0.6,0.4,0.9,1.1,0,1.7,2.1,0,1,0
89,48,0,26,1,5,1,3,5,1,3,4,1,2,0
90,48,0,27,2,0,1,3,3,2,6,7,1,2,0
92,48,1,9,0.3,1,1.6,1.9,2.3,0,0.3,1,0.3,0.3,0
93,48,1,10,0.3,1.1,1.8,2.1,2.5,0,0.4,1.1,0.3,0.4,0
94,48,1,4,0.1,0.4,0.7,0.9,1,0,0.2,0.4,0.1,0.2,0
102,48,1,4,0.2,0.4,0.2,0.7,0.7,0.1,0.4,0.6,0.5,0.2,0
109,48,1,1,0,0,0.1,0.1,0.3,0,0,0.1,0.1,0.3,0
110,48,1,4,0,0,0.4,0.4,1.2,0.2,0,0.4,0.2,1.2,0
113,48,1,11.5,0,0.8,2.1,0.5,3.6,0,1.5,1.5,0,1.5,0
116,48,1,1,0,0.1,0.2,0.1,0.3,0,0.1,0.1,0,0.1,0
2,49,1,3,0.3,0.2,0,0.9,0.3,0.1,0.5,0.4,0.2,0.1,0
3,49,0,60.5,4,2.5,1,11,5,0,14,17,2,4,0
4,49,0,45,1,2,5,7,7,0,7,15,1,0,0
5,49,1,15,1.6,1.1,0,4.4,1.6,0.3,2.3,2,1.2,0.5,0
6,49,0,48,6,3,2,17,7,1,1,1,9,1,0
7,49,1,1,0,0,0.1,0.1,0.3,0,0.3,0.1,0,0.1,0
17,49,1,10,0.7,0.7,1.3,2.2,1.3,0.3,1.5,1.3,0.4,0.3,0
19,49,1,3,0.2,0.2,0.4,0.7,0.4,0.1,0.4,0.4,0.1,0.1,0
24,49,1,2,0,0.2,0,0.2,0.9,0,0.4,0.3,0,0,0
25,49,1,3,0,0.2,0.1,0.2,1.4,0,0.5,0.5,0.1,0,0
26,49,1,1,0,0.1,0,0.1,0.5,0,0.2,0.1,0,0,0
28,49,1,2,0.2,0,0,0.3,0.3,0,0.6,0.3,0.2,0.1,0
29,49,1,4,0.3,0.1,0,0.5,0.6,0.1,1.2,0.7,0.3,0.2,0
30,49,1,2,0.2,0,0,0.3,0.3,0,0.6,0.3,0.2,0.1,0
31,49,1,4,0.3,0.1,0,0.5,0.6,0.1,1.2,0.7,0.3,0.2,0
33,49,1,2,0.1,0.3,0.1,0.4,0.4,0.1,0.1,0.2,0.2,0.1,0
39,49,1,2,0.1,0.2,0.1,0.3,0.5,0,0.2,0.4,0.1,0.1,0
40,49,1,2,0.1,0.2,0.1,0.3,0.5,0,0.2,0.4,0.1,0.1,0
41,49,1,16,1.2,1.7,0.6,2.6,3.8,0,1.4,2.9,1.2,0.6,0
42,49,1,1,0.1,0.1,0,0.2,0.2,0,0.1,0.2,0,0.1,0
43,49,1,7,0.4,0.8,0.3,1.3,1,0.2,0.8,1.5,0.2,0.5,0
45,49,1,8,0.4,1,0.3,1.4,1.2,0.2,0.9,1.7,0.3,0.6,0
56,49,1,1,0.1,0,0,0.2,0.2,0,0.1,0.2,0.1,0.1,0
64,49,1,4,0.1,0.3,0.2,0.6,1.2,0.1,0.5,0.3,0.3,0.4,0
65,49,1,6,0.1,0.5,0.3,0.9,1.7,0.2,0.7,0.5,0.4,0.7,0
69,49,1,11,0.8,1.9,0.8,0.8,3,0.3,2.1,0.5,0.3,0.5,0
70,49,1,4,0.3,0.7,0.3,0.3,1,0.1,0.8,0.2,0.1,0.2,0
71,49,1,6,0.4,1,0.4,0.4,1.6,0.2,1.2,0.3,0.2,0.3,0
72,49,1,13,0.7,1.3,0.9,2.2,3,0.2,0.9,2.3,0.7,0.8,0
73,49,1,4,0.2,0.4,0.3,0.7,0.9,0.1,0.3,0.7,0.2,0.2,0
74,49,1,2,0.1,0.2,0.1,0.3,0.5,0,0.2,0.4,0.1,0.1,0
75,49,1,25,1.3,2.4,1.8,4.2,5.8,0.4,1.8,4.4,1.3,1.6,0
76,49,1,13,0.7,1.3,0.9,2.2,3,0.2,0.9,2.3,0.7,0.8,0
79,49,1,4,0.1,0.3,0.5,0.5,1,0.1,0.5,0.7,0.2,0.1,0
81,49,1,7,0.1,0.5,0.9,0.9,1.8,0.2,0.9,1.2,0.3,0.2,0
86,49,1,3,0.1,0.3,0.1,0.5,0.6,0.1,0.2,0.4,0.4,0.3,0
87,49,1,2,0.1,0.3,0.1,0.2,0.5,0.1,0.3,0.2,0.1,0.1,0
88,49,1,12,0.5,1.5,0.7,1.1,2.9,0.6,2,1.3,0.8,0.6,0
89,49,1,7,0.3,0.9,0.4,0.7,1.7,0.3,1.2,0.7,0.5,0.3,0
90,49,1,32,1.2,4,1.9,3.1,7.8,1.5,5.3,3.4,2.2,1.6,0
91,49,1,14,0.5,1.8,0.8,1.4,3.4,0.7,2.3,1.5,0.9,0.7,0
92,49,1,26.5,0.9,2.3,2.3,4.2,6.1,0.5,2.4,2.8,3.1,1.9,0
93,49,1,3,0.1,0.3,0.3,0.5,0.7,0,0.3,0.3,0.3,0.2,0
94,49,1,5,0.2,0.4,0.4,0.8,1.2,0.1,0.4,0.5,0.6,0.4,0
106,49,1,5,0,0,0.5,0.5,1.5,0.2,0,0.5,0.3,1.5,0
108,49,1,2,0,0.1,0.2,0.3,0.3,0.1,0.3,0.3,0.3,0.1,0
109,49,1,2,0,0.1,0.2,0.3,0.3,0.1,0.3,0.3,0.3,0.1,0
110,49,1,11,0.2,0.7,0.9,1.6,1.8,0.7,1.6,1.8,1.3,0.4,0
111,49,1,2,0,0.1,0.2,0.3,0.3,0.1,0.3,0.3,0.3,0.1,0
112,49,1,8,0.4,1.1,0.2,1.3,1.2,0.3,1.3,1.1,0.4,0.7,0
113,49,1,7,0.3,1,0.2,1.2,1.1,0.2,1.2,0.9,0.3,0.6,0
117,49,1,6,0.2,0.8,0.5,0.7,1.9,0.2,0.7,0.6,0,0.4,0
118,49,1,7,0.2,1,0.5,0.9,2.2,0.2,0.9,0.7,0,0.4,0
3,50,0,37,3,0,2,7,3,3,9,8,1,1,0
4,50,0,34,4,3,1,9,6,0,5,5,1,0,0
5,50,1,31,3.2,2.3,0,9,3.2,0.7,4.8,4.2,2.6,1,0
6,50,1,4,0.4,0.3,0,1.2,0.4,0.1,0.6,0.6,0.3,0.1,0
7,50,1,5,0,0.1,0.8,0.4,1.4,0,1.4,0.5,0,0.4,0
15,50,1,1,0.1,0.1,0.1,0.2,0.1,0,0.2,0.1,0.1,0,0
24,50,1,2,0,0.2,0,0.2,0.9,0,0.4,0.3,0,0,0
25,50,1,8,0,0.6,0.2,0.6,3.8,0,1.4,1.2,0.2,0,0
26,50,1,6,0,0.4,0.1,0.5,2.9,0,1.1,0.9,0.1,0,0
27,50,1,2,0.2,0,0,0.3,0.3,0,0.6,0.3,0.2,0.1,0
28,50,1,2,0.2,0,0,0.3,0.3,0,0.6,0.3,0.2,0.1,0
29,50,1,11,0.9,0.2,0,1.5,1.7,0.2,3.2,2,0.9,0.4,0
39,50,1,1,0.1,0.1,0,0.2,0.2,0,0.1,0.2,0.1,0,0
40,50,1,13,0.9,1.4,0.5,2.1,3.1,0,1.2,2.4,0.9,0.5,0
41,50,1,4,0.3,0.4,0.1,0.7,1,0,0.4,0.7,0.3,0.1,0
42,50,0,31,3,1,2,9,5,4,2,3,1,1,0
43,50,1,3,0.2,0.4,0.1,0.5,0.4,0.1,0.3,0.7,0.1,0.2,0
46,50,1,4,0.2,0.5,0.2,0.7,0.6,0.1,0.4,0.9,0.1,0.3,0
53,50,1,2,0.1,0.1,0.1,0.3,0.3,0,0.3,0.3,0.2,0.3,0
56,50,1,11,0.7,0.5,0.2,1.9,1.9,0,1.6,1.6,1.2,1.4,0
57,50,1,4,0.4,0.3,0.2,0.8,0.7,0.1,0.3,0.5,0.6,0.1,0
64,50,1,8,0.2,0.7,0.3,1.2,2.3,0.3,0.9,0.7,0.5,0.9,0
65,50,1,3,0.1,0.3,0.1,0.4,0.9,0.1,0.3,0.3,0.2,0.3,0
69,50,1,9,0.7,1.5,0.7,0.7,2.4,0.2,1.8,0.4,0.2,0.4,0
71,50,1,4,0.3,0.7,0.3,0.3,1,0.1,0.8,0.2,0.1,0.2,0
72,50,1,9,0.5,0.9,0.6,1.5,2.1,0.2,0.6,1.6,0.5,0.5,0
75,50,1,10,0.5,1,0.7,1.7,2.3,0.2,0.7,1.8,0.5,0.6,0
76,50,0,41,2,0,4,9,5,0.5,4,8,1.5,7,0
77,50,1,17,0.3,1.1,2.1,2.3,4.3,0.5,2.1,3,0.8,0.5,0
78,50,1,21,0.4,1.4,2.6,2.8,5.3,0.6,2.6,3.7,1,0.6,0
79,50,1,16,0.3,1.1,2,2.1,4,0.4,2,2.9,0.8,0.4,0
80,50,1,4,0.1,0.3,0.5,0.5,1,0.1,0.5,0.7,0.2,0.1,0
87,50,1,9,0.4,1.1,0.5,0.9,2.2,0.4,1.5,1,0.6,0.4,0
88,50,1,2,0.1,0.3,0.1,0.2,0.5,0.1,0.3,0.2,0.1,0.1,0
89,50,1,5,0.2,0.6,0.3,0.5,1.2,0.3,0.8,0.5,0.3,0.3,0
92,50,1,10,0.3,0.9,0.9,1.6,2.3,0.2,0.9,1.1,1.1,0.7,0
93,50,1,6,0.2,0.5,0.5,1,1.4,0.1,0.5,0.7,0.7,0.4,0
106,50,1,1,0,0,0.1,0.1,0.3,0,0,0.1,0.1,0.3,0
111,50,1,2,0,0.1,0.2,0.3,0.3,0.1,0.3,0.3,0.3,0.1,0
112,50,1,13,0.6,1.8,0.3,2.2,2,0.4,2.2,1.7,0.7,1.1,0
113,50,1,10,0.5,1.4,0.3,1.7,1.5,0.3,1.7,1.3,0.5,0.8,0
1,51,1,6,0.6,0.6,0,1.3,0.4,0,0.2,2.1,0.2,0.6,0
3,51,1,2,0.2,0.1,0,0.6,0.2,0,0.3,0.3,0.2,0.1,0
4,51,1,9,0.9,0.7,0,2.6,0.9,0.2,1.4,1.2,0.8,0.3,0
8,51,1,3,0,0.1,0.5,0.2,0.8,0,0.8,0.3,0,0.3,0
9,51,1,1,0,0,0.1,0.1,0.3,0,0.3,0.1,0,0.1,0
11,51,1,5,0,0.1,0.8,0.4,1.4,0,1.4,0.5,0,0.4,0
28,51,1,1,0.1,0,0,0.1,0.2,0,0.3,0.2,0.1,0,0
29,51,1,5,0.4,0.1,0,0.7,0.8,0.1,1.4,0.9,0.4,0.2,0
34,51,1,1,0,0.2,0,0.2,0.2,0.1,0.1,0.1,0.1,0,0
35,51,1,5,0.3,0.8,0.3,0.9,0.9,0.3,0.4,0.5,0.4,0.2,0
36,51,1,6,0.3,1,0.3,1.1,1.2,0.4,0.4,0.6,0.5,0.2,0
38,51,1,10,0.7,1.1,0.4,1.6,2.4,0,0.9,1.8,0.7,0.4,0
40,51,1,2,0.1,0.2,0.1,0.3,0.5,0,0.2,0.4,0.1,0.1,0
41,51,0,29,2,3,0,6,3,1,5,8,1,0,0
42,51,0,55,3,8,5,7,17,3,2,3,5,2,0
43,51,1,2,0.1,0.2,0.1,0.4,0.3,0.1,0.2,0.4,0.1,0.1,0
50,51,1,3,0.1,0.2,0.3,0.5,0.7,0.1,0.4,0.4,0.1,0.2,0
59,51,1,4,0.4,0.3,0.2,0.8,0.7,0.1,0.3,0.5,0.6,0.1,0
62,51,1,4,0.1,0.3,0.2,0.6,1.2,0.1,0.5,0.3,0.3,0.4,0
64,51,1,1,0,0.1,0,0.2,0.3,0,0.1,0.1,0.1,0.1,0
65,51,1,2,0,0.2,0.1,0.3,0.6,0.1,0.2,0.2,0.1,0.2,0
67,51,1,1,0.1,0.2,0.1,0.1,0.3,0,0.2,0,0,0,0
69,51,1,4,0.3,0.7,0.3,0.3,1,0.1,0.8,0.2,0.1,0.2,0
75,51,1,2,0.1,0.2,0.1,0.3,0.5,0,0.2,0.4,0.1,0.1,0
76,51,1,17,0.9,1.7,1.2,2.9,3.9,0.3,1.2,3,0.9,1,0
77,51,0,69,4,10,3,13,12,3,9,8,6,1,0
78,51,0,40,1,4,5,3,15,0,4,5,1,2,0
79,51,1,20,0.4,1.3,2.5,2.7,5.1,0.5,2.5,3.6,0.9,0.5,0
80,51,1,18,0.3,1.2,2.3,2.4,4.5,0.5,2.3,3.2,0.8,0.5,0
81,51,1,2,0,0.1,0.2,0.3,0.5,0.1,0.2,0.4,0.1,0.1,0
85,51,1,4,0.1,0.4,0.1,0.6,0.8,0.1,0.3,0.6,0.5,0.5,0
86,51,1,11,0.4,1.2,0.2,1.7,2.1,0.2,0.9,1.5,1.5,1.3,0
87,51,1,6,0.2,0.8,0.3,0.6,1.5,0.3,1,0.6,0.4,0.3,0
111,51,1,7,0.2,0.4,0.6,1,1.1,0.4,1,1.1,0.9,0.3,0
112,51,1,8,0.4,1.1,0.2,1.3,1.2,0.3,1.3,1.1,0.4,0.7,0
113,51,1,1,0,0.1,0,0.2,0.2,0,0.2,0.1,0.1,0.1,0
114,51,1,2,0.1,0.3,0,0.3,0.3,0.1,0.3,0.3,0.1,0.2,0
2,52,1,8,0.8,0.6,0,2.3,0.8,0.2,1.2,1.1,0.7,0.3,0
4,52,1,9,0.9,0.7,0,2.6,0.9,0.2,1.4,1.2,0.8,0.3,0
5,52,1,5,0.5,0.4,0,1.5,0.5,0.1,0.8,0.7,0.4,0.1,0
6,52,1,3,0.3,0.2,0,0.9,0.3,0.1,0.5,0.4,0.2,0.1,0
26,52,1,1,0,0.1,0,0.1,0.5,0,0.2,0.1,0,0,0
27,52,1,1,0.1,0,0,0.1,0.2,0,0.3,0.2,0.1,0,0
28,52,1,6,0.5,0.1,0,0.8,0.9,0.1,1.8,1.1,0.5,0.2,0
29,52,1,6,0.5,0.1,0,0.8,0.9,0.1,1.8,1.1,0.5,0.2,0
30,52,1,2,0.2,0,0,0.3,0.3,0,0.6,0.3,0.2,0.1,0
31,52,1,2,0.2,0,0,0.3,0.3,0,0.6,0.3,0.2,0.1,0
33,52,1,2,0.1,0.3,0.1,0.4,0.4,0.1,0.1,0.2,0.2,0.1,0
35,52,1,9,0.4,1.5,0.5,1.7,1.7,0.6,0.6,0.9,0.8,0.3,0
36,52,1,8,0.4,1.3,0.4,1.5,1.5,0.5,0.6,0.8,0.7,0.3,0
37,52,1,1,0.1,0.1,0,0.2,0.2,0,0.1,0.2,0.1,0,0
41,52,1,2,0.1,0.2,0.1,0.3,0.5,0,0.2,0.4,0.1,0.1,0
42,52,1,14,0.8,1.7,0.5,2.5,2,0.4,1.5,3.1,0.5,1,0
43,52,0,34,1,5,2,4,8,2,1,6,3,2,0
44,52,1,6,0.3,0.7,0.2,1.1,0.9,0.2,0.7,1.3,0.2,0.4,0
48,52,1,4,0.2,0.3,0.4,0.7,1,0.1,0.5,0.5,0.1,0.2,0
52,52,1,2,0.1,0.1,0.1,0.3,0.3,0,0.3,0.3,0.2,0.3,0
57,52,1,7,0.7,0.5,0.4,1.4,1.2,0.2,0.6,0.8,1,0.2,0
58,52,1,2,0.2,0.1,0.1,0.4,0.3,0.1,0.2,0.2,0.3,0.1,0
59,52,1,17,1.7,1.1,0.9,3.5,2.9,0.6,1.4,2,2.3,0.6,0
60,52,1,5,0.5,0.3,0.3,1,0.8,0.2,0.4,0.6,0.7,0.2,0
61,52,1,1,0.1,0.1,0.1,0.2,0.2,0,0.1,0.1,0.1,0,0
62,52,1,8,0.2,0.7,0.3,1.2,2.3,0.3,0.9,0.7,0.5,0.9,0
63,52,1,6,0.1,0.5,0.3,0.9,1.7,0.2,0.7,0.5,0.4,0.7,0
64,52,1,17,0.4,1.5,0.7,2.6,4.9,0.5,2,1.5,1.1,1.8,0
66,52,1,3,0.1,0.3,0.1,0.4,0.9,0.1,0.3,0.3,0.2,0.3,0
67,52,1,2,0.1,0.3,0.1,0.2,0.5,0.1,0.4,0.1,0.1,0.1,0
74,52,1,2,0.1,0.2,0.1,0.3,0.5,0,0.2,0.4,0.1,0.1,0
77,52,1,19,0.4,1.2,2.4,2.5,4.8,0.5,2.4,3.4,0.9,0.5,0
78,52,1,7,0.1,0.5,0.9,0.9,1.8,0.2,0.9,1.2,0.3,0.2,0
79,52,1,6,0.1,0.4,0.7,0.8,1.5,0.2,0.7,1.1,0.3,0.2,0
80,52,1,3,0.1,0.2,0.4,0.4,0.7,0.1,0.4,0.5,0.1,0.1,0
84,52,1,1,0,0.1,0,0.2,0.2,0,0.1,0.2,0.1,0.1,0
86,52,1,4,0.1,0.4,0.1,0.6,0.8,0.1,0.3,0.6,0.5,0.5,0
87,52,1,9,0.4,1.1,0.5,0.9,2.2,0.4,1.5,1,0.6,0.4,0
90,52,1,2,0.1,0.3,0.1,0.2,0.5,0.1,0.3,0.2,0.1,0.1,0
91,52,1,3,0.1,0.4,0.2,0.3,0.7,0.1,0.5,0.3,0.2,0.2,0
93,52,1,6,0.2,0.5,0.5,1,1.4,0.1,0.5,0.7,0.7,0.4,0
111,52,0,32,1,2,0,5,10,1,1,8,2,2,0
112,52,0,26,0,2,0,2,6,0,3,6,1,6,0
3,53,1,6,0.6,0.4,0,1.8,0.6,0.1,1,0.8,0.5,0.2,0
4,53,1,1,0.1,0.1,0,0.3,0.1,0,0.2,0.1,0.1,0,0
8,53,1,3,0,0.1,0.5,0.2,0.8,0,0.8,0.3,0,0.3,0
16,53,1,2,0.1,0.1,0.3,0.4,0.3,0,0.3,0.3,0.1,0.1,0
20,53,1,4,0.3,0.3,0.5,0.9,0.5,0.1,0.6,0.5,0.2,0.1,0
25,53,1,4,0,0.3,0.1,0.3,1.9,0,0.7,0.6,0.1,0,0
28,53,1,1,0.1,0,0,0.1,0.2,0,0.3,0.2,0.1,0,0
37,53,1,2,0.1,0.2,0.1,0.3,0.5,0,0.2,0.4,0.1,0.1,0
42,53,1,8,0.4,1,0.3,1.4,1.2,0.2,0.9,1.7,0.3,0.6,0
43,53,0,44,2,2,2,8,8,2,9,6,1,4,0
44,53,0,40.5,2,1.5,2,7,7,2,7,5,4,3,0
45,53,1,25,1.4,3,0.9,4.5,3.6,0.8,2.7,5.4,0.9,1.8,0
46,53,1,5,0.3,0.6,0.2,0.9,0.7,0.1,0.5,1.1,0.2,0.4,0
48,53,1,2,0.1,0.2,0.2,0.3,0.5,0,0.3,0.3,0,0.1,0
50,53,1,2,0.1,0.2,0.2,0.3,0.5,0,0.3,0.3,0,0.1,0
51,53,1,1,0.1,0.1,0.1,0.2,0.2,0,0.1,0.1,0,0.1,0
59,53,1,8,0.8,0.5,0.4,1.6,1.4,0.3,0.7,0.9,1.1,0.3,0
61,53,1,11,1.1,0.7,0.6,2.2,1.9,0.4,0.9,1.3,1.5,0.4,0
62,53,0,28,0,2,2,0,6,0,4,5,2,7,0
63,53,1,11,0.2,0.9,0.5,1.7,3.2,0.4,1.3,0.9,0.7,1.2,0
64,53,1,18,0.4,1.5,0.8,2.7,5.2,0.6,2.1,1.6,1.2,1.9,0
66,53,1,2,0,0.2,0.1,0.3,0.6,0.1,0.2,0.2,0.1,0.2,0
74,53,1,4,0.2,0.4,0.3,0.7,0.9,0.1,0.3,0.7,0.2,0.2,0
75,53,1,12,0.6,1.2,0.9,2,2.8,0.2,0.9,2.1,0.6,0.7,0
81,53,1,7,0.1,0.5,0.9,0.9,1.8,0.2,0.9,1.2,0.3,0.2,0
86,53,1,1,0,0.1,0,0.2,0.2,0,0.1,0.2,0.1,0.1,0
111,53,1,23,0.5,1.4,1.9,3.3,3.7,1.4,3.3,3.8,2.8,0.9,0
112,53,1,1,0,0.1,0,0.2,0.2,0,0.2,0.1,0.1,0.1,0
113,53,1,5,0.2,0.7,0.1,0.8,0.8,0.2,0.8,0.7,0.3,0.4,0
114,53,1,5,0.2,0.7,0.1,0.8,0.8,0.2,0.8,0.7,0.3,0.4,0
1,54,1,3,0.1,0.2,0.2,0.6,0.7,0,0.5,0.5,0.2,0,0
4,54,1,10,0.8,0.6,0,1.1,2.2,0.8,1.1,3.1,0.3,0,0
7,54,1,1,0.1,0,0,0.3,0.1,0,0.1,0.2,0.1,0.1,0
13,54,1,3,0,0.4,0.2,0.3,0.8,0.1,0.3,0.5,0.1,0.3,0
15,54,1,3,0,0.4,0.2,0.3,0.8,0.1,0.3,0.5,0.1,0.3,0
25,54,1,1,0.1,0,0.1,0.2,0.2,0,0.2,0.2,0,0,0
28,54,0,33.5,3,1.5,0,11,2,4,4,4,4,0,0
29,54,0,38,5,2,0,13,2,5,4,2,5,0,0
30,54,1,7,0.2,0.4,0.8,1.4,1.6,0,0.8,0.4,1,0.4,0
35,54,1,11,0.6,1.6,0.2,2.3,1.6,0.4,1,2.1,1,0.2,0
37,54,1,4,0.1,0.3,0.3,0.5,1.1,0,0.8,0.4,0.4,0.1,0
39,54,1,1,0,0.1,0.1,0.1,0.3,0,0.2,0.1,0.1,0,0
40,54,1,5,0.2,0.4,0.4,0.6,1.3,0.1,0.9,0.4,0.5,0.2,0
41,54,1,15,0.6,1.1,1.3,1.7,4,0.2,2.8,1.3,1.4,0.6,0
42,54,1,9,0.4,1.5,0.5,0.9,3,0.3,1,0.4,0.7,0.3,0
43,54,1,3,0.1,0.5,0.2,0.3,1,0.1,0.4,0.1,0.2,0.1,0
44,54,1,4.5,0.2,0.8,0.2,0.4,1.5,0.2,0.5,0.2,0.3,0.2,0
45,54,1,19,0.8,3.2,1,1.9,6.3,0.7,2.3,0.8,1.4,0.6,0
47,54,1,9,0.8,0.6,0.6,2.1,1.5,0.6,0.4,1.1,1.1,0.2,0
51,54,1,1,0.1,0.1,0.1,0.2,0.2,0.1,0,0.1,0.1,0,0
53,54,1,5,0.1,0.4,0.6,0.8,1,0,0.6,0.7,0.5,0.3,0
60,54,1,10,0.8,1.8,0.3,2.2,1.8,0.4,0.8,0.5,1.1,0.3,0
61,54,1,25.5,2,4.5,0.7,5.6,4.7,1,2,1.4,2.9,0.7,0
62,54,0,28,2,1,1,9,4,0,3,4,4,0,0
63,54,0,34,2,3,2,7,4,2,5,4,3,2,0
70,54,1,2,0.1,0.3,0.1,0.2,0.5,0.1,0.3,0.1,0.1,0.2,0
74,54,1,12,0.6,1.1,0.6,1.4,2.9,0.3,1.1,3.1,0.6,0.3,0
77,54,1,5,0.2,0.5,0.5,0.6,0.6,0.2,1.2,0.5,0.3,0.4,0
78,54,1,15,0.6,1.4,1.7,1.7,2,0.6,3.7,1.4,0.8,1.1,0
79,54,1,7,0.3,0.6,0.8,0.8,0.9,0.3,1.7,0.7,0.4,0.5,0
80,54,1,1,0,0.1,0.1,0.1,0.1,0,0.3,0.1,0.1,0.1,0
86,54,1,7,0.2,0,0,0.7,1,0.5,1.7,1,0.5,1.4,0
87,54,1,5,0.1,0,0,0.5,0.7,0.4,1.2,0.7,0.4,1,0
90,54,1,2,0.1,0,0,0.2,0.3,0.1,0.5,0.3,0.1,0.4,0
94,54,1,4,0.1,0.4,0.1,0.2,0.9,0,0.6,1.2,0.3,0.2,0
111,54,1,6,0.1,0.6,0.1,0.3,1.4,0,0.9,1.9,0.4,0.3,0
115,54,1,4,0,0.2,0.2,0.5,0.8,0.2,0.3,1,0.3,0.5,0
4,55,1,1,0.1,0.1,0,0.1,0.2,0.1,0.1,0.3,0,0,0
5,55,1,1,0.1,0.1,0,0.1,0.2,0.1,0.1,0.3,0,0,0
9,55,1,2,0.1,0.1,0,0.5,0.2,0,0.2,0.4,0.2,0.3,0
18,55,1,2,0,0.3,0.2,0.2,0.6,0,0.2,0.3,0,0.2,0
24,55,1,6,0.7,0,0.5,1.1,1.2,0.2,0.9,1.2,0,0.2,0
27,55,1,5,0.1,0.3,0.6,1,1.1,0,0.6,0.3,0.7,0.3,0
28,55,0,29,1,5,0,5,9,0,2,2,2,3,0
29,55,1,15,0.4,0.9,1.7,3,3.4,0,1.7,0.9,2.1,0.9,0
31,55,1,2,0.1,0.1,0.2,0.4,0.5,0,0.2,0.1,0.3,0.1,0
32,55,1,2,0.1,0.3,0,0.4,0.3,0.1,0.2,0.4,0.2,0,0
34,55,1,1,0.1,0.1,0,0.2,0.2,0,0.1,0.2,0.1,0,0
37,55,1,6,0.2,0.5,0.5,0.7,1.6,0.1,1.1,0.5,0.6,0.2,0
39,55,1,1,0,0.1,0.1,0.1,0.3,0,0.2,0.1,0.1,0,0
41,55,1,11.5,0.4,0.9,1,1.3,3,0.2,2.2,1,1.1,0.4,0
42,55,1,9,0.4,1.5,0.5,0.9,3,0.3,1,0.4,0.7,0.3,0
43,55,1,2,0.1,0.3,0.1,0.2,0.7,0.1,0.2,0.1,0.1,0.1,0
44,55,1,8,0.3,1.3,0.4,0.8,2.7,0.3,1,0.3,0.6,0.3,0
45,55,1,2,0.1,0.3,0.1,0.2,0.7,0.1,0.2,0.1,0.1,0.1,0
48,55,1,8,0.7,0.6,0.6,1.9,1.3,0.5,0.4,0.9,0.9,0.2,0
55,55,1,4,0.1,0.3,0.5,0.6,0.8,0,0.5,0.5,0.4,0.3,0
58,55,1,7,0.5,1.2,0.2,1.5,1.3,0.3,0.6,0.4,0.8,0.2,0
59,55,1,8,0.6,1.4,0.2,1.8,1.5,0.3,0.6,0.5,0.9,0.2,0
60,55,0,31.5,0,4,0,2,9,2,5,7,1.5,1,0
61,55,0,72,5,8,5,15,12,1,11,6,6,3,0
62,55,0,47,3,4,0,5,9,0,8,10,3,5,0
63,55,1,11,0.6,1.3,0.6,2.2,1.9,0.2,1.1,1.1,0.9,1.1,0
65,55,1,5,0.3,0.6,0.3,0.9,0.9,0.1,0.5,0.5,0.4,0.5,0
70,55,1,5,0.2,0.8,0.4,0.6,1.2,0.1,0.7,0.4,0.2,0.4,0
78,55,1,6,0.2,0.6,0.7,0.7,0.8,0.2,1.5,0.6,0.3,0.4,0
79,55,1,15,0.6,1.4,1.7,1.7,2,0.6,3.7,1.4,0.8,1.1,0
80,55,1,4,0.1,0.4,0.5,0.5,0.5,0.1,1,0.4,0.2,0.3,0
85,55,1,10,0.2,0,0,1,1.5,0.7,2.4,1.5,0.7,2,0
86,55,1,4,0.1,0,0,0.4,0.6,0.3,0.9,0.6,0.3,0.8,0
90,55,1,4,0.1,0,0,0.4,0.6,0.3,0.9,0.6,0.3,0.8,0
108,55,1,2,0,0.2,0.1,0.1,0.5,0,0.3,0.6,0.1,0.1,0
4,56,1,3,0.2,0.2,0,0.3,0.7,0.3,0.3,0.9,0.1,0,0
6,56,1,5,0.4,0.3,0,0.6,1.1,0.4,0.6,1.5,0.1,0,0
11,56,1,6,0.3,0.2,0,1.6,0.7,0.2,0.5,1.1,0.6,0.8,0
37,56,1,6,0.2,0.5,0.5,0.7,1.6,0.1,1.1,0.5,0.6,0.2,0
38,56,1,3,0.1,0.2,0.3,0.3,0.8,0,0.6,0.3,0.3,0.1,0
40,56,1,6,0.2,0.5,0.5,0.7,1.6,0.1,1.1,0.5,0.6,0.2,0
41,56,1,7,0.3,0.5,0.6,0.8,1.8,0.1,1.3,0.6,0.7,0.3,0
42,56,1,9,0.4,1.5,0.5,0.9,3,0.3,1,0.4,0.7,0.3,0
44,56,1,11.5,0.5,1.9,0.6,1.1,3.8,0.4,1.4,0.5,0.9,0.4,0
45,56,1,8,0.3,1.3,0.4,0.8,2.7,0.3,1,0.3,0.6,0.3,0
48,56,1,3,0.3,0.2,0.2,0.7,0.5,0.2,0.1,0.4,0.3,0.1,0
56,56,1,1,0,0.1,0.1,0.2,0.2,0,0.1,0.1,0.1,0.1,0
57,56,1,20,1.5,3.5,0.6,4.4,3.7,0.8,1.5,1.1,2.3,0.6,0
60,56,1,26,2,4.6,0.7,5.7,4.8,1,2,1.5,3,0.7,0
61,56,1,32,2.5,5.7,0.9,7,5.9,1.2,2.5,1.8,3.6,0.9,0
62,56,1,12,0.7,1.4,0.7,2.4,2.1,0.2,1.2,1.2,0.9,1.2,0
64,56,1,2,0.1,0.2,0.1,0.4,0.4,0,0.2,0.2,0.2,0.2,0
65,56,1,4,0.2,0.5,0.2,0.8,0.7,0.1,0.4,0.4,0.3,0.4,0
68,56,1,5,0.2,0.8,0.4,0.6,1.2,0.1,0.7,0.4,0.2,0.4,0
111,56,1,1,0,0.1,0,0.1,0.2,0,0.1,0.3,0.1,0.1,0
11,57,1,3,0.2,0.1,0,0.8,0.3,0.1,0.2,0.6,0.3,0.4,0
12,57,1,3,0,0.4,0.2,0.3,0.8,0.1,0.3,0.5,0.1,0.3,0
14,57,1,3,0,0.4,0.2,0.3,0.8,0.1,0.3,0.5,0.1,0.3,0
18,57,1,6,0,0.8,0.5,0.6,1.6,0.1,0.7,0.9,0.1,0.7,0
20,57,1,3,0,0.4,0.2,0.3,0.8,0.1,0.3,0.5,0.1,0.3,0
27,57,1,2,0.1,0.1,0.2,0.4,0.5,0,0.2,0.1,0.3,0.1,0
28,57,1,2,0.1,0.1,0.2,0.4,0.5,0,0.2,0.1,0.3,0.1,0
30,57,1,2,0.1,0.1,0.2,0.4,0.5,0,0.2,0.1,0.3,0.1,0
33,57,1,2,0.1,0.3,0,0.4,0.3,0.1,0.2,0.4,0.2,0,0
36,57,1,7,0.4,1,0.1,1.5,1,0.3,0.6,1.4,0.6,0.1,0
38,57,1,2,0.1,0.1,0.2,0.2,0.5,0,0.4,0.2,0.2,0.1,0
40,57,1,6,0.2,0.5,0.5,0.7,1.6,0.1,1.1,0.5,0.6,0.2,0
46,57,1,1,0,0.2,0.1,0.1,0.3,0,0.1,0.1,0.1,0,0
49,57,1,2,0.2,0.1,0.2,0.5,0.3,0.1,0.1,0.2,0.2,0.1,0
51,57,1,2,0.2,0.1,0.2,0.5,0.3,0.1,0.1,0.2,0.2,0.1,0
56,57,1,9,0.2,0.8,1.1,1.3,1.7,0,1.2,1.2,0.9,0.6,0
57,57,1,2,0.1,0.3,0.1,0.4,0.4,0.1,0.2,0.1,0.2,0.1,0
60,57,1,4,0.3,0.7,0.1,0.9,0.7,0.2,0.3,0.2,0.5,0.1,0
61,57,1,2,0.1,0.3,0.1,0.4,0.4,0.1,0.2,0.1,0.2,0.1,0
62,57,1,1,0,0.1,0.1,0.2,0.2,0,0.1,0.1,0.1,0.1,0
65,57,1,13,0.8,1.5,0.8,2.5,2.3,0.2,1.3,1.3,1,1.3,0
72,57,1,1,0,0.1,0.1,0.1,0.2,0,0.1,0.3,0.1,0,0
105,57,1,1,0,0.1,0,0.1,0.2,0,0.1,0.3,0.1,0.1,0
107,57,1,2,0,0.2,0.1,0.1,0.5,0,0.3,0.6,0.1,0.1,0
110,57,1,3,0.1,0.3,0.1,0.1,0.7,0,0.4,0.9,0.2,0.2,0
111,57,1,3,0.1,0.3,0.1,0.1,0.7,0,0.4,0.9,0.2,0.2,0
112,57,1,7,0,0.4,0.4,0.8,1.3,0.4,0.6,1.7,0.6,0.8,0
113,57,1,1,0,0.1,0.1,0.1,0.2,0,0.1,0.2,0.1,0.1,0
125,57,1,2,0,0.1,0.1,0.2,0.4,0.1,0.2,0.5,0.2,0.2,0
126,57,1,5,0,0.3,0.3,0.5,1,0.3,0.4,1.2,0.4,0.6,0
3,58,1,6,0.5,0.3,0,0.7,1.3,0.5,0.7,1.8,0.2,0,0
5,58,1,10,0.8,0.6,0,1.1,2.2,0.8,1.1,3.1,0.3,0,0
13,58,1,1,0,0.1,0.1,0.1,0.3,0,0.1,0.2,0,0.1,0
25,58,1,5,0.6,0,0.4,0.9,1,0.2,0.7,1,0,0.2,0
32,58,1,7,0.4,1,0.1,1.5,1,0.3,0.6,1.4,0.6,0.1,0
37,58,1,2,0.1,0.1,0.2,0.2,0.5,0,0.4,0.2,0.2,0.1,0
40,58,1,4,0.1,0.3,0.3,0.5,1.1,0,0.8,0.4,0.4,0.1,0
43,58,1,1,0,0.2,0.1,0.1,0.3,0,0.1,0.1,0.1,0,0
44,58,1,6,0.3,1,0.3,0.6,2,0.2,0.7,0.3,0.4,0.2,0
47,58,1,1,0.1,0.1,0.1,0.2,0.2,0.1,0,0.1,0.1,0,0
50,58,1,10,0.9,0.7,0.7,2.3,1.6,0.7,0.5,1.2,1.2,0.2,0
51,58,1,7,0.7,0.5,0.5,1.6,1.1,0.5,0.3,0.8,0.8,0.2,0
52,58,1,6,0.1,0.5,0.8,0.9,1.1,0,0.8,0.8,0.6,0.4,0
54,58,1,8,0.2,0.7,1,1.2,1.6,0,1,1,0.8,0.5,0
55,58,1,10.5,0.2,0.9,1.3,1.6,2,0,1.4,1.4,1,0.7,0
56,58,1,3,0.1,0.2,0.4,0.4,0.6,0,0.4,0.4,0.3,0.2,0
57,58,1,1,0.1,0.2,0,0.2,0.2,0,0.1,0.1,0.1,0,0
61,58,1,4,0.3,0.7,0.1,0.9,0.7,0.2,0.3,0.2,0.5,0.1,0
65,58,1,3,0.2,0.3,0.2,0.6,0.5,0.1,0.3,0.3,0.2,0.3,0
72,58,1,5,0.2,0.5,0.3,0.6,1.2,0.1,0.5,1.3,0.2,0.1,0
73,58,1,5,0.2,0.5,0.3,0.6,1.2,0.1,0.5,1.3,0.2,0.1,0
76,58,1,7,0.3,0.7,0.3,0.8,1.7,0.2,0.7,1.8,0.3,0.2,0
112,58,1,2,0,0.1,0.1,0.2,0.4,0.1,0.2,0.5,0.2,0.2,0
124,58,1,2,0,0.1,0.1,0.2,0.4,0.1,0.2,0.5,0.2,0.2,0
126,58,1,9,0,0.5,0.5,1,1.7,0.5,0.8,2.3,0.7,1,0
0,59,1,10,0.4,0.8,0.6,2,2.2,0.1,1.4,1.8,0.6,0.1,0
1,59,1,1,0,0.1,0.1,0.2,0.2,0,0.1,0.2,0.1,0,0
3,59,1,6,0.3,0.5,0.4,0.7,1.3,0.1,1.1,1.1,0.3,0.2,0
4,59,1,5,0.3,0.5,0.3,0.6,1,0.1,0.9,0.9,0.2,0.2,0
5,59,1,5,0.3,0.5,0.3,0.6,1,0.1,0.9,0.9,0.2,0.2,0
13,59,1,4,0,0.5,0.3,0.4,1.1,0.1,0.4,0.6,0.1,0.5,0
24,59,1,2,0,0.5,0.4,0.1,0.6,0,0,0.3,0.1,0,0
25,59,1,5,0,1.3,0.9,0.3,1.6,0,0,0.6,0.3,0,0
31,59,1,2,0.2,0,0.2,0.3,0.4,0.1,0.3,0.4,0,0.1,0
32,59,1,2,0,0.2,0.1,0,0.5,0,0.4,0.6,0.1,0.1,0
36,59,1,2,0,0.2,0.1,0,0.5,0,0.4,0.6,0.1,0.1,0
39,59,1,4,0.2,0.6,0.1,0.8,0.6,0.1,0.4,0.8,0.3,0.1,0
42,59,1,2,0.1,0,0.2,0.4,0.3,0,0.5,0.4,0,0.1,0
43,59,1,4,0.2,0,0.4,0.8,0.6,0,1,0.8,0,0.2,0
46,59,1,1,0,0,0.1,0.2,0.2,0,0.2,0.2,0,0.1,0
47,59,1,18,0.6,2.5,1.9,0,4.3,0,3.1,3.1,0.6,1.9,0
48,59,1,1,0,0.1,0.1,0,0.3,0,0.2,0.2,0,0.1,0
51,59,1,2,0.1,0.3,0.2,0,0.5,0,0.3,0.3,0.1,0.2,0
54,59,1,8,0.3,0.6,0.1,0.9,2.4,0.1,1.3,0.9,1.1,0.3,0
58,59,1,9,0.3,0.6,0.2,1,2.7,0.2,1.4,1,1.3,0.3,0
59,59,1,4,0.1,0.3,0.1,0.4,1.2,0.1,0.6,0.4,0.6,0.2,0
66,59,1,8,0.4,1.2,0.6,1,2,0.2,1.1,0.6,0.3,0.6,0
67,59,1,11,0.7,0.5,0.6,1.3,2.3,0.5,1.5,1.9,0.8,0.9,0
69,59,1,5,0.3,0.2,0.3,0.6,1,0.2,0.7,0.9,0.4,0.4,0
70,59,1,3,0.2,0.1,0.2,0.4,0.6,0.1,0.4,0.5,0.2,0.3,0
71,59,1,3,0.2,0.1,0.2,0.4,0.6,0.1,0.4,0.5,0.2,0.3,0
72,59,1,14.5,0.9,1.5,0.8,4,2.5,0.8,1,0.2,2.3,0.5,0
73,59,1,6,0.4,0.6,0.3,1.7,1.1,0.3,0.4,0.1,0.9,0.2,0
74,59,1,7,0.4,0.7,0.4,2,1.2,0.4,0.5,0.1,1.1,0.2,0
125,59,1,2,0,0.1,0.1,0.2,0.4,0.1,0.2,0.5,0.2,0.2,0
0,60,1,14,0.6,1.1,0.8,2.8,3.1,0.1,2,2.5,0.8,0.2,0
1,60,1,2,0.1,0.2,0.1,0.4,0.4,0,0.3,0.4,0.1,0,0
2,60,1,3,0.2,0.3,0.2,0.3,0.6,0,0.6,0.6,0.1,0.1,0
3,60,1,4,0.2,0.4,0.3,0.4,0.8,0.1,0.7,0.7,0.2,0.2,0
4,60,1,2,0.1,0.2,0.1,0.2,0.4,0,0.4,0.4,0.1,0.1,0
6,60,1,3,0.2,0.3,0.2,0.3,0.6,0,0.6,0.6,0.1,0.1,0
8,60,1,7,0.4,0.2,0,1.9,0.8,0.2,0.6,1.3,0.7,0.9,0
18,60,1,4,0,0.5,0.3,0.4,1.1,0.1,0.4,0.6,0.1,0.5,0
19,60,1,3,0,0.4,0.2,0.3,0.8,0.1,0.3,0.5,0.1,0.3,0
24,60,1,26,0,6.5,4.9,1.6,8.1,0,0,3.3,1.6,0,0
25,60,0,39,4,6,4,7,14,0,1,0,3,0,0
26,60,1,4,0,1,0.7,0.3,1.3,0,0,0.5,0.2,0,0
27,60,1,2,0.2,0,0.2,0.3,0.4,0.1,0.3,0.4,0,0.1,0
33,60,1,1,0,0.1,0,0,0.3,0,0.2,0.3,0,0.1,0
35,60,1,4,0.1,0.5,0.1,0,1.1,0,0.8,1.2,0.1,0.1,0
36,60,1,4,0.1,0.5,0.1,0,1.1,0,0.8,1.2,0.1,0.1,0
37,60,1,5,0.3,0.7,0.1,1.1,0.7,0.2,0.4,1,0.4,0.1,0
45,60,1,1,0,0,0.1,0.2,0.2,0,0.2,0.2,0,0.1,0
46,60,1,2,0.1,0,0.2,0.4,0.3,0,0.5,0.4,0,0.1,0
47,60,1,2,0.1,0.3,0.2,0,0.5,0,0.3,0.3,0.1,0.2,0
48,60,1,3,0.1,0.4,0.3,0,0.8,0,0.5,0.5,0.1,0.3,0
54,60,1,2,0.1,0.2,0,0.2,0.6,0,0.3,0.2,0.3,0.1,0
55,60,1,2,0.1,0.2,0,0.2,0.6,0,0.3,0.2,0.3,0.1,0
57,60,1,1,0,0.1,0,0.1,0.3,0,0.2,0.1,0.2,0,0
65,60,1,3,0.1,0.5,0.2,0.4,0.8,0.1,0.4,0.2,0.1,0.2,0
66,60,1,4,0.2,0.6,0.3,0.5,1,0.1,0.6,0.3,0.1,0.3,0
67,60,1,18,1.2,0.8,1,2.1,3.7,0.8,2.5,3.1,1.3,1.5,0
68,60,1,9,0.6,0.4,0.5,1,1.9,0.4,1.3,1.6,0.6,0.7,0
69,60,1,4,0.3,0.2,0.2,0.5,0.8,0.2,0.5,0.7,0.3,0.3,0
71,60,1,2,0.1,0.1,0.1,0.2,0.4,0.1,0.3,0.4,0.1,0.2,0
72,60,1,15,0.9,1.6,0.8,4.2,2.6,0.8,1,0.3,2.3,0.5,0
73,60,1,12,0.7,1.3,0.6,3.4,2.1,0.6,0.8,0.2,1.9,0.4,0
74,60,1,1,0.1,0.1,0,0.3,0.2,0,0.1,0,0.2,0,0
84,60,1,2,0.1,0,0,0.2,0.3,0.1,0.5,0.3,0.1,0.4,0
125,60,1,2,0,0.1,0.1,0.2,0.4,0.1,0.2,0.5,0.2,0.2,0
127,60,1,4,0,1,0.2,0.6,1,0.1,0.3,0.2,0.5,0.1,0
0,61,0,24,1,2,2,2,4,0,8,3,1,1,0
1,61,0,37,3,1,2,8,4,1,7,10,0,1,0
2,61,1,21,1.1,2,1.5,2.3,4.4,0.2,3.8,3.8,1,0.9,0
3,61,1,18,0.9,1.7,1.3,2,3.8,0.2,3.3,3.3,0.8,0.7,0
4,61,1,4,0.2,0.4,0.3,0.4,0.8,0.1,0.7,0.7,0.2,0.2,0
5,61,1,7,0.3,0.6,0.5,0.8,1.5,0.1,1.3,1.3,0.3,0.3,0
6,61,0,36,0,7,4,2,13,0,6,4,0,0,0
17,61,1,2,0,0.3,0.2,0.2,0.6,0,0.2,0.3,0,0.2,0
18,61,1,1,0,0.1,0.1,0.1,0.3,0,0.1,0.2,0,0.1,0
19,61,1,5,0,0.7,0.4,0.5,1.3,0.1,0.6,0.7,0.1,0.6,0
25,61,1,6,0,1.5,1.1,0.4,1.9,0,0,0.7,0.4,0,0
26,61,1,5,0,1.3,0.9,0.3,1.6,0,0,0.6,0.3,0,0
27,61,1,9,1.1,0,0.8,1.6,1.8,0.3,1.3,1.8,0,0.3,0
33,61,1,5,0.1,0.6,0.2,0,1.3,0,1,1.4,0.2,0.2,0
35,61,1,2,0,0.2,0.1,0,0.5,0,0.4,0.6,0.1,0.1,0
37,61,1,3,0.2,0.4,0,0.6,0.4,0.1,0.3,0.6,0.3,0.1,0
43,61,1,3,0.1,0,0.3,0.6,0.4,0,0.8,0.6,0,0.2,0
45,61,1,1,0,0,0.1,0.2,0.2,0,0.2,0.2,0,0.1,0
60,61,1,7,0.2,0.5,0.1,0.8,2.1,0.1,1.1,0.8,1,0.3,0
66,61,1,4,0.2,0.6,0.3,0.5,1,0.1,0.6,0.3,0.1,0.3,0
67,61,1,1,0.1,0,0.1,0.1,0.2,0,0.1,0.2,0.1,0.1,0
69,61,1,6,0.4,0.3,0.4,0.7,1.2,0.3,0.8,1,0.4,0.5,0
70,61,1,2,0.1,0.1,0.1,0.2,0.4,0.1,0.3,0.4,0.1,0.2,0
71,61,1,13,0.9,0.6,0.8,1.5,2.7,0.6,1.8,2.2,0.9,1,0
84,61,1,2,0.1,0,0,0.2,0.3,0.1,0.5,0.3,0.1,0.4,0
95,61,1,3,0.1,0.3,0.1,0.1,0.7,0,0.4,0.9,0.2,0.2,0
96,61,1,2,0,0.2,0.1,0.1,0.5,0,0.3,0.6,0.1,0.1,0
0,62,0,29,0,3,4,2,11,0,5,3,1,0,0
1,62,0,70,8,0,3,16,7,6,14,11,3,2,0
2,62,1,25,1.3,2.3,1.8,2.8,5.3,0.3,4.5,4.5,1.2,1,0
3,62,1,9,0.5,0.9,0.6,1,1.9,0.1,1.6,1.6,0.4,0.4,0
4,62,1,20,1.1,1.9,1.4,2.2,4.2,0.2,3.6,3.6,1,0.8,0
5,62,1,9,0.5,0.9,0.6,1,1.9,0.1,1.6,1.6,0.4,0.4,0
6,62,1,10,0.5,1,0.7,1.1,2.1,0.1,1.8,1.8,0.5,0.4,0
7,62,1,4,0.2,0.1,0,1.1,0.4,0.1,0.3,0.8,0.4,0.6,0
8,62,1,12,0.7,0.3,0,3.2,1.3,0.3,1,2.3,1.3,1.6,0
18,62,1,3,0,0.4,0.2,0.3,0.8,0.1,0.3,0.5,0.1,0.3,0
27,62,1,7,0.8,0,0.6,1.2,1.5,0.2,1,1.5,0,0.2,0
29,62,1,2,0.2,0,0.2,0.3,0.4,0.1,0.3,0.4,0,0.1,0
32,62,1,1,0,0.1,0,0,0.3,0,0.2,0.3,0,0.1,0
34,62,1,7,0.2,0.9,0.2,0,1.8,0,1.4,2.1,0.2,0.2,0
36,62,1,2,0,0.2,0.1,0,0.5,0,0.4,0.6,0.1,0.1,0
38,62,1,1,0.1,0.1,0,0.2,0.2,0,0.1,0.2,0.1,0,0
41,62,1,3,0.2,0.4,0,0.6,0.4,0.1,0.3,0.6,0.3,0.1,0
45,62,1,3,0.1,0,0.3,0.6,0.4,0,0.8,0.6,0,0.2,0
50,62,1,2,0.1,0.3,0.2,0,0.5,0,0.3,0.3,0.1,0.2,0
53,62,1,5,0.2,0.4,0.1,0.5,1.5,0.1,0.8,0.5,0.7,0.2,0
61,62,1,6,0.2,0.4,0.1,0.6,1.8,0.1,1,0.7,0.9,0.2,0
62,62,1,7,0.3,1.1,0.5,0.9,1.7,0.2,1,0.5,0.2,0.6,0
63,62,1,9,0.4,1.4,0.7,1.1,2.2,0.3,1.2,0.7,0.3,0.7,0
64,62,1,7,0.3,1.1,0.5,0.9,1.7,0.2,1,0.5,0.2,0.6,0
70,62,1,4,0.3,0.2,0.2,0.5,0.8,0.2,0.5,0.7,0.3,0.3,0
71,62,1,1,0.1,0,0.1,0.1,0.2,0,0.1,0.2,0.1,0.1,0
72,62,1,1,0.1,0.1,0,0.3,0.2,0,0.1,0,0.2,0,0
74,62,1,1,0.1,0.1,0,0.3,0.2,0,0.1,0,0.2,0,0
78,62,1,4,0.2,0.4,0.2,0.5,0.9,0.1,0.4,1,0.2,0.1,0
79,62,1,2,0.1,0.2,0.1,0.2,0.5,0,0.2,0.5,0.1,0.1,0
95,62,1,3,0.1,0.3,0.1,0.1,0.7,0,0.4,0.9,0.2,0.2,0
97,62,1,3,0.1,0.3,0.1,0.1,0.7,0,0.4,0.9,0.2,0.2,0
108,62,1,2,0,0.2,0.1,0.1,0.5,0,0.3,0.6,0.1,0.1,0
0,63,1,24,1.1,1.9,1.3,4.8,5.3,0.3,3.5,4.2,1.3,0.3,0
1,63,0,52,3,1,3,8,9,0,3,18,4,3,0
2,63,1,20,1.1,1.9,1.4,2.2,4.2,0.2,3.6,3.6,1,0.8,0
8,63,1,2,0.1,0.1,0,0.5,0.2,0,0.2,0.4,0.2,0.3,0
14,63,1,2,0,0.3,0.2,0.2,0.6,0,0.2,0.3,0,0.2,0
18,63,1,4,0,0.5,0.3,0.4,1.1,0.1,0.4,0.6,0.1,0.5,0
34,63,1,1,0,0.1,0,0,0.3,0,0.2,0.3,0,0.1,0
38,63,1,4,0.2,0.6,0.1,0.8,0.6,0.1,0.4,0.8,0.3,0.1,0
40,63,1,2,0.1,0.3,0,0.4,0.3,0.1,0.2,0.4,0.2,0,0
41,63,1,4,0.2,0.6,0.1,0.8,0.6,0.1,0.4,0.8,0.3,0.1,0
46,63,1,3,0.1,0,0.3,0.6,0.4,0,0.8,0.6,0,0.2,0
47,63,1,1,0,0.1,0.1,0,0.3,0,0.2,0.2,0,0.1,0
54,63,1,3,0.1,0.2,0.1,0.3,0.9,0.1,0.5,0.3,0.4,0.1,0
55,63,1,5,0.2,0.4,0.1,0.5,1.5,0.1,0.8,0.5,0.7,0.2,0
57,63,1,4,0.1,0.3,0.1,0.4,1.2,0.1,0.6,0.4,0.6,0.2,0
62,63,1,3,0.1,0.5,0.2,0.4,0.8,0.1,0.4,0.2,0.1,0.2,0
63,63,1,7,0.3,1.1,0.5,0.9,1.7,0.2,1,0.5,0.2,0.6,0
66,63,1,1,0,0.2,0.1,0.1,0.3,0,0.1,0.1,0,0.1,0
68,63,1,5,0.3,0.2,0.3,0.6,1,0.2,0.7,0.9,0.4,0.4,0
77,63,1,6,0.3,0.6,0.3,0.7,1.4,0.1,0.6,1.6,0.3,0.1,0
84,63,1,1,0,0,0,0.1,0.1,0.1,0.2,0.2,0.1,0.2,0
90,63,1,2,0.1,0,0,0.2,0.3,0.1,0.5,0.3,0.1,0.4,0
91,63,1,2,0.1,0,0,0.2,0.3,0.1,0.5,0.3,0.1,0.4,0
96,63,1,4,0.1,0.4,0.1,0.2,0.9,0,0.6,1.2,0.3,0.2,0
97,63,1,3,0.1,0.3,0.1,0.1,0.7,0,0.4,0.9,0.2,0.2,0
0,64,0,45.5,1,7.5,2,9,7,2,6,5,3,3,0
1,64,0,57,1,8,2,15,8,5,4,7,6,1,0
2,64,1,32,1.6,1.6,3.3,6.3,4.3,2,4,4.9,1.6,1.7,0.7
12,64,1,1,0.1,0,0.1,0.1,0.2,0,0.2,0.1,0.1,0.1,0
13,64,1,3,0.2,0.1,0.3,0.3,0.6,0.1,0.5,0.4,0.2,0.3,0
15,64,1,4,0.2,0.2,0.4,0.4,0.8,0.1,0.7,0.5,0.2,0.4,0.1
18,64,1,2,0.1,0.1,0.2,0.2,0.4,0.1,0.3,0.3,0.1,0.2,0
28,64,1,4,0.4,0.4,0.2,0.8,0.6,0,0.4,0.6,0.5,0.1,0
36,64,1,2,0.1,0.1,0.1,0.5,0.2,0,0.2,0.4,0.2,0.2,0
38,64,1,8,0.5,0.3,0.3,2,1,0.2,0.7,1.5,0.8,0.7,0
42,64,1,2.5,0.1,0.3,0.2,0.5,0.4,0.1,0.3,0.4,0.2,0,0
43,64,1,7,0.3,0.8,0.6,1.3,1.1,0.2,0.8,1.2,0.5,0.2,0
44,64,1,7,0.3,0.8,0.6,1.3,1.1,0.2,0.8,1.2,0.5,0.2,0
47,64,1,2,0.1,0.1,0.1,0.3,0.4,0.1,0.4,0.4,0.1,0,0
52,64,1,2,0.2,0.2,0.1,0.5,0.4,0,0.2,0.3,0.1,0,0
53,64,1,2,0.2,0.2,0.1,0.5,0.4,0,0.2,0.3,0.1,0,0
54,64,1,2,0.2,0.2,0.1,0.5,0.4,0,0.2,0.3,0.1,0,0
56,64,1,6,0.5,0.5,0.4,1.3,1.2,0.2,0.5,1,0.4,0,0
66,64,1,10,0.2,1.5,0.6,2,1.7,0.5,0.4,1.8,0.9,0.4,0
70,64,1,1,0,0.1,0.1,0.2,0.2,0.1,0,0.2,0.1,0,0
74,64,1,4,0.2,0.5,0.2,0.6,1.1,0.2,0.5,0.5,0.2,0,0
75,64,1,3,0.1,0.4,0.1,0.5,0.8,0.1,0.4,0.4,0.2,0,0
83,64,1,1,0,0.1,0.1,0.1,0.2,0,0.2,0.3,0,0,0
88,64,1,1,0,0,0.1,0.2,0.2,0,0.2,0.2,0,0.1,0
90,64,1,11,0.2,0,0.7,2.1,1.8,0.2,2.8,1.8,0.5,0.9,0
96,64,1,8,0,0.2,0.2,1.8,0.8,0.2,0.5,2.8,0.2,1.3,0
97,64,1,2,0,0.1,0.1,0.4,0.2,0,0.1,0.7,0.1,0.3,0
124,64,1,2,0,0.2,0,0.1,0.3,0,0.4,0.8,0,0.2,0
125,64,1,4,0,0.4,0,0.2,0.7,0,0.7,1.6,0,0.4,0
0,65,0,30,0,4,1,4,5,0,5,5,1,5,0
1,65,0,65,5,12,1,15,14,2,1,11,4,0,0
2,65,1,9,0.5,0.5,0.9,1.7,1.2,0.5,1.1,1.4,0.5,0.5,0.2
8,65,1,1,0,0,0,0.2,0.1,0,0.3,0.3,0.1,0,0
9,65,1,3,0,0.1,0.1,0.4,0.2,0.1,0.8,1,0.2,0.1,0
12,65,1,2,0.1,0.1,0.2,0.2,0.4,0.1,0.3,0.3,0.1,0.2,0
14,65,1,5,0.3,0.2,0.5,0.5,1,0.1,0.9,0.7,0.3,0.4,0.1
24,65,1,2,0.2,0.2,0.1,0.5,0.3,0,0.2,0.4,0.1,0,0
25,65,1,7,0.6,0.7,0.2,1.7,1.2,0,0.6,1.4,0.5,0.1,0
35,65,1,1,0.1,0,0,0.3,0.1,0,0.1,0.2,0.1,0.1,0
44,65,1,5,0.2,0.6,0.4,0.9,0.8,0.2,0.5,0.9,0.4,0.1,0
57,65,1,2,0.1,0.2,0.2,0.2,0.7,0,0.1,0.4,0,0.1,0
59,65,1,1,0,0.1,0.1,0.1,0.3,0,0.1,0.2,0,0.1,0
63,65,1,3,0.1,0.4,0.2,0.6,0.5,0.2,0.1,0.5,0.3,0.1,0
64,65,1,3,0.1,0.4,0.2,0.6,0.5,0.2,0.1,0.5,0.3,0.1,0
66,65,1,2,0,0.3,0.1,0.4,0.3,0.1,0.1,0.4,0.2,0.1,0
78,65,1,3,0,0.3,0.1,0.2,0.4,0,1.2,0.6,0.1,0.1,0
80,65,1,2,0,0.2,0.1,0.1,0.2,0,0.8,0.4,0.1,0.1,0
85,65,1,1,0,0.1,0.1,0.1,0.2,0,0.2,0.3,0,0,0
89,65,1,15,0.2,0,1,2.9,2.4,0.3,3.9,2.4,0.7,1.2,0
91,65,1,5,0.1,0,0.3,1,0.8,0.1,1.3,0.8,0.2,0.4,0
92,65,1,4,0,0.1,0.1,0.9,0.4,0.1,0.3,1.4,0.1,0.6,0
113,65,1,1,0,0.1,0,0.2,0.2,0.1,0.2,0.1,0,0.1,0
125,65,1,1,0,0.1,0,0,0.2,0,0.2,0.4,0,0.1,0
0,66,1,15,0,0,0,0,1.1,0,5.9,4.3,0,3.7,0
1,66,1,3,0,0,0,0,0.2,0,1.2,0.9,0,0.7,0
4,66,1,2,0.1,0.1,0.2,0.4,0.3,0.1,0.3,0.3,0.1,0.1,0
5,66,1,2,0.1,0.1,0.2,0.4,0.3,0.1,0.3,0.3,0.1,0.1,0
9,66,1,2,0,0,0.1,0.3,0.1,0,0.6,0.7,0.1,0.1,0
17,66,1,3,0.2,0.1,0.3,0.3,0.6,0.1,0.5,0.4,0.2,0.3,0
23,66,1,6,0.5,0.6,0.2,1.5,1,0,0.5,1.2,0.4,0.1,0
24,66,1,3,0.3,0.3,0.1,0.7,0.5,0,0.3,0.6,0.2,0,0
25,66,1,4,0.3,0.4,0.1,1,0.7,0,0.3,0.8,0.3,0.1,0
26,66,1,2,0.2,0.2,0.1,0.5,0.3,0,0.2,0.4,0.1,0,0
27,66,1,9,0.8,0.8,0.4,1.9,1.5,0,0.8,1.5,1.1,0.2,0
38,66,1,4,0.2,0.2,0.2,1,0.5,0.1,0.3,0.8,0.4,0.3,0
40,66,1,2,0.1,0.1,0.1,0.5,0.2,0,0.2,0.4,0.2,0.2,0
41,66,1,3,0.2,0.1,0.1,0.7,0.4,0.1,0.2,0.6,0.3,0.3,0
43,66,1,2,0.1,0.2,0.2,0.4,0.3,0.1,0.2,0.4,0.1,0,0
44,66,1,2,0.1,0.2,0.2,0.4,0.3,0.1,0.2,0.4,0.1,0,0
45,66,1,4,0.2,0.5,0.4,0.7,0.6,0.1,0.4,0.7,0.3,0.1,0
53,66,1,4,0.3,0.3,0.3,0.9,0.8,0.1,0.4,0.6,0.3,0,0
57,66,1,4,0.1,0.5,0.5,0.5,1.3,0,0.1,0.8,0,0.2,0
59,66,1,7,0.2,0.8,0.8,0.8,2.3,0,0.2,1.5,0,0.4,0
60,66,1,6,0.2,0.7,0.7,0.7,1.9,0,0.2,1.2,0,0.4,0
63,66,1,12,0.2,1.8,0.7,2.4,2,0.7,0.4,2.2,1.1,0.5,0
75,66,1,3,0.1,0.4,0.1,0.5,0.8,0.1,0.4,0.4,0.2,0,0
76,66,1,6,0.2,0.8,0.2,1,1.7,0.2,0.8,0.7,0.4,0,0
77,66,1,2,0,0.2,0.1,0.1,0.2,0,0.8,0.4,0.1,0.1,0
79,66,1,2,0,0.2,0.1,0.1,0.2,0,0.8,0.4,0.1,0.1,0
81,66,1,1,0,0.1,0,0.1,0.1,0,0.4,0.2,0,0.1,0
82,66,1,3,0,0.4,0.2,0.3,0.6,0,0.5,0.9,0.1,0,0
86,66,1,1,0,0.1,0.1,0.1,0.2,0,0.2,0.3,0,0,0
90,66,1,7,0.1,0,0.5,1.4,1.1,0.1,1.8,1.1,0.3,0.6,0
113,66,1,3,0.1,0.2,0.1,0.6,0.5,0.2,0.6,0.4,0.1,0.2,0
117,66,1,4,0.1,0.3,0.1,0.8,0.7,0.3,0.8,0.5,0.1,0.3,0
121,66,1,3,0.1,0.2,0.1,0.6,0.5,0.2,0.6,0.4,0.1,0.2,0
127,66,1,3,0,0.3,0,0.1,0.5,0,0.6,1.2,0,0.3,0
0,67,0,41,2,3,1,6,3,0,6,9,1,10,0
1,67,0,38,2,1,0,5,7,0,9,6,3,5,0
2,67,1,1,0,0.1,0.1,0.2,0.1,0.1,0.1,0.2,0,0.1,0
4,67,1,6,0.3,0.3,0.6,1.2,0.8,0.4,0.8,0.9,0.3,0.3,0.1
5,67,1,19,1,1,2,3.7,2.5,1.2,2.3,2.9,1,1,0.4
6,67,1,1,0,0.1,0.1,0.2,0.1,0.1,0.1,0.2,0,0.1,0
9,67,1,2,0,0,0.1,0.3,0.1,0,0.6,0.7,0.1,0.1,0
13,67,1,13,0.8,0.6,1.3,1.3,2.5,0.4,2.3,1.7,0.8,1.1,0.2
14,67,1,5,0.3,0.2,0.5,0.5,1,0.1,0.9,0.7,0.3,0.4,0.1
15,67,1,8,0.5,0.4,0.8,0.8,1.5,0.2,1.4,1.1,0.5,0.7,0.1
17,67,1,4,0.2,0.2,0.4,0.4,0.8,0.1,0.7,0.5,0.2,0.4,0.1
20,67,1,2,0.1,0.1,0.2,0.2,0.4,0.1,0.3,0.3,0.1,0.2,0
23,67,1,3,0.3,0.3,0.1,0.7,0.5,0,0.3,0.6,0.2,0,0
24,67,1,9,0.8,0.9,0.3,2.1,1.5,0,0.8,1.8,0.6,0.2,0
25,67,0,45,1,6,6,6,11,1,7,4,3,0,0
26,67,0,67,6,8,5,11,11,2,7,9,6,2,0
27,67,0,32,0,3,3,0,9,0,8,9,0,0,0
28,67,1,2,0.2,0.2,0.1,0.4,0.3,0,0.2,0.3,0.2,0.1,0
30,67,1,3,0.3,0.3,0.1,0.6,0.5,0,0.3,0.5,0.3,0.1,0
35,67,1,2,0.1,0.1,0.1,0.5,0.2,0,0.2,0.4,0.2,0.2,0
38,67,1,5,0.3,0.2,0.2,1.3,0.6,0.1,0.4,1,0.5,0.4,0
39,67,1,5,0.3,0.2,0.2,1.3,0.6,0.1,0.4,1,0.5,0.4,0
41,67,1,4,0.2,0.2,0.2,1,0.5,0.1,0.3,0.8,0.4,0.3,0
42,67,1,4,0.2,0.5,0.4,0.7,0.6,0.1,0.4,0.7,0.3,0.1,0
43,67,1,4,0.2,0.5,0.4,0.7,0.6,0.1,0.4,0.7,0.3,0.1,0
44,67,1,8,0.3,0.9,0.7,1.5,1.2,0.3,0.9,1.4,0.6,0.2,0
45,67,1,4,0.2,0.5,0.4,0.7,0.6,0.1,0.4,0.7,0.3,0.1,0
46,67,1,2,0.1,0.2,0.2,0.4,0.3,0.1,0.2,0.4,0.1,0,0
50,67,1,3,0.1,0.1,0.1,0.5,0.7,0.1,0.7,0.6,0.1,0,0
51,67,1,4,0.1,0.2,0.2,0.6,0.9,0.1,0.9,0.8,0.2,0,0
52,67,1,3,0.2,0.3,0.2,0.6,0.6,0.1,0.3,0.5,0.2,0,0
53,67,1,3,0.2,0.3,0.2,0.6,0.6,0.1,0.3,0.5,0.2,0,0
56,67,1,6,0.5,0.5,0.4,1.3,1.2,0.2,0.5,1,0.4,0,0
59,67,1,3,0.1,0.3,0.3,0.4,1,0,0.1,0.6,0,0.2,0
60,67,1,3,0.1,0.3,0.3,0.4,1,0,0.1,0.6,0,0.2,0
63,67,1,2,0,0.3,0.1,0.4,0.3,0.1,0.1,0.4,0.2,0.1,0
67,67,1,6,0.1,0.9,0.4,1.2,1,0.3,0.2,1.1,0.6,0.2,0
74,67,1,9,0.3,1.2,0.4,1.4,2.5,0.4,1.2,1.1,0.5,0,0
76,67,1,2,0.1,0.3,0.1,0.3,0.5,0.1,0.3,0.2,0.1,0,0
79,67,1,2,0,0.2,0.1,0.1,0.2,0,0.8,0.4,0.1,0.1,0
81,67,1,3,0,0.3,0.1,0.2,0.4,0,1.2,0.6,0.1,0.1,0
82,67,1,8,0,1.1,0.5,0.9,1.6,0,1.4,2.3,0.2,0,0
88,67,1,3,0,0,0.2,0.6,0.5,0.1,0.8,0.5,0.1,0.2,0
90,67,1,9,0.1,0,0.6,1.7,1.5,0.2,2.3,1.5,0.4,0.7,0
96,67,1,3,0,0.1,0.1,0.6,0.3,0.1,0.2,1,0.1,0.5,0
98,67,1,1,0,0,0,0.2,0.1,0,0.1,0.4,0,0.2,0
118,67,1,1,0,0.1,0,0.2,0.2,0.1,0.2,0.1,0,0.1,0
0,68,0,30,1,1,1,5,6,2,3,7,1,3,0
1,68,0,61.5,5,6.5,4,13,13,4,8,4,2,2,0
2,68,0,31.5,2,2,0,5,4,1,3,2,3.5,9,0
3,68,0,27,0,2,2,3,10,1,4,2,2,1,0
4,68,0,78.5,3,4,6,10,15,1,10,12,5.5,12,0
5,68,1,25,1.3,1.3,2.6,4.9,3.3,1.5,3.1,3.9,1.3,1.3,0.5
10,68,1,2,0,0,0.1,0.3,0.1,0,0.6,0.7,0.1,0.1,0
13,68,1,2,0.1,0.1,0.2,0.2,0.4,0.1,0.3,0.3,0.1,0.2,0
15,68,1,3,0.2,0.1,0.3,0.3,0.6,0.1,0.5,0.4,0.2,0.3,0
16,68,1,4,0.2,0.2,0.4,0.4,0.8,0.1,0.7,0.5,0.2,0.4,0.1
17,68,1,4,0.2,0.2,0.4,0.4,0.8,0.1,0.7,0.5,0.2,0.4,0.1
18,68,1,3,0.2,0.1,0.3,0.3,0.6,0.1,0.5,0.4,0.2,0.3,0
23,68,1,3,0.3,0.3,0.1,0.7,0.5,0,0.3,0.6,0.2,0,0
24,68,1,5,0.4,0.5,0.2,1.2,0.9,0,0.4,1,0.3,0.1,0
25,68,1,15,1.3,1.5,0.5,3.6,2.5,0,1.3,3,1,0.3,0
26,68,0,47,4,2,2,10,14,1,0,4,10,0,0
27,68,0,33.5,0,2.5,6,2,14,0,5,3,1,0,0
28,68,0,34.5,1,1.5,4,4,12,0,5,5,1,1,0
29,68,1,25,2.3,2.3,1.2,5.2,4.1,0,2.3,4.1,2.9,0.6,0
33,68,1,4,0.2,0.2,0.2,1,0.5,0.1,0.3,0.8,0.4,0.3,0
41,68,1,8,0.5,0.3,0.3,2,1,0.2,0.7,1.5,0.8,0.7,0
42,68,1,30.5,1.3,3.5,2.7,5.7,4.7,1,3.3,5.4,2.2,0.7,0
43,68,1,4,0.2,0.5,0.4,0.7,0.6,0.1,0.4,0.7,0.3,0.1,0
44,68,1,5,0.2,0.6,0.4,0.9,0.8,0.2,0.5,0.9,0.4,0.1,0
53,68,1,3,0.2,0.3,0.2,0.6,0.6,0.1,0.3,0.5,0.2,0,0
54,68,1,11,1,1,0.7,2.4,2.2,0.3,1,1.7,0.7,0,0
56,68,1,3,0.2,0.3,0.2,0.6,0.6,0.1,0.3,0.5,0.2,0,0
57,68,1,3,0.1,0.3,0.3,0.4,1,0,0.1,0.6,0,0.2,0
60,68,1,5,0.1,0.6,0.6,0.6,1.6,0,0.2,1,0,0.3,0
63,68,1,2,0,0.3,0.1,0.4,0.3,0.1,0.1,0.4,0.2,0.1,0
64,68,1,6,0.1,0.9,0.4,1.2,1,0.3,0.2,1.1,0.6,0.2,0
65,68,1,4,0.1,0.6,0.2,0.8,0.7,0.2,0.1,0.7,0.4,0.2,0
69,68,1,1,0,0.1,0.1,0.2,0.2,0.1,0,0.2,0.1,0,0
71,68,1,2,0,0.3,0.1,0.4,0.3,0.1,0.1,0.4,0.2,0.1,0
75,68,1,1,0,0.1,0.1,0.2,0.3,0,0.1,0.1,0.1,0,0
79,68,1,10,0,1.1,0.4,0.7,1.1,0,4.1,1.8,0.4,0.4,0
81,68,1,2,0,0.2,0.1,0.1,0.2,0,0.8,0.4,0.1,0.1,0
82,68,1,2,0,0.3,0.1,0.2,0.4,0,0.3,0.6,0.1,0,0
88,68,1,4,0.1,0,0.3,0.8,0.6,0.1,1,0.6,0.2,0.3,0
90,68,1,3,0,0,0.2,0.6,0.5,0.1,0.8,0.5,0.1,0.2,0
91,68,1,4,0.1,0,0.3,0.8,0.6,0.1,1,0.6,0.2,0.3,0
96,68,1,4,0,0.1,0.1,0.9,0.4,0.1,0.3,1.4,0.1,0.6,0
97,68,1,4,0,0.1,0.1,0.9,0.4,0.1,0.3,1.4,0.1,0.6,0
98,68,1,1,0,0,0,0.2,0.1,0,0.1,0.4,0,0.2,0
99,68,1,5,0,0.2,0.2,1.1,0.5,0.1,0.3,1.7,0.1,0.8,0
119,68,1,6,0.1,0.4,0.2,1.2,1.1,0.4,1.2,0.8,0.2,0.4,0
0,69,0,43,3,4,2,7,5,2,6,8,0,6,0
1,69,0,123,5,4,5,22,21,1,27,25,5,8,0
2,69,0,166,4,6,12,9,26,3,17,26,4,59,0
3,69,0,72,7,3,2,10,13,2,12,16,3,4,0
4,69,0,59,1,6,3,4,12,5,9,14,3,2,0
5,69,0,26,0,2,3,2,7,0,4,6,1,1,0
6,69,1,8,0.6,0.6,0.2,1.3,1.9,0.2,0.9,1.5,0.2,0.6,0
8,69,1,2,0,0,0.1,0.3,0.1,0,0.6,0.7,0.1,0.1,0
9,69,1,3,0,0.1,0.1,0.4,0.2,0.1,0.8,1,0.2,0.1,0
10,69,1,2,0,0,0.1,0.3,0.1,0,0.6,0.7,0.1,0.1,0
12,69,1,2,0,0.1,0.1,0.1,0.5,0.1,0.5,0.4,0.1,0.1,0
13,69,1,8,0.1,0.5,0.5,0.4,2.1,0.1,1.9,1.7,0.2,0.5,0
14,69,1,12,0.2,0.7,0.8,0.6,3.1,0.2,2.8,2.6,0.2,0.8,0
15,69,1,3,0,0.2,0.2,0.1,0.8,0.1,0.7,0.6,0.1,0.2,0
19,69,1,4,0.1,0.4,0.2,0.5,0.7,0,0.6,1.2,0.1,0.2,0
22,69,1,8,0.2,0.5,0.7,1.2,2.1,0.2,1,1,0.6,0.5,0
23,69,1,2,0,0.1,0.2,0.3,0.5,0.1,0.3,0.3,0.1,0.1,0
24,69,0,30,1,0,2,3,6,1,4,8,2,3,0
26,69,1,7,0.2,0.4,0.6,1.1,1.8,0.2,0.9,0.9,0.5,0.4,0
27,69,0,51,4,2,7,7,9,2,11,5,3,1,0
28,69,0,38,4,0,2,4,6,0,14,5,1,2,0
29,69,0,44,0,6,3,7,8,2,11,4,3,0,0
30,69,1,12,0.9,0.7,0.4,2.4,1.7,0.3,1.8,2.2,0.7,0.9,0
31,69,1,4,0.3,0.3,0.1,0.8,0.6,0.1,0.6,0.7,0.2,0.3,0
32,69,1,6,0.3,0.5,0.2,0.7,0.9,0.1,1.4,1,0.3,0.5,0.1
34,69,1,3,0.2,0.3,0.1,0.3,0.4,0,0.7,0.5,0.2,0.3,0
36,69,1,12,0.6,1.1,0.4,1.3,1.8,0.1,2.8,2.1,0.6,1,0.2
37,69,1,2,0.1,0.3,0.1,0.3,0.5,0,0.1,0.4,0.1,0.1,0
40,69,1,2,0.1,0.3,0.1,0.3,0.5,0,0.1,0.4,0.1,0.1,0
41,69,1,21,0.8,2.9,1.6,3.4,5.5,0,0.8,3.9,1,1.1,0
42,69,1,5,0.2,0.2,0.2,0.8,1.1,0.2,1.1,1,0.2,0,0
49,69,1,5,0.1,0.4,0.4,0.4,1.2,0.1,0.6,1,0.3,0.5,0
53,69,1,5,0.4,0.1,0.3,1.1,0.8,0.1,0.7,0.8,0.2,0.5,0
54,69,0,23,0,2,4,2,6,1,4,3,1,0,0
55,69,1,11,0.8,0.2,0.7,2.4,1.9,0.2,1.5,1.8,0.4,1.1,0
56,69,1,10,0.8,0.2,0.6,2.2,1.7,0.2,1.3,1.6,0.4,1,0
60,69,1,5,0.5,0.3,0,0.9,0.4,0,0.5,1.7,0.3,0.4,0
61,69,1,3,0.3,0.2,0,0.5,0.2,0,0.3,1.1,0.2,0.2,0
64,69,1,5,0.2,0.4,0.3,1.2,1,0.2,0.5,0.3,0.7,0.2,0
66,69,1,2,0.1,0.1,0.1,0.5,0.4,0.1,0.2,0.1,0.3,0.1,0
72,69,1,1,0,0.1,0,0,0.2,0,0.2,0.3,0,0.2,0
75,69,1,2,0,0.2,0,0.1,0.3,0,0.4,0.6,0,0.4,0
76,69,1,1,0,0.1,0,0,0.2,0,0.2,0.3,0,0.2,0
77,69,1,10,0.4,1.4,0.4,1.5,2.7,0.4,1.4,1.2,0.6,0,0
78,69,1,2,0.1,0.3,0.1,0.3,0.5,0.1,0.3,0.2,0.1,0,0
87,69,1,1,0,0.1,0.1,0.1,0.2,0,0.2,0.2,0,0.1,0
88,69,1,7,0.3,0.5,0.4,0.7,1.3,0,1.5,1.2,0.4,0.7,0
89,69,1,2,0.1,0.1,0.1,0.2,0.4,0,0.5,0.3,0.1,0.2,0
90,69,1,5,0.3,0.3,0.3,0.5,0.9,0,1.1,0.8,0.3,0.5,0
94,69,1,9,0.2,0.4,0.5,1.3,1.7,0.3,1.7,1.7,0.6,0.6,0
95,69,1,7,0.2,0.3,0.4,1,1.3,0.2,1.3,1.4,0.5,0.4,0
96,69,1,15,0.4,0.7,0.8,2.1,2.8,0.5,2.9,2.9,1,0.9,0
97,69,1,15,0,1.9,0.3,1.6,2.6,0.3,3.8,1.3,1,2.2,0
98,69,1,1,0,0.1,0,0.1,0.2,0,0.3,0.1,0.1,0.1,0
99,69,1,1,0,0.1,0,0.1,0.2,0,0.3,0.1,0.1,0.1,0
115,69,1,4,0.1,0.3,0.1,0.8,0.7,0.3,0.8,0.5,0.1,0.3,0
117,69,1,6,0.4,0.4,0.1,1.1,1,0.5,0.5,1.2,0.5,0.3,0
120,69,1,3,0.2,0.2,0.1,0.5,0.5,0.2,0.3,0.6,0.2,0.2,0
124,69,1,1,0,0.1,0,0,0.2,0,0.2,0.4,0,0.1,0
0,70,0,73.5,0,7,6,7,19,0,17,12,2.5,3,0
1,70,0,100.5,5,8.5,13,12,18,1,13,15,5,10,0
2,70,0,75.5,4,8,5,12,16,0.5,11,13,3,3,0
3,70,1,1,0.1,0.1,0,0.2,0.2,0,0.1,0.2,0,0.1,0
4,70,1,1,0.1,0.1,0,0.2,0.2,0,0.1,0.2,0,0.1,0
6,70,1,8,0.6,0.6,0.2,1.3,1.9,0.2,0.9,1.5,0.2,0.6,0
13,70,1,7,0.1,0.4,0.5,0.3,1.9,0.1,1.6,1.5,0.1,0.5,0
14,70,1,2,0,0.1,0.1,0.1,0.5,0.1,0.5,0.4,0.1,0.1,0
16,70,1,3,0,0.2,0.2,0.1,0.8,0.1,0.7,0.6,0.1,0.2,0
18,70,1,8,0.2,0.8,0.5,1,1.3,0,1.1,2.4,0.2,0.5,0
22,70,1,1,0,0.1,0.1,0.1,0.3,0,0.1,0.1,0.1,0.1,0
24,70,1,19,0.5,1.2,1.7,2.8,5,0.5,2.4,2.4,1.3,1.2,0
25,70,1,3,0.1,0.2,0.2,0.4,0.8,0.1,0.4,0.4,0.2,0.2,0
26,70,0,74,2,12.5,7.5,13,13,1,10,8,7,0,0
27,70,1,20,1.6,1.1,0.6,4.1,2.9,0.5,3,3.6,1.1,1.5,0
28,70,1,4,0.3,0.3,0.1,0.8,0.6,0.1,0.6,0.7,0.2,0.3,0
29,70,1,15,1.2,0.9,0.5,3,2.2,0.3,2.3,2.7,0.8,1.1,0
30,70,0,54.5,5,7,2,8,13,1,5,6,5.5,2,0
31,70,1,8.5,0.7,0.5,0.3,1.7,1.2,0.2,1.3,1.5,0.5,0.6,0
32,70,1,2,0.1,0.2,0.1,0.2,0.3,0,0.5,0.3,0.1,0.2,0
35,70,1,3,0.2,0.3,0.1,0.3,0.4,0,0.7,0.5,0.2,0.3,0
36,70,1,5,0.2,0.5,0.2,0.5,0.7,0.1,1.2,0.9,0.2,0.4,0.1
38,70,1,6,0.2,0.8,0.5,1,1.6,0,0.2,1.1,0.3,0.3,0
39,70,1,19,0.7,2.6,1.4,3.1,5,0,0.7,3.6,0.9,1,0
40,70,1,5,0.2,0.7,0.4,0.8,1.3,0,0.2,0.9,0.2,0.3,0
41,70,1,4,0.2,0.5,0.3,0.6,1,0,0.2,0.8,0.2,0.2,0
45,70,1,3,0.1,0.1,0.1,0.5,0.7,0.1,0.7,0.6,0.1,0,0
46,70,1,1,0,0.1,0.1,0.2,0.2,0,0.2,0.2,0,0,0
48,70,1,1,0,0.1,0.1,0.1,0.2,0,0.1,0.2,0.1,0.1,0
51,70,1,3,0,0.2,0.2,0.3,0.7,0.1,0.4,0.6,0.2,0.3,0
52,70,1,7,0.5,0.2,0.4,1.6,1.2,0.1,0.9,1.1,0.3,0.7,0
53,70,1,5,0.4,0.1,0.3,1.1,0.8,0.1,0.7,0.8,0.2,0.5,0
54,70,0,36,1,1,5,5,6,0,3,9,1,5,0
55,70,1,4,0.3,0.1,0.2,0.9,0.7,0.1,0.5,0.6,0.2,0.4,0
56,70,1,8.5,0.6,0.2,0.5,1.9,1.5,0.2,1.1,1.4,0.3,0.8,0
57,70,1,6,0.6,0.4,0,1.1,0.4,0,0.6,2.1,0.4,0.4,0
60,70,1,3,0.3,0.2,0,0.5,0.2,0,0.3,1.1,0.2,0.2,0
64,70,1,2,0.1,0.1,0.1,0.5,0.4,0.1,0.2,0.1,0.3,0.1,0
66,70,1,1,0.1,0.1,0.1,0.2,0.2,0,0.1,0.1,0.1,0,0
74,70,1,3,0,0.3,0,0.2,0.5,0,0.5,0.9,0,0.6,0
75,70,1,2,0,0.2,0,0.1,0.3,0,0.4,0.6,0,0.4,0
88,70,1,2,0.1,0.1,0.1,0.2,0.4,0,0.5,0.3,0.1,0.2,0
92,70,1,8,0.2,0.4,0.5,1.1,1.5,0.3,1.5,1.5,0.5,0.5,0
93,70,1,25,0.6,1.1,1.4,3.5,4.7,0.8,4.8,4.8,1.7,1.6,0
94,70,1,12.5,0.3,0.6,0.7,1.8,2.3,0.4,2.4,2.4,0.8,0.8,0
95,70,1,9,0.2,0.4,0.5,1.3,1.7,0.3,1.7,1.7,0.6,0.6,0
96,70,1,2,0,0.1,0.1,0.3,0.4,0.1,0.4,0.4,0.1,0.1,0
101,70,1,2,0,0.3,0.1,0.2,0.3,0,0.5,0.2,0.1,0.3,0
119,70,1,5,0.3,0.3,0.1,0.9,0.8,0.4,0.5,1,0.4,0.3,0
120,70,1,3,0.2,0.2,0.1,0.5,0.5,0.2,0.3,0.6,0.2,0.2,0
123,70,1,1,0,0.1,0,0,0.2,0,0.2,0.4,0,0.1,0
124,70,1,1,0,0.1,0,0,0.2,0,0.2,0.4,0,0.1,0
0,71,0,50,5,2,4,15,7,1,7,5,3,1,0
1,71,0,101,3,8,10,14,12,1,20,18,2,12,1
2,71,0,41,3,2,2,6,6,0,5,9,4,4,0
16,71,1,2,0,0.1,0.1,0.1,0.5,0.1,0.5,0.4,0.1,0.1,0
18,71,1,3,0,0.3,0.2,0.4,0.5,0,0.4,0.9,0.1,0.2,0
19,71,1,3,0,0.3,0.2,0.4,0.5,0,0.4,0.9,0.1,0.2,0
24,71,1,4,0.1,0.2,0.4,0.6,1.1,0.1,0.5,0.5,0.3,0.2,0
25,71,1,10,0.2,0.6,0.9,1.5,2.6,0.3,1.3,1.3,0.7,0.6,0
26,71,0,56,2,7,4,8,13,2,4,9,4,3,0
27,71,1,13,1,0.7,0.4,2.6,1.9,0.3,2,2.4,0.7,1,0
29,71,1,10,0.8,0.6,0.3,2,1.5,0.2,1.5,1.8,0.6,0.7,0
30,71,0,44,3,5,4,6,8,0,9,4,4,1,0
31,71,1,17,1.3,1,0.5,3.4,2.5,0.4,2.6,3.1,1,1.2,0
32,71,1,7,0.3,0.7,0.3,0.8,1,0.1,1.6,1.2,0.3,0.6,0.1
33,71,1,10,0.5,0.9,0.4,1.1,1.5,0.1,2.3,1.7,0.5,0.9,0.1
34,71,1,8,0.4,0.7,0.3,0.9,1.2,0.1,1.8,1.4,0.4,0.7,0.1
39,71,1,1,0,0.1,0.1,0.2,0.3,0,0,0.2,0,0.1,0
41,71,1,6,0.2,0.8,0.5,1,1.6,0,0.2,1.1,0.3,0.3,0
43,71,1,6,0.2,0.3,0.2,0.9,1.4,0.2,1.4,1.2,0.2,0,0
44,71,1,6.5,0.2,0.3,0.3,1,1.5,0.2,1.5,1.3,0.2,0,0
45,71,1,4,0.1,0.2,0.2,0.6,0.9,0.1,0.9,0.8,0.2,0,0
50,71,1,8,0.1,0.6,0.6,0.7,1.8,0.1,1,1.6,0.6,0.9,0
51,71,1,3,0,0.2,0.2,0.3,0.7,0.1,0.4,0.6,0.2,0.3,0
52,71,1,5,0.4,0.1,0.3,1.1,0.8,0.1,0.7,0.8,0.2,0.5,0
54,71,1,27,2,0.6,1.6,6,4.6,0.5,3.6,4.4,1.1,2.6,0
56,71,1,3,0.2,0.1,0.2,0.7,0.5,0,0.4,0.5,0.1,0.3,0
57,71,1,2,0.2,0.1,0,0.4,0.1,0,0.2,0.7,0.1,0.2,0
64,71,1,8,0.4,0.6,0.4,2,1.6,0.2,0.8,0.5,1.2,0.3,0
65,71,1,10,0.5,0.8,0.5,2.5,2,0.3,1,0.6,1.5,0.3,0
66,71,1,7,0.3,0.6,0.4,1.7,1.4,0.2,0.7,0.5,1,0.2,0
73,71,1,1,0,0.1,0,0,0.2,0,0.2,0.3,0,0.2,0
74,71,1,5,0,0.5,0,0.4,0.9,0,0.9,1.4,0,0.9,0
86,71,1,2,0,0.3,0.1,0.2,0.4,0,0.3,0.6,0.1,0,0
87,71,1,3,0.1,0.2,0.2,0.3,0.6,0,0.7,0.5,0.1,0.3,0
89,71,1,9,0.4,0.6,0.5,0.9,1.7,0,2,1.5,0.5,0.9,0
90,71,1,1,0,0.1,0.1,0.1,0.2,0,0.2,0.2,0,0.1,0
92,71,1,9,0.2,0.4,0.5,1.3,1.7,0.3,1.7,1.7,0.6,0.6,0
94,71,1,8,0.2,0.4,0.5,1.1,1.5,0.3,1.5,1.5,0.5,0.5,0
95,71,0,27,0,6,2,1,9,0,4,4,1,0,0
96,71,1,4,0.1,0.2,0.2,0.6,0.7,0.1,0.8,0.8,0.3,0.2,0
119,71,1,2,0.1,0.1,0,0.4,0.3,0.2,0.2,0.4,0.2,0.1,0
120,71,1,6,0.4,0.4,0.1,1.1,1,0.5,0.5,1.2,0.5,0.3,0
1,72,1,24,1.4,1.1,2.9,2.9,3.6,0.4,5.5,2.5,1.5,2.2,0
2,72,1,3,0.2,0.2,0.1,0.5,0.7,0.1,0.3,0.6,0.1,0.2,0
7,72,1,7,0.1,0.2,0.2,1,0.5,0.1,1.9,2.3,0.5,0.2,0
8,72,1,7,0.1,0.2,0.2,1,0.5,0.1,1.9,2.3,0.5,0.2,0
10,72,1,5,0.1,0.1,0.1,0.7,0.4,0.1,1.4,1.6,0.4,0.1,0
11,72,1,2,0,0,0.1,0.3,0.1,0,0.6,0.7,0.1,0.1,0
12,72,1,5.5,0.1,0.3,0.3,0.3,1.4,0.1,1.3,1.2,0.1,0.4,0
13,72,1,5,0.1,0.3,0.3,0.2,1.3,0.1,1.2,1.1,0.1,0.3,0
14,72,1,1,0,0.1,0.1,0,0.3,0,0.2,0.2,0,0.1,0
18,72,1,2,0,0.2,0.1,0.3,0.3,0,0.3,0.6,0.1,0.1,0
20,72,1,6,0.1,0.6,0.4,0.7,1,0,0.9,1.8,0.1,0.4,0
25,72,1,2,0,0.1,0.2,0.3,0.5,0.1,0.3,0.3,0.1,0.1,0
26,72,0,63,4,5,4,10,9,0,11,7,0,13,0
27,72,0,57,1,2,5,6,8,2,12,13,4,4,0
28,72,1,3,0.2,0.2,0.1,0.6,0.4,0.1,0.5,0.5,0.2,0.2,0
29,72,1,6,0.5,0.3,0.2,1.2,0.9,0.1,0.9,1.1,0.3,0.5,0
30,72,1,12,0.9,0.7,0.4,2.4,1.7,0.3,1.8,2.2,0.7,0.9,0
31,72,0,37,2,2,3,5,5,0,11,4,3,2,0
32,72,1,15,0.7,1.4,0.5,1.7,2.2,0.2,3.5,2.6,0.7,1.3,0.2
35,72,1,10.5,0.5,1,0.4,1.2,1.5,0.1,2.5,1.8,0.5,0.9,0.1
37,72,1,2,0.1,0.3,0.1,0.3,0.5,0,0.1,0.4,0.1,0.1,0
39,72,1,4,0.2,0.5,0.3,0.6,1,0,0.2,0.8,0.2,0.2,0
40,72,1,5,0.2,0.7,0.4,0.8,1.3,0,0.2,0.9,0.2,0.3,0
41,72,1,2,0.1,0.3,0.1,0.3,0.5,0,0.1,0.4,0.1,0.1,0
42,72,1,2,0.1,0.1,0.1,0.3,0.4,0.1,0.4,0.4,0.1,0,0
43,72,1,1,0,0.1,0.1,0.2,0.2,0,0.2,0.2,0,0,0
45,72,1,4,0.1,0.2,0.2,0.6,0.9,0.1,0.9,0.8,0.2,0,0
47,72,1,6,0.1,0.4,0.4,0.5,1.4,0.1,0.8,1.2,0.4,0.7,0
49,72,1,3,0,0.2,0.2,0.3,0.7,0.1,0.4,0.6,0.2,0.3,0
50,72,1,2,0,0.1,0.2,0.2,0.5,0,0.3,0.4,0.1,0.2,0
52,72,1,1,0.1,0,0.1,0.2,0.2,0,0.1,0.2,0,0.1,0
53,72,1,1,0.1,0,0.1,0.2,0.2,0,0.1,0.2,0,0.1,0
54,72,1,9,0.6,0.2,0.5,2,1.5,0.2,1.2,1.5,0.4,0.9,0
55,72,1,16,1.2,0.4,0.9,3.6,2.7,0.3,2.1,2.6,0.7,1.5,0
56,72,1,2,0.2,0,0.1,0.5,0.3,0,0.3,0.3,0.1,0.2,0
57,72,1,1,0.1,0.1,0,0.2,0.1,0,0.1,0.3,0,0.1,0
64,72,1,9,0.4,0.7,0.5,2.2,1.8,0.3,0.9,0.6,1.3,0.3,0
65,72,1,4,0.2,0.3,0.2,1,0.8,0.1,0.4,0.3,0.6,0.1,0
73,72,1,3,0,0.3,0,0.2,0.5,0,0.5,0.9,0,0.6,0
74,72,0,23,1,1,0,7,8,1,1,0,3,1,0
75,72,1,3,0,0.3,0,0.2,0.5,0,0.5,0.9,0,0.6,0
85,72,1,4,0,0.6,0.2,0.5,0.8,0,0.7,1.1,0.1,0,0
86,72,1,7,0,1,0.4,0.8,1.4,0,1.2,2,0.2,0,0
89,72,1,4,0.2,0.3,0.2,0.4,0.7,0,0.9,0.7,0.2,0.4,0
90,72,1,17,0.9,1.1,0.9,1.7,3.2,0,3.7,2.9,0.9,1.7,0
91,72,1,4,0.2,0.3,0.2,0.4,0.7,0,0.9,0.7,0.2,0.4,0
93,72,0,46,1,2,3,8,5,0,7,13,1,6,0
94,72,1,12,0.3,0.5,0.7,1.7,2.2,0.4,2.3,2.3,0.8,0.8,0
95,72,0,41,0,2,7,5,9,0,7,5,3,3,0
96,72,1,7,0.2,0.3,0.4,1,1.3,0.2,1.3,1.4,0.5,0.4,0
98,72,1,4,0,0.5,0.1,0.4,0.7,0.1,1,0.3,0.3,0.6,0
100,72,1,3,0,0.4,0.1,0.3,0.5,0.1,0.8,0.2,0.2,0.4,0
112,72,1,6,0.1,0.4,0.2,1.2,1.1,0.4,1.2,0.8,0.2,0.4,0
114,72,1,2,0,0.1,0.1,0.4,0.4,0.1,0.4,0.3,0.1,0.1,0
119,72,1,19,1.2,1.2,0.4,3.5,3.1,1.6,1.7,3.7,1.6,1,0
120,72,1,3,0.2,0.2,0.1,0.5,0.5,0.2,0.3,0.6,0.2,0.2,0
1,73,1,2,0.1,0.1,0.2,0.3,0.3,0,0.5,0.2,0.1,0.2,0
3,73,1,10,0.7,0.7,0.3,1.7,2.4,0.2,1.2,1.9,0.2,0.7,0
4,73,0,34,2,1,4,7,6,1,4,4,3,2,0
5,73,1,11,0.8,0.8,0.3,1.8,2.6,0.2,1.3,2.1,0.3,0.8,0
6,73,0,72,3,6,5,13,12,2,3,20,5,3,0
7,73,0,52,2,6,5,9,9,1,11,3,2,4,0
8,73,1,2,0,0,0.1,0.3,0.1,0,0.6,0.7,0.1,0.1,0
9,73,1,3,0,0.1,0.1,0.4,0.2,0.1,0.8,1,0.2,0.1,0
14,73,1,2,0,0.1,0.1,0.1,0.5,0.1,0.5,0.4,0.1,0.1,0
15,73,1,4,0.1,0.2,0.3,0.2,1,0.1,0.9,0.8,0.1,0.3,0
16,73,1,4,0.1,0.2,0.3,0.2,1,0.1,0.9,0.8,0.1,0.3,0
17,73,1,9,0.2,0.9,0.5,1.1,1.5,0,1.3,2.8,0.2,0.5,0
18,73,1,1,0,0.1,0.1,0.1,0.2,0,0.1,0.3,0,0.1,0
20,73,1,11,0.2,1.1,0.7,1.3,1.8,0,1.6,3.4,0.2,0.7,0
21,73,1,2,0,0.2,0.1,0.3,0.3,0,0.3,0.6,0.1,0.1,0
22,73,0,21,1,3,1,1,0,0,2,7,1,5,0
23,73,0,34,4,1,5,10,4,1,3,5,1,0,0
24,73,1,7.5,0.2,0.5,0.7,1.1,2,0.2,0.9,0.9,0.5,0.5,0
26,73,1,16,0.4,1,1.4,2.4,4.3,0.4,2,2,1.1,1,0
27,73,0,61.5,2,7.5,3,8,13,1,8,15,1,3,0
28,73,1,24,1.9,1.4,0.7,4.9,3.5,0.5,3.6,4.3,1.4,1.8,0
29,73,1,12,0.9,0.7,0.4,2.4,1.7,0.3,1.8,2.2,0.7,0.9,0
30,73,1,15,1.2,0.9,0.5,3,2.2,0.3,2.3,2.7,0.8,1.1,0
31,73,1,2,0.2,0.1,0.1,0.4,0.3,0,0.3,0.4,0.1,0.1,0
40,73,1,1,0,0.1,0.1,0.2,0.3,0,0,0.2,0,0.1,0
42,73,1,6,0.2,0.3,0.2,0.9,1.4,0.2,1.4,1.2,0.2,0,0
43,73,1,4,0.1,0.2,0.2,0.6,0.9,0.1,0.9,0.8,0.2,0,0
46,73,1,2,0.1,0.1,0.1,0.3,0.4,0.1,0.4,0.4,0.1,0,0
48,73,1,5,0.1,0.4,0.4,0.4,1.2,0.1,0.6,1,0.3,0.5,0
49,73,1,2,0,0.1,0.2,0.2,0.5,0,0.3,0.4,0.1,0.2,0
50,73,1,15,0.2,1.1,1.1,1.3,3.5,0.3,1.9,2.9,1.1,1.6,0
51,73,1,3,0,0.2,0.2,0.3,0.7,0.1,0.4,0.6,0.2,0.3,0
52,73,1,1,0.1,0,0.1,0.2,0.2,0,0.1,0.2,0,0.1,0
55,73,1,19.5,1.4,0.4,1.2,4.3,3.3,0.4,2.6,3.2,0.8,1.9,0
57,73,1,6,0.6,0.4,0,1.1,0.4,0,0.6,2.1,0.4,0.4,0
58,73,1,3,0.3,0.2,0,0.5,0.2,0,0.3,1.1,0.2,0.2,0
62,73,1,3,0.2,0.2,0.2,0.7,0.6,0.1,0.3,0.2,0.4,0.1,0
63,73,1,10,0.5,0.8,0.5,2.5,2,0.3,1,0.6,1.5,0.3,0
74,73,1,5,0,0.5,0,0.4,0.9,0,0.9,1.4,0,0.9,0
75,73,1,2,0,0.2,0,0.1,0.3,0,0.4,0.6,0,0.4,0
78,73,1,7,0.3,0.9,0.3,1.1,1.9,0.3,1,0.8,0.4,0,0
79,73,1,4,0.2,0.5,0.2,0.6,1.1,0.2,0.5,0.5,0.2,0,0
85,73,1,2,0,0.3,0.1,0.2,0.4,0,0.3,0.6,0.1,0,0
86,73,1,4,0,0.6,0.2,0.5,0.8,0,0.7,1.1,0.1,0,0
87,73,1,4,0.2,0.3,0.2,0.4,0.7,0,0.9,0.7,0.2,0.4,0
92,73,1,11,0.3,0.5,0.6,1.6,2,0.4,2.1,2.1,0.7,0.7,0
93,73,0,107,1,11,2,13,20,1,13,22,7,17,0
94,73,1,1,0,0,0.1,0.1,0.2,0,0.2,0.2,0.1,0.1,0
95,73,1,18,0.5,0.8,1,2.5,3.3,0.6,3.5,3.5,1.2,1.1,0
96,73,1,20,0.5,0.9,1.1,2.8,3.7,0.7,3.8,3.8,1.4,1.3,0
98,73,1,21,0,2.7,0.5,2.2,3.6,0.4,5.4,1.8,1.3,3.1,0
111,73,1,1,0,0.1,0.1,0.1,0.2,0,0.3,0.1,0,0.1,0
112,73,1,2,0,0.1,0.1,0.4,0.4,0.1,0.4,0.3,0.1,0.1,0
114,73,1,2,0,0.1,0.1,0.4,0.4,0.1,0.4,0.3,0.1,0.1,0
115,73,1,3,0.1,0.2,0.1,0.6,0.5,0.2,0.6,0.4,0.1,0.2,0
116,73,1,7,0.1,0.5,0.2,1.4,1.3,0.5,1.4,0.9,0.2,0.5,0
117,73,1,11,0.7,0.7,0.2,2,1.8,0.9,1,2.1,1,0.6,0
118,73,1,14,0.9,0.9,0.3,2.6,2.3,1.2,1.2,2.7,1.2,0.7,0
119,73,1,16,1,1,0.3,2.9,2.6,1.4,1.4,3.1,1.4,0.9,0
121,73,1,5,0.3,0.3,0.1,0.9,0.8,0.4,0.5,1,0.4,0.3,0
126,73,1,5,0,0.5,0,0.2,0.9,0,0.9,2,0,0.5,0
1,74,1,6,0.2,0.8,0.6,0.5,1.2,0.3,0.5,0.9,0.5,0.5,0
4,74,1,4,0.3,0.3,0.2,0.8,0.8,0,0.5,0.6,0.3,0.2,0
5,74,1,11,0.8,1,0.4,2.2,2.2,0.2,1.3,1.6,0.9,0.4,0
6,74,1,9,0.7,0.8,0.4,1.8,1.8,0.1,1,1.3,0.7,0.4,0
7,74,1,29,0.3,4.9,2.1,3.5,6.2,0.4,5.5,2.8,2.4,0.9,0
8,74,1,2,0,0.3,0.2,0.2,0.4,0,0.4,0.2,0.2,0.1,0
10,74,1,7,0.1,1.2,0.5,0.8,1.5,0.1,1.3,0.7,0.6,0.2,0
11,74,1,22,0.3,3.7,1.6,2.7,4.7,0.3,4.1,2.1,1.8,0.7,0
12,74,1,21.5,0.2,1.8,1.3,4,5,0.2,2.6,3.1,3,0.3,0
13,74,1,24,0.2,2,1.4,4.5,5.6,0.3,2.9,3.4,3.3,0.4,0
14,74,1,1,0,0.1,0.1,0.2,0.2,0,0.1,0.2,0.1,0,0
15,74,1,8,0,0.7,0.5,1.5,1.9,0.1,1,1.1,1.1,0.1,0
16,74,1,1,0,0.1,0.1,0.2,0.2,0,0.1,0.2,0.1,0,0
18,74,1,5,0.1,0.8,0.4,0.2,1.3,0.1,0.6,1,0.3,0.2,0
22,74,1,13,0.2,1.9,1.5,1.5,3.5,0.8,1.3,0.4,1.5,0.4,0
23,74,0,54,3,3,2,12,7,1,7,10,2,7,0
24,74,0,71,1,6.5,9.5,8,16,0,6,7,5,12,0
25,74,0,149.5,4.5,8.5,12,25,37,1.5,11,35,6,9,0
26,74,0,173,4,15,10.5,31,24,2,39,24,8.5,14,1
27,74,0,35.5,1,3,4,5,8,0.5,6,3,1,4,0
31,74,1,3,0.1,0,0,0.3,0,0,0.4,1.1,0,1.1,0
33,74,1,6,0.4,0.4,0.4,1.7,0.7,0.4,0.4,0.6,0.6,0.4,0
38,74,1,8,0.5,1.1,0.3,2.4,1.3,0,1.1,0.5,0.5,0.3,0
39,74,1,3,0.2,0.4,0.1,0.9,0.5,0,0.4,0.2,0.2,0.1,0
40,74,1,3,0.2,0.4,0.1,0.9,0.5,0,0.4,0.2,0.2,0.1,0
42,74,1,2.5,0,0.3,0.2,0.3,0.4,0.1,0.5,0.5,0.2,0,0
44,74,1,6,0,0.7,0.4,0.8,1,0.1,1.2,1.3,0.5,0,0
51,74,1,5,0.1,0.1,0.5,0.8,1,0.4,1,0.4,0.6,0.1,0
55,74,1,17,1.6,0,2,1.6,3.6,0.3,3,2.3,0.3,2.3,0
58,74,1,3,0,0.3,0.5,0.1,0.9,0.1,0.3,0.6,0.1,0.1,0
62,74,1,6,0.2,0.2,0.2,1,1.2,0.2,1,1.2,0.4,0.4,0
63,74,1,2,0.1,0.1,0.1,0.3,0.4,0.1,0.3,0.4,0.1,0.1,0
67,74,1,2,0,0.2,0,0.4,0.3,0.1,0.1,0.4,0.1,0.4,0
74,74,1,1,0,0.1,0.1,0,0.2,0,0.2,0.2,0,0.2,0
76,74,1,8,0.2,0.9,0.3,0.2,1.4,0.2,1,1.8,0.2,1.8,0
84,74,1,1,0,0.1,0.1,0.1,0.2,0,0.2,0.2,0.1,0,0
85,74,1,11,0,0.9,0.9,1.2,2.3,0,2.4,2.1,0.9,0.3,0
88,74,1,9,0.2,1,0.5,0.7,1.9,0,1.4,2.3,0,1,0
90,74,1,1,0,0.1,0.1,0.1,0.2,0,0.2,0.2,0,0.1,0
92,74,1,18,0.4,1.5,0.7,3.3,2.5,0.3,3,3.5,1.3,1.5,0
93,74,1,11,0.3,0.9,0.4,2,1.6,0.2,1.8,2.1,0.8,0.9,0
94,74,0,33,0,1,3,3,4,0,3,11,0,8,0
95,74,1,10,0.2,0.9,0.4,1.8,1.4,0.2,1.6,1.9,0.7,0.9,0
96,74,1,23,0.5,1.9,0.9,4.2,3.3,0.4,3.8,4.4,1.6,2,0
98,74,1,6,0.3,0.2,0.4,0.8,1.2,0,1.4,1.4,0,0.3,0
100,74,1,1,0.1,0,0.1,0.1,0.2,0,0.2,0.2,0,0.1,0
115,74,1,1,0.1,0,0.1,0.2,0.2,0,0.1,0.2,0.1,0,0
118,74,1,10,0.4,1.2,0.4,1.7,2,0.3,1.3,2,0.3,0.4,0
119,74,1,11,0.4,1.4,0.5,1.8,2.2,0.3,1.4,2.2,0.3,0.5,0
120,74,1,4,0.1,0.5,0.2,0.7,0.8,0.1,0.5,0.8,0.1,0.2,0
122,74,1,1,0.1,0.1,0,0.2,0.1,0,0.2,0.2,0.1,0,0
0,75,1,2,0,0.3,0.2,0.2,0.4,0.1,0.1,0.3,0.2,0.2,0
1,75,1,4,0.1,0.6,0.4,0.3,0.8,0.2,0.3,0.6,0.3,0.4,0
3,75,1,11,0.8,1,0.4,2.2,2.2,0.2,1.3,1.6,0.9,0.4,0
4,75,0,36,3,4,1,8,8,0,4,3,5,0,0
5,75,1,6,0.5,0.5,0.2,1.2,1.2,0.1,0.7,0.9,0.5,0.2,0
8,75,1,3,0,0.5,0.2,0.4,0.6,0,0.6,0.3,0.3,0.1,0
10,75,1,35,0.4,5.9,2.5,4.3,7.5,0.4,6.6,3.4,2.9,1.1,0
11,75,1,26,0.3,4.4,1.9,3.2,5.6,0.3,4.9,2.5,2.1,0.8,0
12,75,1,19,0.2,1.6,1.1,3.6,4.4,0.2,2.3,2.7,2.6,0.3,0
13,75,1,26,0.2,2.1,1.6,4.9,6.1,0.3,3.1,3.7,3.6,0.4,0
14,75,1,2,0,0.2,0.1,0.4,0.5,0,0.2,0.3,0.3,0,0
15,75,1,1,0,0.1,0.1,0.2,0.2,0,0.1,0.2,0.1,0,0
17,75,1,4,0.1,0.6,0.3,0.2,1.1,0,0.5,0.8,0.2,0.2,0
18,75,1,3,0.1,0.5,0.2,0.1,0.8,0,0.4,0.6,0.2,0.1,0
20,75,1,2,0,0.3,0.2,0.1,0.5,0,0.3,0.4,0.1,0.1,0
21,75,0,36,1,2,4,5,8,3,0,8,3,2,0
22,75,0,51,2,3,1,13,5,3,10,6,6,2,0
23,75,0,67,0,6,3,6,13,0,11,9,4,12,3
24,75,0,102.5,0,6.5,2,14,17,0,19,26,3,15,0
25,75,0,274,8,27,25.5,46,61,3,28,30,8.5,37,0
26,75,0,294,9,20,27,66,53,7,44,40,11,17,0
27,75,0,33,2,2,3,6,6,2,5,4,1,2,0
28,75,0,18.5,0,1,0,2,3,0,5,2,1.5,4,0
29,75,1,2,0.1,0,0,0.2,0,0,0.3,0.7,0,0.7,0
32,75,1,1,0,0.1,0.1,0.3,0.1,0,0.1,0.1,0.1,0.1,0
42,75,1,2,0,0.2,0.1,0.3,0.4,0,0.4,0.4,0.2,0,0
43,75,1,2,0,0.2,0.1,0.3,0.4,0,0.4,0.4,0.2,0,0
51,75,1,3,0.1,0.1,0.3,0.4,0.6,0.2,0.6,0.2,0.4,0.1,0
52,75,1,2,0.2,0,0.2,0.2,0.4,0,0.4,0.3,0,0.3,0
55,75,1,2,0.2,0,0.2,0.2,0.4,0,0.4,0.3,0,0.3,0
57,75,1,4,0,0.4,0.7,0.2,1.1,0.1,0.4,0.9,0.1,0.1,0
59,75,1,2,0,0.2,0.3,0.1,0.6,0,0.2,0.4,0.1,0.1,0
60,75,1,2,0,0.2,0.3,0.1,0.6,0,0.2,0.4,0.1,0.1,0
62,75,1,15,0.4,0.7,0.5,2.4,3,0.4,2.4,3.1,1.1,1,0
64,75,1,2,0.1,0.1,0.1,0.3,0.4,0.1,0.3,0.4,0.1,0.1,0
67,75,1,8,0,0.7,0.2,1.6,1.4,0.3,0.4,1.6,0.4,1.4,0
68,75,1,5,0,0.5,0.1,1,0.9,0.2,0.2,1,0.2,0.9,0
73,75,1,1,0,0.1,0.1,0,0.2,0,0.2,0.2,0,0.2,0
76,75,1,5,0.1,0.6,0.2,0.1,0.9,0.1,0.7,1.1,0.1,1.1,0
77,75,1,5,0.2,0.9,0,1.1,0.6,0,0.6,0.7,0.2,0.7,0
78,75,1,5,0.2,0.9,0,1.1,0.6,0,0.6,0.7,0.2,0.7,0
84,75,1,2,0,0.2,0.2,0.2,0.4,0,0.4,0.4,0.2,0,0
85,75,1,1,0,0.1,0.1,0.1,0.2,0,0.2,0.2,0.1,0,0
86,75,1,5,0,0.4,0.4,0.5,1.1,0,1.1,1,0.4,0.1,0
87,75,1,3,0.1,0.3,0.2,0.2,0.6,0,0.5,0.8,0,0.3,0
89,75,1,1,0,0.1,0.1,0.1,0.2,0,0.2,0.2,0,0.1,0
90,75,1,5,0.1,0.6,0.3,0.4,1,0,0.8,1.2,0,0.6,0
92,75,1,24,0.6,2,1,4.4,3.4,0.4,3.9,4.6,1.7,2,0
94,75,1,23,0.5,1.9,0.9,4.2,3.3,0.4,3.8,4.4,1.6,2,0
95,75,1,15,0.3,1.3,0.6,2.7,2.1,0.2,2.5,2.9,1.1,1.3,0
96,75,1,8.5,0.2,0.7,0.3,1.6,1.2,0.2,1.4,1.6,0.6,0.7,0
99,75,1,1,0.1,0,0.1,0.1,0.2,0,0.2,0.2,0,0.1,0
100,75,1,8,0.4,0.3,0.6,1,1.6,0,1.8,1.9,0,0.4,0
101,75,1,3,0.1,0.1,0.2,0.4,0.6,0,0.7,0.7,0,0.2,0
111,75,1,2,0,0.1,0.1,0.2,0.5,0.1,0.5,0.2,0.1,0.2,0
119,75,1,2,0.1,0.2,0.1,0.3,0.4,0.1,0.2,0.4,0.1,0.1,0
120,75,1,1,0,0.1,0.1,0.2,0.2,0,0.1,0.2,0,0.1,0
121,75,1,9,0.4,1.1,0.4,1.5,1.8,0.2,1.1,1.8,0.3,0.4,0
0,76,1,16,0.5,2.2,1.6,1.4,3.3,0.7,1.2,2.4,1.3,1.4,0
1,76,1,1,0,0.1,0.1,0.1,0.2,0,0.1,0.2,0.1,0.1,0
2,76,1,5,0.4,0.4,0.2,1,1,0.1,0.6,0.7,0.4,0.2,0
3,76,1,8,0.6,0.7,0.3,1.6,1.6,0.1,0.9,1.2,0.7,0.3,0
4,76,0,36,4,2,2,8,4,3,5,4,2,2,0
5,76,1,10,0.8,0.9,0.4,2,2,0.1,1.2,1.4,0.8,0.4,0
6,76,1,12,0.9,1,0.5,2.4,2.4,0.2,1.4,1.7,1,0.5,0
7,76,1,2,0,0.3,0.2,0.2,0.4,0,0.4,0.2,0.2,0.1,0
10,76,1,2,0,0.3,0.2,0.2,0.4,0,0.4,0.2,0.2,0.1,0
11,76,0,40,2,4,3,6,12,0,5,6,1,1,0
12,76,1,15.5,0.1,1.3,0.9,2.9,3.6,0.2,1.9,2.2,2.2,0.2,0
13,76,1,2,0,0.2,0.1,0.4,0.5,0,0.2,0.3,0.3,0,0
16,76,1,3,0,0.3,0.2,0.6,0.7,0,0.4,0.4,0.4,0,0
17,76,1,17,0.4,2.6,1.3,0.7,4.4,0.2,2.2,3.5,0.9,0.8,0
18,76,1,4,0.1,0.6,0.3,0.2,1.1,0,0.5,0.8,0.2,0.2,0
19,76,1,9,0.2,1.4,0.7,0.4,2.3,0.1,1.2,1.8,0.5,0.4,0
20,76,1,11,0.2,1.7,0.8,0.5,2.9,0.1,1.4,2.3,0.6,0.5,0
21,76,1,16,0.3,2.4,1.2,0.7,4.2,0.2,2.1,3.3,0.9,0.7,0
22,76,0,88,5,5,10,17,15,2,7,14,8,5,0
23,76,1,8,0.1,1.2,0.9,0.9,2.2,0.5,0.8,0.2,0.9,0.3,0
24,76,0,85.5,5,14.5,3,15,17,3.5,12,9,5.5,1,0
25,76,0,98,2,11.5,9,16,17,1,11,17,3.5,9,1
26,76,0,193.5,13,16.5,16.5,44,39,2.5,19,26,3,14,0
27,76,0,169,6,22.5,17,17,45,3,13,27,8.5,10,0
28,76,0,74,3,3,4,11,8,0,5,18,2,20,0
29,76,1,9,0.4,0,0,0.8,0,0,1.2,3.3,0,3.3,0
33,76,1,5,0.3,0.3,0.3,1.5,0.7,0.3,0.3,0.5,0.5,0.3,0
34,76,1,8.5,0.5,0.5,0.6,2.5,1.1,0.5,0.6,0.8,0.8,0.6,0
38,76,1,2,0.1,0.3,0.1,0.6,0.3,0,0.3,0.1,0.1,0.1,0
41,76,1,2,0.1,0.3,0.1,0.6,0.3,0,0.3,0.1,0.1,0.1,0
42,76,1,1,0,0.1,0.1,0.1,0.2,0,0.2,0.2,0.1,0,0
44,76,1,4,0,0.5,0.3,0.5,0.7,0.1,0.8,0.8,0.3,0,0
53,76,1,2,0.2,0,0.2,0.2,0.4,0,0.4,0.3,0,0.3,0
55,76,1,1,0.1,0,0.1,0.1,0.2,0,0.2,0.1,0,0.2,0
59,76,1,2,0,0.2,0.3,0.1,0.6,0,0.2,0.4,0.1,0.1,0
60,76,1,3,0,0.3,0.5,0.1,0.9,0.1,0.3,0.6,0.1,0.1,0
62,76,1,11,0.3,0.5,0.4,1.8,2.2,0.3,1.8,2.2,0.8,0.7,0
63,76,1,3,0.1,0.1,0.1,0.5,0.6,0.1,0.5,0.6,0.2,0.2,0
64,76,1,7,0.2,0.3,0.3,1.1,1.4,0.2,1.1,1.4,0.5,0.5,0
65,76,1,3,0.1,0.1,0.1,0.5,0.6,0.1,0.5,0.6,0.2,0.2,0
66,76,1,2,0.1,0.1,0.1,0.3,0.4,0.1,0.3,0.4,0.1,0.1,0
67,76,1,5,0,0.5,0.1,1,0.9,0.2,0.2,1,0.2,0.9,0
68,76,1,10,0,0.9,0.2,2,1.8,0.4,0.5,2,0.4,1.8,0
73,76,1,4,0.1,0.4,0.2,0.1,0.7,0.1,0.5,0.9,0.1,0.9,0
74,76,1,1,0,0.1,0.1,0,0.2,0,0.2,0.2,0,0.2,0
75,76,1,2,0,0.2,0.1,0,0.4,0,0.3,0.5,0,0.5,0
76,76,1,3,0.1,0.3,0.1,0.1,0.5,0.1,0.4,0.6,0.1,0.7,0
77,76,1,7,0.3,1.2,0,1.6,0.9,0,0.9,0.9,0.3,0.9,0
79,76,1,1,0.1,0.2,0,0.2,0.1,0,0.1,0.1,0.1,0.1,0
87,76,1,4,0.1,0.5,0.2,0.3,0.8,0,0.6,1,0,0.5,0
89,76,1,5,0.1,0.6,0.3,0.4,1,0,0.8,1.2,0,0.6,0
90,76,0,27,0,2,2,2,6,1,6,4,0,4,0
91,76,1,4,0.1,0.5,0.2,0.3,0.8,0,0.6,1,0,0.5,0
92,76,1,4,0.1,0.3,0.2,0.7,0.6,0.1,0.6,0.8,0.3,0.3,0
95,76,1,4,0.1,0.3,0.2,0.7,0.6,0.1,0.6,0.8,0.3,0.3,0
98,76,1,11,0.6,0.4,0.8,1.4,2.2,0,2.5,2.5,0,0.6,0
99,76,1,6,0.3,0.2,0.4,0.8,1.2,0,1.4,1.4,0,0.3,0
100,76,1,2,0.1,0.1,0.1,0.2,0.4,0,0.5,0.5,0,0.1,0
102,76,1,2,0.1,0.1,0.2,0.1,0.1,0.1,0.4,0.8,0,0.1,0
103,76,1,13,0.4,0.5,1.3,0.9,0.9,0.5,2.2,5.4,0,0.9,0
105,76,1,2,0.1,0.1,0.2,0.1,0.1,0.1,0.4,0.8,0,0.1,0
111,76,1,5,0,0.3,0.4,0.6,1.2,0.1,1.3,0.5,0.2,0.4,0
115,76,1,8,0.8,0.2,0.3,1.7,1.2,0.3,0.9,1.9,0.5,0.2,0
116,76,1,2,0.2,0,0.1,0.4,0.3,0.1,0.2,0.5,0.1,0.1,0
119,76,1,6,0.2,0.8,0.2,1,1.2,0.2,0.8,1.2,0.2,0.2,0
120,76,1,9,0.4,1.1,0.4,1.5,1.8,0.2,1.1,1.8,0.3,0.4,0
123,76,1,7,0.8,0.3,0.1,1.7,0.9,0.1,1.4,1.2,0.3,0.2,0
124,76,1,5,0.5,0.2,0.1,1.2,0.7,0.1,1,0.9,0.2,0.1,0
0,77,1,2,0,0.3,0.2,0.2,0.4,0.1,0.1,0.3,0.2,0.2,0
2,77,1,10,0.8,0.9,0.4,2,2,0.1,1.2,1.4,0.8,0.4,0
3,77,1,13,1,1.1,0.5,2.6,2.6,0.2,1.5,1.9,1.1,0.5,0
4,77,1,16,1.2,1.4,0.7,3.2,3.2,0.2,1.8,2.3,1.3,0.7,0
5,77,1,6,0.5,0.5,0.2,1.2,1.2,0.1,0.7,0.9,0.5,0.2,0
6,77,1,23,1.7,2,0.9,4.7,4.7,0.3,2.6,3.3,1.9,0.9,0
7,77,0,32,3,3,2,5,5,1,11,2,0,0,0
8,77,1,19,0.2,3.2,1.4,2.3,4.1,0.2,3.6,1.8,1.6,0.6,0
11,77,1,3,0,0.5,0.2,0.4,0.6,0,0.6,0.3,0.3,0.1,0
15,77,1,1,0,0.1,0.1,0.2,0.2,0,0.1,0.2,0.1,0,0
16,77,1,6,0,0.5,0.4,1.1,1.4,0.1,0.7,0.9,0.8,0.1,0
17,77,1,6,0.1,0.9,0.4,0.3,1.6,0.1,0.8,1.2,0.3,0.3,0
20,77,1,3,0.1,0.5,0.2,0.1,0.8,0,0.4,0.6,0.2,0.1,0
22,77,1,6,0.1,0.8,0.7,0.7,1.6,0.4,0.6,0.2,0.7,0.2,0
23,77,0,34,1,3,0,3,5,0,7,10,1,4,0
24,77,0,36,0,6,1,9,5,1,5,4,5,0,0
25,77,0,82,0,2,1,0,3,0,3,15,0,58,0
26,77,0,25,2,0,1,4,6,0,4,7,0,1,0
27,77,0,46,0,2,7,7,10,2,8,5,3,2,0
28,77,0,82.5,2,3.5,1,4,13,0,14,24,4,17,0
29,77,1,3,0.1,0,0,0.3,0,0,0.4,1.1,0,1.1,0
35,77,1,4,0.2,0.2,0.3,1.2,0.5,0.2,0.3,0.4,0.4,0.3,0
45,77,1,4,0,0.5,0.3,0.5,0.7,0.1,0.8,0.8,0.3,0,0
46,77,1,1,0,0.1,0.1,0.1,0.2,0,0.2,0.2,0.1,0,0
47,77,1,6,0.1,0.2,0.6,0.9,1.2,0.4,1.2,0.5,0.7,0.2,0
49,77,1,3,0.1,0.1,0.3,0.4,0.6,0.2,0.6,0.2,0.4,0.1,0
50,77,1,3,0.1,0.1,0.3,0.4,0.6,0.2,0.6,0.2,0.4,0.1,0
52,77,1,3,0.3,0,0.3,0.3,0.6,0.1,0.5,0.4,0.1,0.4,0
55,77,1,2,0.2,0,0.2,0.2,0.4,0,0.4,0.3,0,0.3,0
57,77,1,1,0,0.1,0.2,0.1,0.3,0,0.1,0.2,0,0,0
61,77,1,24,0,2.3,4.1,1.2,7,0.6,2.3,5.3,0.6,0.6,0
62,77,1,19,0.6,0.8,0.7,3,3.7,0.6,3.1,3.9,1.4,1.2,0
63,77,1,19,0.6,0.8,0.7,3,3.7,0.6,3.1,3.9,1.4,1.2,0
68,77,1,3,0,0.3,0.1,0.6,0.5,0.1,0.2,0.6,0.1,0.5,0
75,77,1,6,0.1,0.7,0.3,0.2,1.1,0.1,0.8,1.3,0.1,1.3,0
76,77,1,12,0.3,1.3,0.5,0.3,2.1,0.3,1.6,2.6,0.3,2.7,0
78,77,1,5,0.2,0.9,0,1.1,0.6,0,0.6,0.7,0.2,0.7,0
83,77,1,1,0,0.1,0.1,0.1,0.2,0,0.2,0.2,0.1,0,0
84,77,1,1,0,0.1,0.1,0.1,0.2,0,0.2,0.2,0.1,0,0
85,77,1,5,0,0.4,0.4,0.5,1.1,0,1.1,1,0.4,0.1,0
86,77,1,10,0,0.8,0.8,1.1,2.1,0,2.2,1.9,0.8,0.3,0
87,77,1,3,0.1,0.3,0.2,0.2,0.6,0,0.5,0.8,0,0.3,0
90,77,1,4,0.1,0.5,0.2,0.3,0.8,0,0.6,1,0,0.5,0
91,77,1,13,0.2,1.5,0.7,1,2.8,0,2,3.3,0,1.5,0
92,77,1,1,0,0.1,0,0.2,0.1,0,0.2,0.2,0.1,0.1,0
95,77,1,5,0.1,0.4,0.2,0.9,0.7,0.1,0.8,1,0.4,0.4,0
96,77,1,1,0,0.1,0,0.2,0.1,0,0.2,0.2,0.1,0.1,0
97,77,1,5,0.3,0.2,0.3,0.6,1,0,1.1,1.2,0,0.3,0
98,77,1,9,0.5,0.3,0.6,1.1,1.8,0,2.1,2.1,0,0.5,0
103,77,1,5,0.2,0.2,0.5,0.3,0.3,0.2,0.9,2.1,0,0.3,0
105,77,1,1,0,0,0.1,0.1,0.1,0,0.2,0.4,0,0.1,0
115,77,1,3,0.3,0.1,0.1,0.6,0.5,0.1,0.3,0.7,0.2,0.1,0
117,77,1,9,0.4,1.1,0.4,1.5,1.8,0.2,1.1,1.8,0.3,0.4,0
120,77,1,4,0.1,0.5,0.2,0.7,0.8,0.1,0.5,0.8,0.1,0.2,0
121,77,1,2,0.1,0.2,0.1,0.3,0.4,0.1,0.2,0.4,0.1,0.1,0
123,77,1,3,0.3,0.1,0.1,0.7,0.4,0.1,0.6,0.5,0.1,0.1,0
124,77,1,4,0.4,0.2,0.1,0.9,0.5,0.1,0.8,0.7,0.2,0.1,0
1,78,1,2,0,0.3,0.2,0.2,0.4,0.1,0.1,0.3,0.2,0.2,0
6,78,1,4,0.3,0.3,0.2,0.8,0.8,0,0.5,0.6,0.3,0.2,0
7,78,1,2,0,0.3,0.2,0.2,0.4,0,0.4,0.2,0.2,0.1,0
8,78,0,40,0,5,1,8,8,3,6,5,4,0,0
9,78,1,9,0.1,1.5,0.7,1.1,1.9,0.1,1.7,0.9,0.7,0.3,0
11,78,1,3,0,0.5,0.2,0.4,0.6,0,0.6,0.3,0.3,0.1,0
13,78,1,2,0,0.2,0.1,0.4,0.5,0,0.2,0.3,0.3,0,0
18,78,1,4,0.1,0.6,0.3,0.2,1.1,0,0.5,0.8,0.2,0.2,0
19,78,1,6,0.1,0.9,0.4,0.3,1.6,0.1,0.8,1.2,0.3,0.3,0
20,78,1,2,0,0.3,0.2,0.1,0.5,0,0.3,0.4,0.1,0.1,0
22,78,1,14,0.2,2,1.6,1.6,3.9,0.9,1.4,0.4,1.6,0.4,0
23,78,0,89,0,13,9,9,15,2,11,14,1,15,0
24,78,0,67,1,8,7,6,21,2,5,6,5,5,1
25,78,0,69.5,0,13.5,3.5,5,22,0,12,7,5.5,1,0
26,78,1,28.5,0.4,4.1,3.3,3.3,7.8,1.8,2.9,0.8,3.3,0.8,0
28,78,1,5,0.2,0,0,0.5,0,0,0.7,1.8,0,1.8,0
35,78,1,1,0,0.1,0.1,0.3,0.1,0,0.1,0.1,0.1,0.1,0
36,78,1,5.5,0.3,0.4,0.4,1.6,0.7,0.3,0.4,0.5,0.5,0.4,0
40,78,1,2,0.1,0.3,0.1,0.6,0.3,0,0.3,0.1,0.1,0.1,0
44,78,1,7,0,0.8,0.5,1,1.2,0.1,1.4,1.4,0.6,0,0
45,78,0,33,0,5,4,1,9,0,5,6,2,1,0
47,78,1,10,0.2,0.3,1,1.5,2,0.7,2,0.8,1.2,0.3,0
48,78,1,8,0.2,0.2,0.8,1.2,1.6,0.6,1.6,0.6,1,0.2,0
49,78,1,2,0,0,0.2,0.3,0.4,0.2,0.4,0.2,0.2,0.1,0
53,78,1,9,0.9,0,1,0.9,1.9,0.2,1.5,1.2,0.2,1.2,0
62,78,1,4,0.1,0.2,0.2,0.6,0.8,0.1,0.6,0.8,0.3,0.3,0
63,78,1,26,0.8,1.1,0.9,4.2,5.1,0.8,4.2,5.3,1.9,1.7,0
64,78,1,15,0.4,0.7,0.5,2.4,3,0.4,2.4,3.1,1.1,1,0
65,78,1,3,0.1,0.1,0.1,0.5,0.6,0.1,0.5,0.6,0.2,0.2,0
68,78,1,5,0,0.5,0.1,1,0.9,0.2,0.2,1,0.2,0.9,0
69,78,1,4,0,0.3,0.1,0.8,0.7,0.2,0.2,0.8,0.2,0.7,0
71,78,1,3,0,0.3,0.1,0.6,0.5,0.1,0.2,0.6,0.1,0.5,0
76,78,1,2,0,0.2,0.1,0,0.4,0,0.3,0.5,0,0.5,0
92,78,1,18,0.4,1.5,0.7,3.3,2.5,0.3,3,3.5,1.3,1.5,0
93,78,1,2,0,0.2,0.1,0.4,0.3,0,0.3,0.4,0.1,0.2,0
94,78,1,5,0.1,0.4,0.2,0.9,0.7,0.1,0.8,1,0.4,0.4,0
95,78,0,30,1,1,0,4,6,1,3,4,3,7,0
96,78,1,4,0.1,0.3,0.2,0.7,0.6,0.1,0.6,0.8,0.3,0.3,0
97,78,1,3,0.1,0.1,0.2,0.4,0.6,0,0.7,0.7,0,0.2,0
98,78,1,1,0.1,0,0.1,0.1,0.2,0,0.2,0.2,0,0.1,0
103,78,1,4,0.1,0.1,0.4,0.3,0.3,0.1,0.7,1.7,0,0.3,0
104,78,1,2,0.1,0.1,0.2,0.1,0.1,0.1,0.4,0.8,0,0.1,0
113,78,1,9,0.9,0.2,0.4,1.9,1.3,0.4,1,2.1,0.6,0.2,0
114,78,1,3,0.3,0.1,0.1,0.6,0.5,0.1,0.3,0.7,0.2,0.1,0
115,78,1,2,0.2,0,0.1,0.4,0.3,0.1,0.2,0.5,0.1,0.1,0
117,78,1,2,0.1,0.2,0.1,0.3,0.4,0.1,0.2,0.4,0.1,0.1,0
120,78,1,2,0.1,0.2,0.1,0.3,0.4,0.1,0.2,0.4,0.1,0.1,0
125,78,1,11,1.2,0.5,0.2,2.6,1.4,0.2,2.2,1.9,0.5,0.3,0
126,78,1,4,0.4,0.2,0.1,0.9,0.5,0.1,0.8,0.7,0.2,0.1,0
0,79,1,12,0.5,0.5,0.8,1.8,2.8,0.4,2.2,1.1,1.2,0.7,0
2,79,1,2,0.1,0.1,0.2,0.4,0.3,0,0.3,0.4,0.2,0,0
6,79,1,8,0.3,0.3,0.8,1.5,1.4,0.2,1,1.7,0.8,0,0
7,79,1,4,0.1,0.4,0.3,0.6,0.5,0.1,0.8,0.8,0.2,0.2,0
8,79,0,39,0,4,2,9,9,0,8,2,5,0,0
9,79,1,15,0.4,1.5,1,2.3,1.9,0.2,2.9,3.2,0.9,0.7,0
10,79,1,6,0.1,0.6,0.4,0.9,0.8,0.1,1.1,1.3,0.4,0.3,0
11,79,1,7,0.2,0.7,0.5,1.1,0.9,0.1,1.3,1.5,0.4,0.3,0
12,79,1,8,0.3,0.5,0.5,1.1,1.5,0.1,1.3,2,0.3,0.4,0
14,79,1,3,0.1,0.2,0.2,0.4,0.6,0,0.5,0.7,0.1,0.2,0
17,79,1,12,0.5,0.8,0.7,1.6,2.3,0.1,1.9,3,0.5,0.6,0
18,79,1,14,0.6,0.9,0.8,1.9,2.7,0.1,2.2,3.5,0.6,0.7,0
21,79,1,1,0,0.1,0.1,0.1,0.2,0,0.2,0.2,0,0.1,0
22,79,1,4,0.2,0.6,0.2,0.5,0.8,0.1,0.6,0.7,0.2,0.1,0
23,79,0,130,6,6,10,23,31,4,25,17,3,5,0
24,79,0,66,2,5,4,3,11,0,7,26,0,8,0
25,79,0,54,0,7,1,2,18,0,7,11,7,1,0
26,79,1,7,0.3,1,0.4,1,1.4,0.1,1,1.3,0.3,0.2,0
29,79,1,2,0.1,0.3,0.1,0.3,0.4,0,0.3,0.3,0.1,0.1,0
41,79,1,2,0.1,0,0.1,0.3,0.3,0,0.4,0.4,0.3,0.1,0
43,79,1,6,0.3,0.5,0.3,0.8,1.3,0.1,0.6,1.2,0.3,0.6,0
44,79,1,24,1.1,2,1.1,3.2,5.4,0.5,2.5,4.7,1,2.5,0
45,79,1,9,0.4,0.8,0.4,1.2,2,0.2,0.9,1.8,0.4,0.9,0
49,79,1,4,0.1,0.4,0.2,0.5,0.7,0,0.6,0.8,0.2,0.5,0
50,79,1,10,0.2,0.9,0.5,1.4,1.8,0,1.4,2.1,0.5,1.2,0
51,79,1,3,0.1,0.3,0.1,0.4,0.6,0,0.4,0.6,0.1,0.4,0
57,79,1,4,0.4,0,0.5,0.4,0.8,0.1,0.7,0.5,0.1,0.5,0
63,79,1,6,0.4,0.3,0.2,1.2,1,0.2,1,1,0.4,0.3,0
64,79,1,14,0.9,0.7,0.5,2.9,2.4,0.5,2.3,2.4,0.8,0.6,0
65,79,1,8,0.5,0.4,0.3,1.6,1.4,0.3,1.3,1.4,0.5,0.3,0
66,79,1,5,0.3,0.3,0.2,1,0.8,0.2,0.8,0.9,0.3,0.2,0
67,79,1,18,0.4,2.1,1.3,1.6,4.6,0.2,3.4,3,0.9,0.5,0
69,79,1,2,0.1,0.2,0.1,0.2,0.5,0,0.4,0.3,0.1,0.1,0
71,79,1,4,0.1,0.5,0.3,0.4,1,0,0.7,0.7,0.2,0.1,0
72,79,1,4,0,0.3,0.3,0.5,1,0.1,0.5,0.9,0.1,0.3,0
75,79,1,5,0.1,0.4,0.4,0.6,1.2,0.1,0.6,1.1,0.1,0.4,0
76,79,1,1,0,0.1,0.1,0.1,0.3,0,0.1,0.2,0,0.1,0
78,79,1,3,0.2,0.4,0.4,0.6,0.4,0,0.5,0.3,0,0.1,0.1
94,79,1,8,0.1,1.3,0.5,1,1.7,0.2,1.2,1.2,0.2,0.6,0
95,79,1,4,0.1,0.6,0.3,0.5,0.8,0.1,0.6,0.6,0.1,0.3,0
96,79,1,5,0.1,0.8,0.3,0.6,1.1,0.1,0.7,0.7,0.2,0.4,0
101,79,1,17,0.2,2.7,1.1,2,3.6,0.5,2.5,2.5,0.5,1.4,0
104,79,1,3,0,0.2,0.2,0.4,0.7,0.1,0.8,0.3,0.1,0.2,0
109,79,1,7,0,0.3,0.5,0.9,1.7,0.2,1.9,0.7,0.3,0.5,0
110,79,1,4,0,0.2,0.3,0.5,1,0.1,1,0.4,0.2,0.3,0
113,79,1,1,0.1,0,0.1,0.2,0.2,0,0.1,0.2,0.1,0,0
114,79,1,4,0.4,0.1,0.2,0.8,0.6,0.2,0.4,0.9,0.3,0.1,0
117,79,1,3,0,0.1,0.3,0.2,1,0,0.4,0.6,0.2,0.2,0
118,79,1,4,0,0.1,0.4,0.3,1.3,0,0.6,0.7,0.3,0.3,0
119,79,1,7,0,0.2,0.7,0.5,2.3,0,1,1.3,0.5,0.5,0
121,79,1,3,0,0.1,0.3,0.2,1,0,0.4,0.6,0.2,0.2,0
126,79,1,1,0.1,0.1,0,0.2,0.1,0,0.2,0.2,0.1,0,0
127,79,1,2,0.1,0.3,0,0.3,0.4,0,0.3,0.4,0,0.2,0
0,80,1,11,0.5,0.5,0.7,1.7,2.5,0.4,2,1,1.1,0.6,0
1,80,1,5,0.2,0.2,0.3,0.8,1.2,0.2,0.9,0.4,0.5,0.3,0
3,80,1,2,0.1,0.1,0.2,0.4,0.3,0,0.3,0.4,0.2,0,0
5,80,1,2,0.1,0.1,0.2,0.4,0.3,0,0.3,0.4,0.2,0,0
6,80,1,8,0.3,0.3,0.8,1.5,1.4,0.2,1,1.7,0.8,0,0
7,80,1,5,0.1,0.5,0.3,0.8,0.6,0.1,1,1.1,0.3,0.2,0
8,80,1,15,0.4,1.5,1,2.3,1.9,0.2,2.9,3.2,0.9,0.7,0
9,80,1,19,0.5,1.9,1.3,2.9,2.5,0.2,3.6,4,1.2,0.9,0
10,80,1,8,0.2,0.8,0.6,1.2,1,0.1,1.5,1.7,0.5,0.4,0
17,80,1,7,0.3,0.5,0.4,0.9,1.3,0.1,1.1,1.7,0.3,0.4,0
18,80,1,8,0.3,0.5,0.5,1.1,1.5,0.1,1.3,2,0.3,0.4,0
20,80,1,4,0.2,0.3,0.2,0.5,0.8,0,0.6,1,0.2,0.2,0
21,80,1,7,0.3,0.5,0.4,0.9,1.3,0.1,1.1,1.7,0.3,0.4,0
22,80,1,12,0.5,1.8,0.7,1.7,2.3,0.2,1.7,2.2,0.5,0.4,0
23,80,0,56,0,5,7,4,17,2,8,7,2,4,0
24,80,0,36,0,3,3,3,11,0,11,2,1,1,1
25,80,1,15,0.6,2.2,0.8,2.1,2.9,0.3,2.1,2.8,0.7,0.5,0
26,80,1,6,0.3,0.9,0.3,0.8,1.2,0.1,0.8,1.1,0.3,0.2,0
29,80,1,1,0,0.2,0.1,0.1,0.2,0,0.1,0.2,0.1,0,0
33,80,1,6,0.4,0.8,0.2,1.8,1,0,0.8,0.4,0.4,0.2,0
37,80,1,5,0.2,0.1,0.3,0.8,0.8,0,1,1,0.6,0.2,0
40,80,1,6,0.2,0.1,0.4,1,1,0,1.1,1.2,0.8,0.2,0
41,80,1,2,0.1,0,0.1,0.3,0.3,0,0.4,0.4,0.3,0.1,0
42,80,1,13,0.6,1.1,0.6,1.7,2.9,0.3,1.3,2.6,0.6,1.3,0
43,80,0,26,0,2,1,2,2,0,8,4,3,4,0
46,80,1,1,0.1,0.1,0.1,0.1,0.2,0,0.1,0.2,0,0.1,0
50,80,1,3,0.1,0.3,0.1,0.4,0.6,0,0.4,0.6,0.1,0.4,0
51,80,1,7,0.2,0.6,0.3,1,1.3,0,1,1.5,0.3,0.8,0
52,80,1,1,0.1,0.1,0,0.2,0.2,0,0.1,0.2,0.1,0,0
56,80,1,2,0.1,0.1,0.1,0.5,0.4,0,0.2,0.4,0.2,0,0
65,80,1,22,1.5,1.1,0.8,4.5,3.8,0.7,3.6,3.8,1.3,0.9,0
66,80,1,23,1.6,1.2,0.8,4.7,3.9,0.8,3.7,3.9,1.4,1,0
67,80,1,9,0.2,1,0.6,0.8,2.3,0.1,1.7,1.5,0.5,0.3,0
70,80,1,7,0.1,0.8,0.5,0.6,1.8,0.1,1.3,1.2,0.4,0.2,0
71,80,1,2,0.1,0.2,0.1,0.2,0.5,0,0.4,0.3,0.1,0.1,0
72,80,1,2,0,0.2,0.1,0.2,0.5,0.1,0.2,0.5,0.1,0.1,0
74,80,1,6,0.1,0.5,0.4,0.7,1.5,0.2,0.7,1.3,0.2,0.4,0
75,80,0,28,0,4,0,4,5,0,7,3,1,4,0
76,80,1,8,0.1,0.6,0.6,0.9,2,0.2,1,1.8,0.2,0.6,0
77,80,1,10,0.6,1.3,1.3,1.9,1.5,0,1.7,0.9,0.2,0.4,0.2
78,80,1,13,0.7,1.7,1.7,2.5,2,0,2.2,1.2,0.2,0.5,0.3
85,80,1,6,0.4,0.3,0.1,0.6,0.6,0.2,1.2,1.2,0.6,0.5,0.3
88,80,1,4,0.1,0.4,0.6,0.4,1,0,0.5,0.6,0.3,0.1,0
89,80,1,1,0,0.1,0.1,0.1,0.3,0,0.1,0.2,0.1,0,0
91,80,1,5,0.2,0.5,0.7,0.4,1.3,0,0.6,0.7,0.4,0.2,0
102,80,1,2,0,0.1,0.1,0.2,0.5,0.1,0.5,0.2,0.1,0.2,0
119,80,1,6,0,0.2,0.7,0.4,1.9,0,0.9,1.1,0.4,0.4,0
127,80,1,9,0.3,1.2,0.1,1.4,1.9,0.1,1.2,1.7,0.2,0.9,0
0,81,1,6,0.3,0.3,0.4,0.9,1.4,0.2,1.1,0.5,0.6,0.3,0
1,81,1,3,0.1,0.1,0.2,0.5,0.7,0.1,0.5,0.3,0.3,0.2,0
2,81,1,5,0.2,0.2,0.5,0.9,0.9,0.1,0.7,1,0.5,0,0
3,81,1,1,0,0.1,0.1,0.2,0.2,0,0.1,0.2,0.1,0,0
4,81,1,4,0.2,0.2,0.4,0.7,0.7,0.1,0.5,0.8,0.4,0,0
6,81,1,3,0.1,0.1,0.3,0.6,0.5,0.1,0.4,0.6,0.3,0,0
7,81,1,2,0.1,0.2,0.1,0.3,0.3,0,0.4,0.4,0.1,0.1,0
8,81,1,20,0.5,2,1.4,3.1,2.6,0.2,3.8,4.2,1.2,1,0
9,81,0,44,2,5,4,2,8,0,13,4,3,3,0
10,81,1,7,0.2,0.7,0.5,1.1,0.9,0.1,1.3,1.5,0.4,0.3,0
11,81,1,4,0.1,0.4,0.3,0.6,0.5,0.1,0.8,0.8,0.2,0.2,0
14,81,1,1,0,0.1,0.1,0.1,0.2,0,0.2,0.2,0,0.1,0
16,81,1,7,0.3,0.5,0.4,0.9,1.3,0.1,1.1,1.7,0.3,0.4,0
17,81,1,8,0.3,0.5,0.5,1.1,1.5,0.1,1.3,2,0.3,0.4,0
18,81,1,3,0.1,0.2,0.2,0.4,0.6,0,0.5,0.7,0.1,0.2,0
20,81,1,5,0.2,0.3,0.3,0.7,1,0,0.8,1.2,0.2,0.3,0
22,81,1,12,0.5,1.8,0.7,1.7,2.3,0.2,1.7,2.2,0.5,0.4,0
23,81,1,14.5,0.6,2.1,0.8,2,2.8,0.3,2.1,2.7,0.6,0.5,0
24,81,1,7,0.3,1,0.4,1,1.4,0.1,1,1.3,0.3,0.2,0
25,81,1,9,0.4,1.3,0.5,1.3,1.7,0.1,1.3,1.7,0.4,0.3,0
29,81,1,5,0.2,0.7,0.3,0.7,1,0.1,0.7,0.9,0.2,0.2,0
39,81,1,3,0.1,0,0.2,0.5,0.5,0,0.6,0.6,0.4,0.1,0
40,81,0,32.5,2,3.5,3,7,3,2,1,8,2,1,0
41,81,0,35,2,4,0,4,6,2,7,3,5,2,0
42,81,0,44,0,2.5,5,4,9,1,4,12,3.5,3,0
43,81,1,4,0.2,0.3,0.2,0.5,0.9,0.1,0.4,0.8,0.2,0.4,0
44,81,1,11,0.5,0.9,0.5,1.5,2.5,0.2,1.1,2.2,0.5,1.1,0
46,81,1,7,0.3,0.6,0.3,0.9,1.6,0.2,0.7,1.4,0.3,0.7,0
60,81,1,4,0.4,0,0.5,0.4,0.8,0.1,0.7,0.5,0.1,0.5,0
62,81,1,2,0.1,0.1,0.1,0.4,0.3,0.1,0.3,0.4,0.1,0.1,0
65,81,1,7,0.5,0.4,0.3,1.4,1.2,0.2,1.1,1.2,0.4,0.3,0
66,81,1,3,0.2,0.2,0.1,0.6,0.5,0.1,0.5,0.5,0.2,0.1,0
67,81,1,9,0.2,1,0.6,0.8,2.3,0.1,1.7,1.5,0.5,0.3,0
68,81,1,1,0,0.1,0.1,0.1,0.3,0,0.2,0.2,0,0,0
70,81,1,3,0.1,0.3,0.2,0.3,0.8,0,0.6,0.5,0.1,0.1,0
71,81,1,2,0.1,0.2,0.1,0.2,0.5,0,0.4,0.3,0.1,0.1,0
73,81,1,9,0.1,0.7,0.6,1.1,2.2,0.3,1.1,2,0.3,0.6,0
74,81,0,21,2,0,4,3,5,0,2,3,0,2,0
75,81,1,17,0.2,1.3,1.2,2,4.3,0.5,2,3.8,0.5,1.2,0
76,81,1,4,0,0.3,0.3,0.5,1,0.1,0.5,0.9,0.1,0.3,0
77,81,1,10,0.6,1.3,1.3,1.9,1.5,0,1.7,0.9,0.2,0.4,0.2
78,81,1,1,0.1,0.1,0.1,0.2,0.2,0,0.2,0.1,0,0,0
80,81,1,5,0.3,0.7,0.7,0.9,0.7,0,0.8,0.5,0.1,0.2,0.1
85,81,1,11,0.8,0.5,0.2,1.2,1.2,0.3,2.1,2.1,1.1,1,0.5
86,81,1,18,1.3,0.8,0.3,1.9,1.9,0.5,3.5,3.5,1.9,1.6,0.8
87,81,1,16.5,0.5,1.7,2.4,1.4,4.3,0,1.9,2.4,1.4,0.5,0
88,81,1,6,0.2,0.6,0.9,0.5,1.5,0,0.7,0.9,0.5,0.2,0
89,81,1,1,0,0.1,0.1,0.1,0.3,0,0.1,0.2,0.1,0,0
94,81,1,2,0,0.3,0.1,0.2,0.4,0.1,0.3,0.3,0.1,0.2,0
102,81,1,4,0,0.2,0.3,0.5,1,0.1,1,0.4,0.2,0.3,0
121,81,1,3,0,0.1,0.3,0.2,1,0,0.4,0.6,0.2,0.2,0
0,82,1,4,0.2,0.2,0.3,0.6,0.9,0.1,0.7,0.4,0.4,0.2,0
1,82,1,11,0.5,0.5,0.7,1.7,2.5,0.4,2,1,1.1,0.6,0
3,82,1,15,0.6,0.6,1.6,2.7,2.6,0.3,2,3.1,1.5,0,0
4,82,1,5,0.2,0.2,0.5,0.9,0.9,0.1,0.7,1,0.5,0,0
5,82,1,9,0.3,0.4,0.9,1.7,1.5,0.2,1.2,1.9,0.9,0,0
6,82,1,5,0.2,0.2,0.5,0.9,0.9,0.1,0.7,1,0.5,0,0
7,82,1,7,0.2,0.7,0.5,1.1,0.9,0.1,1.3,1.5,0.4,0.3,0
8,82,1,28,0.7,2.8,1.9,4.3,3.6,0.3,5.4,5.9,1.7,1.4,0
9,82,0,42,3,2,2,13,4,3,9,5,1,0,0
10,82,1,5,0.1,0.5,0.3,0.8,0.6,0.1,1,1.1,0.3,0.2,0
19,82,1,7,0.3,0.5,0.4,0.9,1.3,0.1,1.1,1.7,0.3,0.4,0
20,82,1,3,0.1,0.2,0.2,0.4,0.6,0,0.5,0.7,0.1,0.2,0
21,82,1,5,0.2,0.3,0.3,0.7,1,0,0.8,1.2,0.2,0.3,0
23,82,1,11,0.5,1.6,0.6,1.5,2.1,0.2,1.6,2,0.5,0.4,0
25,82,1,3,0.1,0.4,0.2,0.4,0.6,0.1,0.4,0.6,0.1,0.1,0
36,82,1,2,0.1,0.3,0.1,0.6,0.3,0,0.3,0.1,0.1,0.1,0
40,82,0,44,1,2,4,10,3,3,4,7,4,6,0
41,82,0,84,2,5,3,13,16,1,10,23,3,8,0
42,82,0,60,0,3,3,8,12,1,5,18,1,9,0
43,82,0,55,2,6,2,11,8,2,7,10,4,1,2
44,82,0,36,0,4,0,7,7,0,3,6,4,5,0
45,82,1,12,0.6,1,0.6,1.6,2.7,0.2,1.2,2.4,0.5,1.2,0
46,82,1,3.5,0.2,0.3,0.2,0.4,0.8,0.1,0.3,0.7,0.1,0.4,0
47,82,1,2,0,0.2,0.1,0.3,0.4,0,0.3,0.4,0.1,0.2,0
48,82,1,6,0.1,0.6,0.3,0.8,1.1,0,0.8,1.3,0.3,0.7,0
50,82,1,5,0.1,0.5,0.2,0.7,0.9,0,0.7,1.1,0.2,0.6,0
53,82,1,3,0.1,0.2,0.1,0.7,0.6,0,0.4,0.6,0.3,0,0
55,82,1,2,0.1,0.1,0.1,0.5,0.4,0,0.2,0.4,0.2,0,0
62,82,1,7,0.5,0.4,0.3,1.4,1.2,0.2,1.1,1.2,0.4,0.3,0
64,82,1,2,0.1,0.1,0.1,0.4,0.3,0.1,0.3,0.4,0.1,0.1,0
65,82,1,7,0.5,0.4,0.3,1.4,1.2,0.2,1.1,1.2,0.4,0.3,0
67,82,1,3,0.1,0.3,0.2,0.3,0.8,0,0.6,0.5,0.1,0.1,0
69,82,1,4,0.1,0.5,0.3,0.4,1,0,0.7,0.7,0.2,0.1,0
70,82,1,20,0.4,2.3,1.4,1.8,5.1,0.3,3.8,3.3,1,0.6,0
71,82,1,19,0.4,2.2,1.3,1.7,4.9,0.3,3.5,3.2,1,0.5,0
72,82,1,5,0.1,0.4,0.4,0.6,1.2,0.1,0.6,1.1,0.1,0.4,0
73,82,1,11,0.1,0.9,0.8,1.3,2.7,0.3,1.3,2.5,0.3,0.8,0
74,82,1,10.5,0.1,0.8,0.8,1.2,2.6,0.3,1.2,2.4,0.3,0.8,0
75,82,1,2,0,0.2,0.1,0.2,0.5,0.1,0.2,0.5,0.1,0.1,0
77,82,1,1,0.1,0.1,0.1,0.2,0.2,0,0.2,0.1,0,0,0
79,82,1,2,0.1,0.3,0.3,0.4,0.3,0,0.3,0.2,0,0.1,0
85,82,1,3,0.2,0.1,0.1,0.3,0.3,0.1,0.6,0.6,0.3,0.3,0.1
86,82,1,5,0.4,0.2,0.1,0.5,0.5,0.2,1,1,0.5,0.4,0.2
94,82,1,3,0,0.5,0.2,0.4,0.6,0.1,0.4,0.5,0.1,0.2,0
95,82,1,18,0.3,2.9,1.2,2.2,3.8,0.5,2.6,2.6,0.5,1.4,0
98,82,1,7,0.1,1.1,0.5,0.8,1.5,0.2,1,1,0.2,0.6,0
102,82,1,1,0,0.1,0.1,0.1,0.2,0,0.3,0.1,0,0.1,0
103,82,1,1,0,0.1,0.1,0.1,0.2,0,0.3,0.1,0,0.1,0
107,82,1,1,0,0.1,0.1,0.1,0.2,0,0.3,0.1,0,0.1,0
5,83,1,2,0.1,0.1,0.2,0.4,0.3,0,0.3,0.4,0.2,0,0
6,83,1,5,0.2,0.2,0.5,0.9,0.9,0.1,0.7,1,0.5,0,0
7,83,1,6,0.1,0.6,0.4,0.9,0.8,0.1,1.1,1.3,0.4,0.3,0
8,83,0,36,1,6,2,4,12,1,2,6,2,0,0
9,83,1,4,0.1,0.4,0.3,0.6,0.5,0.1,0.8,0.8,0.2,0.2,0
17,83,1,2,0.1,0.1,0.1,0.3,0.4,0,0.3,0.5,0.1,0.1,0
18,83,1,2,0.1,0.1,0.1,0.3,0.4,0,0.3,0.5,0.1,0.1,0
19,83,1,5,0.2,0.3,0.3,0.7,1,0,0.8,1.2,0.2,0.3,0
20,83,1,4,0.2,0.3,0.2,0.5,0.8,0,0.6,1,0.2,0.2,0
21,83,1,4,0.2,0.3,0.2,0.5,0.8,0,0.6,1,0.2,0.2,0
22,83,1,1,0,0.2,0.1,0.1,0.2,0,0.1,0.2,0.1,0,0
25,83,1,4,0.2,0.6,0.2,0.5,0.8,0.1,0.6,0.7,0.2,0.1,0
36,83,1,2,0.1,0.3,0.1,0.6,0.3,0,0.3,0.1,0.1,0.1,0
40,83,1,12.5,0.4,0.2,0.8,2,2.1,0,2.5,2.5,1.6,0.4,0
41,83,0,31,1,3.5,1.5,6,10,0,2,5,2,0,0
42,83,0,22,0,1,6,2,6,0,2,2,0,3,0
43,83,0,30,1,2,1,7,8,0,3,4,4,0,0
44,83,0,32,2,2,4,5,5,0,6,6,1,1,0
45,83,1,13,0.6,1.1,0.6,1.7,2.9,0.3,1.3,2.6,0.6,1.3,0
46,83,1,3,0.1,0.3,0.1,0.4,0.7,0.1,0.3,0.6,0.1,0.3,0
47,83,1,1,0,0.1,0.1,0.1,0.2,0,0.1,0.2,0.1,0.1,0
49,83,1,2,0,0.2,0.1,0.3,0.4,0,0.3,0.4,0.1,0.2,0
53,83,1,8,0.4,0.4,0.3,1.9,1.6,0.1,1,1.6,0.7,0,0
54,83,1,6,0.3,0.3,0.2,1.4,1.2,0.1,0.8,1.2,0.5,0,0
55,83,1,31,1.6,1.7,1.1,7.2,6.1,0.5,3.9,6.1,2.8,0,0
56,83,1,3,0.1,0.2,0.1,0.7,0.6,0,0.4,0.6,0.3,0,0
57,83,1,1,0.1,0,0.1,0.1,0.2,0,0.2,0.1,0,0.2,0
58,83,1,5,0.5,0,0.6,0.5,1,0.1,0.8,0.7,0.1,0.7,0
62,83,1,4,0.3,0.2,0.1,0.8,0.7,0.1,0.7,0.7,0.2,0.2,0
65,83,1,5,0.3,0.3,0.2,1,0.8,0.2,0.8,0.9,0.3,0.2,0
66,83,1,2,0.1,0.1,0.1,0.4,0.3,0.1,0.3,0.4,0.1,0.1,0
68,83,1,11,0.2,1.3,0.8,1,2.8,0.1,2.1,1.8,0.6,0.3,0
69,83,1,19,0.4,2.2,1.3,1.7,4.9,0.3,3.5,3.2,1,0.5,0
70,83,1,11,0.2,1.3,0.8,1,2.8,0.1,2.1,1.8,0.6,0.3,0
77,83,1,7,0.4,0.9,0.9,1.3,1.1,0,1.2,0.7,0.1,0.3,0.1
79,83,1,1,0.1,0.1,0.1,0.2,0.2,0,0.2,0.1,0,0,0
86,83,1,24,1.8,1.1,0.4,2.5,2.5,0.7,4.6,4.7,2.5,2.1,1.1
87,83,1,1,0,0.1,0.1,0.1,0.3,0,0.1,0.2,0.1,0,0
95,83,1,5,0.1,0.8,0.3,0.6,1.1,0.1,0.7,0.7,0.2,0.4,0
96,83,1,1,0,0.2,0.1,0.1,0.2,0,0.1,0.2,0,0.1,0
97,83,1,5,0.1,0.8,0.3,0.6,1.1,0.1,0.7,0.7,0.2,0.4,0
106,83,1,3,0,0.2,0.2,0.4,0.7,0.1,0.8,0.3,0.1,0.2,0
107,83,1,7,0,0.3,0.5,0.9,1.7,0.2,1.9,0.7,0.3,0.5,0
113,83,1,2,0.2,0,0.1,0.4,0.3,0.1,0.2,0.5,0.1,0.1,0
114,83,1,12,1.3,0.2,0.5,2.5,1.8,0.5,1.3,2.8,0.8,0.3,0
121,83,1,2,0,0.1,0.2,0.1,0.6,0,0.3,0.4,0.1,0.2,0
6,84,1,11,0.6,1.4,0.4,0.8,2.9,0.2,1.4,2.5,0.4,0.4,0
7,84,1,5,0.1,0.5,0.5,0.3,1.9,0,0.8,0.4,0.1,0.4,0
8,84,1,11,0.3,1.1,1.1,0.6,4.2,0,1.7,0.8,0.3,0.9,0
16,84,1,2,0,0.4,0.1,0.1,0.7,0,0.2,0.4,0.1,0,0
17,84,1,3,0.1,0.1,0.3,0.6,0.6,0.1,0.4,0.2,0.4,0.2,0
24,84,1,1,0,0.1,0.1,0.1,0.3,0,0.1,0.1,0.1,0.1,0
42,84,0,29,1,2,4,3,6,0,3,6,0,4,0
43,84,1,8,0.2,0.7,0.2,0.8,1,0,1.1,3,0.3,0.7,0
44,84,1,3,0.1,0.2,0.1,0.3,0.4,0,0.4,1.1,0.1,0.3,0
45,84,1,7,0.1,0.6,0.2,0.7,0.9,0,1,2.6,0.3,0.6,0
46,84,1,1,0,0.1,0,0.1,0.1,0,0.2,0.4,0,0.1,0
47,84,1,4,0.2,0.3,0.3,0.7,0.6,0.1,0.8,0.6,0.1,0.3,0
48,84,1,2,0.1,0.1,0.1,0.3,0.3,0.1,0.4,0.3,0.1,0.2,0
54,84,1,11,0.4,1,0.4,1.9,2.1,0.7,1.3,1.4,1.2,0.6,0
55,84,1,7,0.2,0.7,0.2,1.2,1.3,0.4,0.9,0.9,0.8,0.4,0
56,84,1,5,0.2,0.5,0.2,0.9,0.9,0.3,0.6,0.6,0.6,0.2,0
60,84,1,2,0.1,0.2,0,0.4,0.3,0,0.4,0.3,0.2,0.1,0
62,84,1,2,0.1,0.2,0.2,0.2,0.4,0,0.3,0.4,0.1,0.1,0
63,84,1,4,0.1,0.5,0.4,0.4,0.8,0.1,0.6,0.7,0.3,0.1,0
66,84,1,2,0.1,0.2,0.2,0.2,0.4,0,0.3,0.4,0.1,0.1,0
67,84,1,5,0.1,0.4,0.3,0.9,0.5,0.1,0.9,1.5,0,0.3,0
68,84,1,3,0.1,0.2,0.2,0.5,0.3,0.1,0.5,0.9,0,0.2,0
69,84,1,4,0.1,0.3,0.2,0.7,0.4,0.1,0.7,1.2,0,0.3,0
70,84,1,4,0.1,0.3,0.2,0.7,0.4,0.1,0.7,1.2,0,0.3,0
80,84,1,4,0.1,0.6,0.3,0.6,1,0,0.6,0.3,0.4,0.1,0
86,84,1,1,0.1,0.1,0,0.2,0.2,0,0.2,0.1,0,0.1,0
87,84,1,1,0,0,0.1,0.1,0.1,0,0.2,0.4,0,0.1,0
95,84,1,5,0,0.4,0.2,0,1.2,0,0.7,1.8,0.2,0.5,0
98,84,1,2,0,0.1,0.1,0.3,0.3,0,0.5,0.5,0,0.2,0
113,84,1,1,0,0.1,0.1,0.1,0.2,0,0.1,0.2,0.1,0.1,0
114,84,1,2,0,0.2,0.2,0.2,0.5,0,0.2,0.4,0.2,0.1,0
116,84,1,5,0,0.5,0.4,0.5,1.2,0.1,0.7,1,0.4,0.2,0
117,84,1,5,0,0.5,0.4,0.1,1,0,0.8,1.8,0.1,0.3,0
123,84,1,6,0,0.4,0.3,0.9,0.9,0.2,1.5,1.4,0.4,0,0
4,85,1,1,0.1,0.1,0,0.1,0.3,0,0.1,0.2,0,0.1,0
5,85,1,4,0.2,0.5,0.1,0.3,1.1,0.1,0.5,0.9,0.1,0.2,0
6,85,1,3,0.2,0.4,0.1,0.2,0.8,0,0.4,0.7,0.1,0.1,0
16,85,1,10,0.3,2.1,0.3,0.6,3.4,0,0.9,2.1,0.3,0,0
17,85,1,6,0.1,0.2,0.5,1.2,1.3,0.3,0.8,0.4,0.8,0.4,0
18,85,1,9,0.2,0.3,0.7,1.8,1.9,0.4,1.2,0.7,1.1,0.7,0
20,85,1,4,0.1,0.2,0.3,0.8,0.8,0.2,0.5,0.3,0.5,0.3,0
21,85,1,1,0,0,0.1,0.2,0.2,0.1,0.1,0.1,0.1,0.1,0
22,85,1,4,0.1,0.5,0.5,0.6,1,0,0.6,0.3,0.2,0.2,0
34,85,1,1,0.1,0.1,0,0.3,0.1,0,0,0.1,0.2,0.1,0
39,85,1,1,0,0.1,0.1,0.2,0.2,0.1,0.1,0.1,0.1,0,0
40,85,1,3,0.1,0.3,0.2,0.6,0.8,0.3,0.2,0.2,0.2,0.1,0
41,85,0,36.5,1,2.5,2,7,9,3,3,2,3,4,0
42,85,0,64,3,4,8,6,13,1,9,14,3,3,0
51,85,1,2,0.1,0.1,0.1,0.3,0.3,0.1,0.4,0.3,0.1,0.2,0
53,85,1,5,0.2,0.5,0.2,0.9,0.9,0.3,0.6,0.6,0.6,0.2,0
54,85,1,13,0.4,1.2,0.4,2.2,2.5,0.8,1.6,1.7,1.5,0.7,0
57,85,1,3,0.2,0.3,0,0.6,0.4,0.1,0.6,0.4,0.3,0.1,0
62,85,1,5,0.1,0.6,0.5,0.5,1,0.1,0.7,0.9,0.3,0.2,0.1
63,85,1,6,0.2,0.7,0.6,0.6,1.2,0.1,0.8,1.1,0.4,0.2,0.1
64,85,1,5,0.1,0.6,0.5,0.5,1,0.1,0.7,0.9,0.3,0.2,0.1
65,85,1,8,0.2,1,0.8,0.8,1.6,0.2,1.1,1.5,0.5,0.2,0.1
66,85,1,13,0.4,1.5,1.4,1.4,2.6,0.2,1.8,2.3,0.9,0.4,0.1
67,85,1,2,0,0.2,0.1,0.4,0.2,0,0.4,0.6,0,0.1,0
70,85,1,2,0,0.2,0.1,0.4,0.2,0,0.4,0.6,0,0.1,0
72,85,1,6,0.2,0.2,0.4,1.3,0.9,0.3,1,0.8,0.4,0.5,0
73,85,1,1,0,0,0.1,0.2,0.2,0,0.2,0.1,0.1,0.1,0
74,85,1,6,0.2,0.2,0.4,1.3,0.9,0.3,1,0.8,0.4,0.5,0
76,85,1,1,0,0,0.1,0.2,0.2,0,0.2,0.1,0.1,0.1,0
77,85,1,9,0.2,1.3,0.7,1.4,2.2,0.1,1.3,0.7,0.8,0.3,0
78,85,1,4,0.1,0.6,0.3,0.6,1,0,0.6,0.3,0.4,0.1,0
84,85,1,2,0.1,0.1,0.1,0.5,0.4,0,0.4,0.1,0.1,0.2,0
86,85,1,1,0.1,0.1,0,0.2,0.2,0,0.2,0.1,0,0.1,0
90,85,1,2,0.1,0.1,0.1,0.2,0.2,0,0.4,0.7,0,0.2,0
95,85,1,2,0,0.1,0.1,0,0.5,0,0.3,0.7,0.1,0.2,0
98,85,1,2,0,0.1,0.1,0.3,0.3,0,0.5,0.5,0,0.2,0
99,85,1,3,0.1,0.1,0.1,0.4,0.4,0,0.8,0.8,0,0.3,0
100,85,1,1,0,0,0,0.1,0.2,0,0.3,0.3,0,0.1,0
101,85,1,3,0.1,0.1,0.1,0.4,0.4,0,0.8,0.8,0,0.3,0
104,85,1,2,0,0.1,0.2,0.1,0.4,0.1,0.5,0.3,0.1,0.2,0
120,85,1,1,0,0.1,0.1,0,0.2,0,0.2,0.4,0,0,0
122,85,1,2,0,0.1,0.1,0.3,0.3,0.1,0.5,0.5,0.1,0,0
123,85,1,1,0,0.1,0.1,0.1,0.1,0,0.3,0.2,0.1,0,0
0,86,1,16,1.4,0.7,0,2.4,3.5,0.4,1.7,3.8,1.7,0.4,0
2,86,1,4,0.2,0.5,0.1,0.3,1.1,0.1,0.5,0.9,0.1,0.2,0
3,86,1,4,0.2,0.5,0.1,0.3,1.1,0.1,0.5,0.9,0.1,0.2,0
4,86,1,1,0.1,0.1,0,0.1,0.3,0,0.1,0.2,0,0.1,0
7,86,1,2,0,0.2,0.2,0.1,0.8,0,0.3,0.2,0,0.2,0
15,86,1,4,0.1,0.9,0.1,0.2,1.3,0,0.4,0.9,0.1,0,0
16,86,1,3,0.1,0.6,0.1,0.2,1,0,0.3,0.6,0.1,0,0
20,86,1,8,0.1,0.3,0.7,1.6,1.7,0.3,1.1,0.6,1,0.6,0
21,86,1,16,0.3,0.6,1.3,3.2,3.3,0.7,2.2,1.2,2,1.2,0
22,86,1,3,0.1,0.4,0.4,0.4,0.7,0,0.4,0.3,0.1,0.2,0
26,86,1,7,0.2,0.9,0.9,0.9,1.7,0,1,0.6,0.4,0.4,0
39,86,1,4,0.2,0.4,0.3,0.8,1,0.4,0.3,0.3,0.2,0.1,0
40,86,1,35,1.7,3.9,2.8,6.8,9,3.4,2.3,2.3,2.2,0.6,0
41,86,1,11,0.5,1.3,0.9,2.1,2.8,1.1,0.7,0.7,0.7,0.2,0
42,86,0,25,0,1,0,2,4,0,6,9,2,1,0
43,86,1,19,0.4,1.6,0.4,2,2.4,0,2.7,7.1,0.8,1.6,0
45,86,1,2,0,0.2,0,0.2,0.2,0,0.3,0.8,0.1,0.2,0
47,86,1,2,0.1,0.1,0.1,0.3,0.3,0.1,0.4,0.3,0.1,0.2,0
48,86,1,4,0.2,0.3,0.3,0.7,0.6,0.1,0.8,0.6,0.1,0.3,0
49,86,1,3,0.2,0.2,0.2,0.5,0.4,0.1,0.6,0.4,0.1,0.3,0
50,86,1,10,0.6,0.6,0.6,1.7,1.5,0.2,2.1,1.5,0.3,0.9,0
51,86,1,1,0.1,0.1,0.1,0.2,0.1,0,0.2,0.1,0,0.1,0
52,86,1,2,0.1,0.2,0.1,0.3,0.4,0.1,0.2,0.3,0.2,0.1,0
53,86,1,8,0.3,0.7,0.3,1.4,1.5,0.5,1,1,0.9,0.4,0
54,86,1,1,0,0.1,0,0.2,0.2,0.1,0.1,0.1,0.1,0.1,0
58,86,1,13.5,0.8,1.1,0,2.8,2,0.3,2.6,2,1.3,0.6,0
59,86,1,4,0.2,0.3,0,0.8,0.6,0.1,0.8,0.6,0.4,0.2,0
61,86,1,3,0.2,0.3,0,0.6,0.4,0.1,0.6,0.4,0.3,0.1,0
63,86,1,7,0.2,0.8,0.7,0.7,1.4,0.1,1,1.3,0.5,0.2,0.1
64,86,1,24.5,0.7,2.9,2.5,2.6,4.9,0.5,3.5,4.4,1.6,0.7,0.2
65,86,1,14,0.4,1.6,1.5,1.5,2.8,0.3,2,2.5,0.9,0.4,0.1
66,86,1,7,0.2,0.8,0.7,0.7,1.4,0.1,1,1.3,0.5,0.2,0.1
67,86,1,20,0.4,1.6,1.2,3.6,2,0.4,3.6,6,0,1.2,0
71,86,1,8,0.2,0.6,0.5,1.4,0.8,0.2,1.4,2.4,0,0.5,0
72,86,1,2,0.1,0.1,0.1,0.4,0.3,0.1,0.3,0.3,0.1,0.2,0
76,86,0,38.5,0,7.5,1,5,9,0,4,3,8,1,0
77,86,1,20,0.4,2.9,1.5,3.1,4.8,0.3,2.9,1.5,1.9,0.7,0
78,86,1,9,0.2,1.3,0.7,1.4,2.2,0.1,1.3,0.7,0.8,0.3,0
79,86,1,11,0.2,1.6,0.8,1.7,2.7,0.2,1.6,0.8,1,0.4,0
82,86,1,2,0.1,0.1,0.1,0.5,0.4,0,0.4,0.1,0.1,0.2,0
85,86,1,1,0.1,0.1,0,0.2,0.2,0,0.2,0.1,0,0.1,0
93,86,1,3,0,0.2,0.1,0,0.8,0,0.4,1.1,0.1,0.3,0
94,86,1,1,0,0.1,0,0,0.3,0,0.1,0.4,0,0.1,0
96,86,1,4,0,0.3,0.2,0,1,0,0.6,1.4,0.1,0.4,0
97,86,1,5,0.2,0.2,0.2,0.7,0.7,0,1.2,1.3,0,0.5,0
98,86,1,6,0.2,0.2,0.2,0.9,0.9,0,1.5,1.5,0,0.6,0
100,86,1,2,0,0.1,0.1,0.3,0.3,0,0.5,0.5,0,0.2,0
102,86,1,1,0,0,0.1,0.1,0.2,0,0.3,0.1,0.1,0.1,0
113,86,1,10,0,1.1,0.9,1.1,2.3,0.2,1.3,1.9,0.8,0.4,0
114,86,1,11,0,1.2,0.9,1.2,2.6,0.2,1.4,2.1,0.9,0.5,0
121,86,1,6,0,0.6,0.5,0.2,1.2,0,0.9,2.2,0.1,0.3,0
122,86,1,8,0,0.6,0.4,1.2,1.2,0.3,2,1.8,0.5,0,0
124,86,1,6,0,0.4,0.3,0.9,0.9,0.2,1.5,1.4,0.4,0,0
0,87,1,4,0.3,0.2,0,0.6,0.9,0.1,0.4,1,0.4,0.1,0
1,87,1,7,0.6,0.3,0,1.1,1.5,0.1,0.8,1.7,0.8,0.1,0
2,87,1,1,0.1,0.1,0,0.1,0.3,0,0.1,0.2,0,0.1,0
3,87,1,2,0.1,0.2,0.1,0.1,0.5,0,0.3,0.5,0.1,0.1,0
6,87,1,6,0.3,0.8,0.2,0.4,1.6,0.1,0.8,1.4,0.2,0.2,0
8,87,1,2,0,0.2,0.2,0.1,0.8,0,0.3,0.2,0,0.2,0
10,87,1,4,0.1,0.4,0.4,0.2,1.6,0,0.6,0.3,0.1,0.3,0
18,87,1,4,0.1,0.2,0.3,0.8,0.8,0.2,0.5,0.3,0.5,0.3,0
19,87,1,20.5,0.4,0.7,1.7,4.1,4.3,0.9,2.8,1.5,2.6,1.5,0
20,87,1,10,0.2,0.4,0.8,2,2.1,0.4,1.4,0.7,1.3,0.7,0
22,87,1,1,0,0.1,0.1,0.1,0.3,0,0.1,0.1,0.1,0.1,0
26,87,1,4,0.1,0.5,0.5,0.6,1,0,0.6,0.3,0.2,0.2,0
35,87,1,4,0.5,0.3,0.1,1.1,0.5,0.2,0.1,0.4,0.6,0.2,0
36,87,1,2,0.3,0.1,0,0.5,0.3,0.1,0.1,0.2,0.3,0.1,0
39,87,1,1,0,0.1,0.1,0.2,0.2,0.1,0.1,0.1,0.1,0,0
43,87,1,4,0.1,0.3,0.1,0.4,0.5,0,0.6,1.5,0.2,0.3,0
50,87,1,6,0.4,0.4,0.4,1,0.9,0.1,1.2,0.9,0.2,0.5,0
53,87,1,12,0.4,1.1,0.4,2.1,2.3,0.7,1.5,1.6,1.3,0.6,0
54,87,1,8,0.3,0.7,0.3,1.4,1.5,0.5,1,1,0.9,0.4,0
55,87,1,3,0.1,0.3,0.1,0.5,0.6,0.2,0.4,0.4,0.3,0.1,0
56,87,1,7,0.2,0.7,0.2,1.2,1.3,0.4,0.9,0.9,0.8,0.4,0
57,87,1,3,0.2,0.3,0,0.6,0.4,0.1,0.6,0.4,0.3,0.1,0
58,87,1,8,0.5,0.7,0,1.7,1.2,0.2,1.5,1.2,0.7,0.3,0
59,87,1,9,0.6,0.8,0,1.9,1.3,0.2,1.7,1.3,0.8,0.4,0
65,87,1,4,0.1,0.5,0.4,0.4,0.8,0.1,0.6,0.7,0.3,0.1,0
66,87,1,4,0.1,0.5,0.4,0.4,0.8,0.1,0.6,0.7,0.3,0.1,0
67,87,1,2,0,0.2,0.1,0.4,0.2,0,0.4,0.6,0,0.1,0
75,87,1,3,0.1,0.1,0.2,0.6,0.5,0.2,0.5,0.4,0.2,0.2,0
76,87,1,22,0.8,0.8,1.4,4.7,3.4,1.1,3.6,3.1,1.4,1.7,0
77,87,1,6,0.1,0.8,0.5,0.9,1.4,0.1,0.9,0.5,0.6,0.2,0
79,87,1,7,0.2,1,0.5,1.1,1.7,0.1,1,0.5,0.7,0.2,0
80,87,1,3,0.1,0.4,0.2,0.5,0.7,0.1,0.4,0.2,0.3,0.1,0
83,87,1,2,0.1,0.1,0.1,0.5,0.4,0,0.4,0.1,0.1,0.2,0
84,87,1,1,0.1,0.1,0,0.2,0.2,0,0.2,0.1,0,0.1,0
89,87,1,2,0.1,0.1,0.1,0.2,0.2,0,0.4,0.7,0,0.2,0
90,87,1,2,0.1,0.1,0.1,0.2,0.2,0,0.4,0.7,0,0.2,0
93,87,1,2,0,0.1,0.1,0,0.5,0,0.3,0.7,0.1,0.2,0
94,87,1,6,0,0.4,0.2,0,1.5,0,0.9,2.1,0.2,0.7,0
97,87,1,3,0.1,0.1,0.1,0.4,0.4,0,0.8,0.8,0,0.3,0
102,87,1,2,0,0.1,0.2,0.1,0.4,0.1,0.5,0.3,0.1,0.2,0
105,87,1,2,0,0.1,0.2,0.1,0.4,0.1,0.5,0.3,0.1,0.2,0
106,87,1,4,0,0.2,0.3,0.2,0.9,0.2,1.1,0.5,0.3,0.3,0
110,87,1,6,0,0.3,0.5,0.3,1.4,0.3,1.5,0.8,0.4,0.5,0
112,87,1,4,0,0.4,0.4,0.4,0.9,0.1,0.5,0.8,0.3,0.2,0
113,87,1,4,0,0.4,0.4,0.4,0.9,0.1,0.5,0.8,0.3,0.2,0
115,87,1,2,0,0.2,0.2,0.2,0.5,0,0.2,0.4,0.2,0.1,0
116,87,1,8,0,0.8,0.7,0.9,1.9,0.2,1,1.5,0.7,0.3,0
117,87,1,2,0,0.2,0.2,0.1,0.4,0,0.3,0.7,0,0.1,0
119,87,1,3,0,0.3,0.2,0.1,0.6,0,0.5,1.1,0.1,0.1,0
120,87,1,2,0,0.2,0.2,0.1,0.4,0,0.3,0.7,0,0.1,0
122,87,1,6,0,0.4,0.3,0.9,0.9,0.2,1.5,1.4,0.4,0,0
127,87,1,4,0.3,0.1,0.5,0.6,0.9,0.1,0.5,0.9,0.1,0,0
3,88,1,3,0.2,0.4,0.1,0.2,0.8,0,0.4,0.7,0.1,0.1,0
4,88,1,9,0.5,1.1,0.3,0.7,2.4,0.2,1.1,2.1,0.3,0.3,0
5,88,1,3,0.2,0.4,0.1,0.2,0.8,0,0.4,0.7,0.1,0.1,0
6,88,1,4,0.2,0.5,0.1,0.3,1.1,0.1,0.5,0.9,0.1,0.2,0
14,88,1,5,0.1,1.1,0.1,0.3,1.7,0,0.5,1.1,0.1,0,0
16,88,1,3,0.1,0.6,0.1,0.2,1,0,0.3,0.6,0.1,0,0
17,88,1,7,0.1,0.3,0.6,1.4,1.5,0.3,0.9,0.5,0.9,0.5,0
18,88,1,5,0.1,0.2,0.4,1,1,0.2,0.7,0.4,0.6,0.4,0
19,88,1,2,0,0.1,0.2,0.4,0.4,0.1,0.3,0.1,0.3,0.1,0
26,88,1,5,0.2,0.7,0.7,0.7,1.2,0,0.7,0.4,0.2,0.2,0
27,88,1,1,0,0.1,0.1,0.1,0.3,0,0.1,0.1,0.1,0.1,0
34,88,1,2,0.3,0.1,0,0.5,0.3,0.1,0.1,0.2,0.3,0.1,0
35,88,1,8,1,0.6,0.2,2.2,1,0.4,0.3,0.7,1.2,0.4,0
36,88,1,2,0.3,0.1,0,0.5,0.3,0.1,0.1,0.2,0.3,0.1,0
37,88,1,7,0.3,0.8,0.6,1.4,1.8,0.7,0.4,0.5,0.4,0.1,0
43,88,1,2,0,0.2,0,0.2,0.2,0,0.3,0.8,0.1,0.2,0
44,88,1,2,0,0.2,0,0.2,0.2,0,0.3,0.8,0.1,0.2,0
50,88,1,1,0.1,0.1,0.1,0.2,0.1,0,0.2,0.1,0,0.1,0
51,88,1,2,0.1,0.1,0.1,0.3,0.3,0.1,0.4,0.3,0.1,0.2,0
54,88,1,3,0.1,0.3,0.1,0.5,0.6,0.2,0.4,0.4,0.3,0.1,0
55,88,1,21,0.7,2,0.7,3.6,4,1.3,2.5,2.7,2.4,1.1,0
56,88,1,10,0.3,1,0.4,1.7,1.9,0.6,1.2,1.3,1.1,0.5,0
61,88,1,2,0.1,0.2,0,0.4,0.3,0,0.4,0.3,0.2,0.1,0
73,88,1,7,0.3,0.3,0.4,1.5,1.1,0.4,1.1,1,0.4,0.5,0
75,88,1,14,0.5,0.5,0.9,3,2.1,0.7,2.3,2,0.9,1.1,0
76,88,1,17,0.6,0.6,1.1,3.6,2.6,0.9,2.8,2.4,1.1,1.3,0
77,88,1,10,0.2,1.4,0.8,1.6,2.4,0.2,1.4,0.8,0.9,0.3,0
78,88,1,4,0.1,0.6,0.3,0.6,1,0,0.6,0.3,0.4,0.1,0
79,88,1,1,0,0.1,0.1,0.2,0.2,0,0.2,0.1,0.1,0,0
80,88,1,3,0.1,0.4,0.2,0.5,0.7,0.1,0.4,0.2,0.3,0.1,0
82,88,1,8,0.5,0.5,0.4,1.7,1.6,0,1.6,0.5,0.3,0.9,0
83,88,1,8,0.5,0.5,0.4,1.7,1.6,0,1.6,0.5,0.3,0.9,0
87,88,1,12,0.4,0.4,0.4,1.1,1.5,0,2.2,4.5,0,1.5,0
88,88,1,9,0.3,0.3,0.3,0.8,1.1,0,1.7,3.4,0,1.1,0
89,88,1,4,0.1,0.1,0.1,0.4,0.5,0,0.8,1.5,0,0.5,0
92,88,1,3,0,0.2,0.1,0,0.8,0,0.4,1.1,0.1,0.3,0
94,88,1,2,0,0.1,0.1,0,0.5,0,0.3,0.7,0.1,0.2,0
101,88,1,1,0,0,0,0.1,0.2,0,0.3,0.3,0,0.1,0
103,88,1,2,0,0.1,0.2,0.1,0.4,0.1,0.5,0.3,0.1,0.2,0
117,88,1,4,0,0.4,0.3,0.1,0.8,0,0.6,1.5,0.1,0.2,0
118,88,1,3,0,0.3,0.2,0.1,0.6,0,0.5,1.1,0.1,0.1,0
119,88,1,2,0,0.2,0.2,0.1,0.4,0,0.3,0.7,0,0.1,0
122,88,1,2,0,0.1,0.1,0.3,0.3,0.1,0.5,0.5,0.1,0,0
127,88,1,5,0.3,0.2,0.6,0.8,1.1,0.1,0.6,1.1,0.2,0,0
0,89,1,2,0.1,0.4,0.2,0.3,0.4,0,0.2,0.2,0.1,0.1,0
2,89,1,2,0,0.2,0.2,0.1,0.8,0,0.3,0.2,0,0.2,0
4,89,1,11,0.3,1.1,1.1,0.6,4.2,0,1.7,0.8,0.3,0.9,0
5,89,1,1,0,0.1,0.1,0,0.4,0,0.2,0.1,0,0.1,0
12,89,1,2,0.1,0.3,0.1,0.3,0.4,0,0.1,0.4,0.2,0.1,0
13,89,1,1,0,0.1,0.1,0.1,0.2,0,0.1,0.2,0.1,0.1,0
14,89,1,2,0.1,0.3,0.1,0.3,0.4,0,0.1,0.4,0.2,0.1,0
15,89,1,18,0.6,2.4,1,2.3,3.4,0.4,1.3,4,1.5,1.1,0
16,89,1,11,0.4,1.5,0.6,1.4,2.1,0.3,0.8,2.4,0.9,0.6,0
35,89,1,3,0.4,0.2,0,0.8,0.4,0.1,0.1,0.3,0.5,0.2,0
36,89,1,24,3.1,1.7,0.4,6.5,3.1,1.1,0.9,2.2,3.7,1.3,0
37,89,1,25,0.6,2.6,1.3,4,3.4,0.4,5.1,5.3,1.7,0.6,0
38,89,1,4,0.1,0.4,0.2,0.6,0.5,0.1,0.8,0.9,0.3,0.1,0
41,89,1,3,0.1,0.3,0.2,0.5,0.4,0,0.6,0.6,0.2,0.1,0
42,89,1,3,0.1,0.1,0.1,0.2,0.5,0.1,0.7,0.8,0,0.4,0
44,89,1,12,0.3,0.6,0.6,0.6,2.1,0.3,2.7,3.3,0,1.5,0
55,89,1,6,0.3,0,0.2,1.4,0.8,0.4,2.2,0.7,0,0,0
56,89,1,11,0.5,0,0.2,2.6,1.5,0.8,4.1,1.3,0,0,0
58,89,1,7,0.3,0.8,0.7,0.8,1.5,0,0.7,0.7,0.7,0.8,0
59,89,1,9,0.4,1.1,0.9,1.1,1.9,0,1,0.8,0.8,1,0
61,89,1,5,0.2,0.6,0.5,0.6,1.1,0,0.5,0.5,0.5,0.5,0
62,89,1,2,0.1,0.1,0.2,0.3,0.4,0.1,0.2,0.3,0.1,0.2,0
72,89,1,4,0.3,0.5,0.2,0.8,0.8,0.2,0.4,0.3,0.3,0.2,0
73,89,1,8,0.7,0.9,0.4,1.6,1.6,0.3,0.8,0.6,0.7,0.4,0
74,89,1,7,0.6,0.8,0.3,1.4,1.4,0.3,0.7,0.5,0.6,0.4,0
75,89,0,48,4,7,2,10,11,2,1,7,0,4,0
76,89,1,22.5,1.9,2.6,1.2,4.4,4.4,1,2.2,1.7,1.9,1.2,0
77,89,1,12,0.5,1.9,1.1,1.4,2.2,0.2,2.3,0.8,0.5,1.1,0
78,89,1,4,0.1,0.6,0.4,0.5,0.7,0.1,0.8,0.2,0.2,0.4,0
80,89,1,4,0.1,0.6,0.4,0.5,0.7,0.1,0.8,0.2,0.2,0.4,0
81,89,1,5,0.2,0.8,0.4,0.6,0.9,0.1,1,0.3,0.2,0.5,0
82,89,1,1,0.1,0.1,0,0.2,0.2,0,0.2,0.1,0,0.1,0
88,89,1,11,0.4,1,0.9,1.3,2,0.2,0.6,3.3,0.5,0.8,0
91,89,1,4,0.1,0.4,0.3,0.5,0.7,0.1,0.2,1.2,0.2,0.3,0
92,89,1,13,0.3,1,0.7,1,2.2,0.1,2.1,3.8,0.8,1,0
93,89,1,7,0.1,0.6,0.3,0.6,1.2,0.1,1.1,2,0.4,0.6,0
98,89,1,4,0.2,0.1,0.3,0.5,0.6,0,0.7,1.1,0.1,0.4,0
100,89,1,1,0.1,0,0.1,0.1,0.1,0,0.2,0.3,0,0.1,0
103,89,1,10,0,0.5,0.8,0.5,2.3,0.5,2.6,1.3,0.7,0.8,0
107,89,1,2,0.1,0.1,0.2,0.3,0.3,0,0.5,0.5,0,0,0
108,89,1,4,0.1,0.3,0.4,0.5,0.7,0,0.9,0.9,0.1,0.1,0
0,90,1,14,0.5,2.6,1.2,1.8,3.2,0.1,1.7,1.2,0.9,0.8,0
1,90,1,5,0.2,0.9,0.4,0.7,1.1,0.1,0.6,0.4,0.3,0.3,0
2,90,1,1,0,0.1,0.1,0,0.4,0,0.2,0.1,0,0.1,0
7,90,1,3,0.3,0.3,0.1,0.9,0.4,0.2,0.2,0.3,0.2,0.1,0
12,90,1,13,0.4,1.7,0.8,1.7,2.4,0.3,0.9,2.9,1.1,0.8,0
13,90,1,11,0.4,1.5,0.6,1.4,2.1,0.3,0.8,2.4,0.9,0.6,0
15,90,1,4,0.2,0.5,0.2,0.5,0.8,0.1,0.3,0.9,0.3,0.2,0
19,90,1,6,0.2,1.3,0.2,0.3,2,0,0.5,1.3,0.2,0,0
27,90,1,4,0,0.3,0.5,0,0.6,0,1.4,1,0,0.2,0
28,90,1,3,0,0.2,0.4,0,0.5,0,1.1,0.7,0,0.1,0
30,90,1,3,0,0.2,0.4,0,0.5,0,1.1,0.7,0,0.1,0
36,90,0,30,2,6,3,5,8,2,2,0,0,2,0
37,90,1,18,0.5,1.8,0.9,2.9,2.4,0.3,3.7,3.8,1.2,0.5,0
38,90,1,3,0.1,0.3,0.2,0.5,0.4,0,0.6,0.6,0.2,0.1,0
39,90,1,2,0.1,0.2,0.1,0.3,0.3,0,0.4,0.4,0.1,0.1,0
43,90,1,2,0,0.1,0.1,0.1,0.4,0,0.4,0.6,0,0.3,0
46,90,1,3,0.1,0.1,0.1,0.2,0.5,0.1,0.7,0.8,0,0.4,0
49,90,1,1,0.1,0.1,0.1,0.2,0.1,0,0.2,0.1,0,0.1,0
50,90,1,2,0.1,0.1,0.1,0.3,0.3,0.1,0.4,0.3,0.1,0.2,0
54,90,1,5,0.2,0,0.1,1.2,0.7,0.3,1.9,0.6,0,0,0
55,90,1,4,0.2,0,0.1,0.9,0.5,0.3,1.5,0.5,0,0,0
57,90,1,3,0.1,0.4,0.3,0.4,0.6,0,0.3,0.3,0.3,0.3,0
58,90,1,17,0.7,2.1,1.7,2.1,3.6,0,1.8,1.6,1.6,1.8,0
60,90,1,2,0.1,0.2,0.2,0.3,0.4,0,0.2,0.2,0.2,0.2,0
61,90,1,9.5,0.4,1.1,1,1.2,2,0,1,0.9,0.9,1,0
64,90,1,2,0.1,0.1,0.2,0.3,0.4,0.1,0.2,0.3,0.1,0.2,0
65,90,1,3,0.2,0.2,0.3,0.4,0.6,0.1,0.3,0.5,0.1,0.3,0
69,90,1,10,0.6,0.6,1.1,1.5,1.9,0.4,1.1,1.5,0.4,0.9,0
72,90,1,20,1.7,2.3,1,3.9,3.9,0.9,2,1.5,1.7,1.1,0
73,90,1,16,1.3,1.8,0.8,3.1,3.2,0.7,1.6,1.2,1.4,0.9,0
74,90,1,4,0.3,0.5,0.2,0.8,0.8,0.2,0.4,0.3,0.3,0.2,0
75,90,0,28,1,5,1,4,3,0,5,4,2,3,0
76,90,0,34.5,0.5,6,6,9,7,0,1,1,2,2,0
77,90,1,2,0.1,0.3,0.2,0.2,0.4,0,0.4,0.1,0.1,0.2,0
78,90,1,2,0.1,0.3,0.2,0.2,0.4,0,0.4,0.1,0.1,0.2,0
79,90,1,7,0.3,1.1,0.6,0.8,1.3,0.1,1.4,0.5,0.3,0.6,0
81,90,1,2,0.1,0.3,0.2,0.2,0.4,0,0.4,0.1,0.1,0.2,0
82,90,1,6,0.4,0.4,0.3,1.3,1.2,0,1.2,0.4,0.2,0.6,0
87,90,1,8,0.3,0.7,0.7,0.9,1.4,0.1,0.5,2.4,0.4,0.6,0
88,90,1,13,0.5,1.1,1.1,1.5,2.3,0.2,0.8,3.9,0.6,1,0
89,90,0,23,1,2,0,2,5,0,2,8,1,2,0
90,90,1,3,0.1,0.3,0.2,0.4,0.5,0.1,0.2,0.9,0.1,0.2,0
92,90,1,9,0.2,0.7,0.5,0.7,1.5,0.1,1.4,2.6,0.6,0.7,0
94,90,1,2,0,0.2,0.1,0.2,0.3,0,0.3,0.6,0.1,0.2,0
95,90,1,6,0.1,0.5,0.3,0.5,1,0.1,1,1.7,0.3,0.5,0
96,90,0,15,0,0,0,3,1,0,2,8,0,1,0
97,90,1,18,1.1,0.6,1.3,2.5,2.5,0,3,4.9,0.3,1.8,0
98,90,1,12,0.7,0.4,0.8,1.7,1.7,0,2,3.3,0.2,1.2,0
99,90,1,18,1.1,0.6,1.3,2.5,2.5,0,3,4.9,0.3,1.8,0
102,90,1,7,0,0.3,0.6,0.4,1.6,0.3,1.8,0.9,0.5,0.6,0
103,90,1,2,0,0.1,0.2,0.1,0.4,0.1,0.5,0.3,0.1,0.2,0
106,90,1,2,0,0.1,0.2,0.1,0.4,0.1,0.5,0.3,0.1,0.2,0
118,90,1,2,0,0.2,0.2,0.1,0.4,0,0.3,0.7,0,0.1,0
0,91,1,5,0.2,0.9,0.4,0.7,1.1,0.1,0.6,0.4,0.3,0.3,0
7,91,1,3,0.3,0.3,0.1,0.9,0.4,0.2,0.2,0.3,0.2,0.1,0
12,91,1,7,0.2,0.9,0.4,0.9,1.3,0.2,0.5,1.6,0.6,0.4,0
13,91,1,5,0.2,0.7,0.3,0.6,0.9,0.1,0.4,1.1,0.4,0.3,0
16,91,1,4,0.2,0.5,0.2,0.5,0.8,0.1,0.3,0.9,0.3,0.2,0
24,91,1,2,0.2,0,0,0.5,0.3,0.2,0.1,0.1,0.4,0,0.2
25,91,1,5,0.6,0.1,0,1.2,0.7,0.5,0.3,0.3,0.9,0,0.4
31,91,1,5,0,0.4,0.6,0,0.8,0,1.8,1.2,0,0.2,0
37,91,0,33,4,2,3,8,5,1,4,3,2,1,0
38,91,1,10,0.2,1,0.5,1.6,1.4,0.2,2,2.1,0.7,0.3,0
41,91,1,7,0.2,0.7,0.4,1.1,0.9,0.1,1.4,1.5,0.5,0.2,0
46,91,1,8,0.2,0.4,0.4,0.4,1.4,0.2,1.8,2.2,0,1,0
53,91,1,2,0.1,0,0.1,0.5,0.3,0.1,0.7,0.2,0,0,0
55,91,1,3,0.1,0,0.1,0.7,0.4,0.2,1.1,0.4,0,0,0
58,91,1,3,0.1,0.4,0.3,0.4,0.6,0,0.3,0.3,0.3,0.3,0
59,91,1,2,0.1,0.2,0.2,0.3,0.4,0,0.2,0.2,0.2,0.2,0
61,91,1,1,0.1,0.1,0.1,0.1,0.2,0,0.1,0.1,0.1,0.1,0
68,91,1,7,0.5,0.5,0.7,1,1.3,0.3,0.8,1,0.3,0.6,0
69,91,1,6,0.4,0.4,0.6,0.9,1.1,0.3,0.6,0.9,0.3,0.5,0
70,91,1,2,0.1,0.1,0.2,0.3,0.4,0.1,0.2,0.3,0.1,0.2,0
71,91,1,6,0.4,0.4,0.6,0.9,1.1,0.3,0.6,0.9,0.3,0.5,0
72,91,1,9,0.7,1,0.5,1.8,1.8,0.4,0.9,0.6,0.8,0.5,0
73,91,1,17,1.4,1.9,0.9,3.3,3.3,0.8,1.7,1.3,1.5,0.9,0
74,91,1,12,1,1.4,0.6,2.4,2.4,0.5,1.2,0.9,1,0.6,0
75,91,1,29.5,2.5,3.3,1.5,5.8,5.8,1.3,2.9,2.2,2.6,1.6,0
76,91,1,17,1.4,1.9,0.9,3.3,3.3,0.8,1.7,1.3,1.5,0.9,0
78,91,1,3,0.1,0.5,0.3,0.3,0.5,0.1,0.6,0.2,0.1,0.3,0
82,91,1,2,0.1,0.1,0.1,0.5,0.4,0,0.4,0.1,0.1,0.2,0
84,91,1,5,0.3,0.3,0.2,1.1,1,0,1,0.3,0.2,0.6,0
88,91,1,12,0.4,1,1,1.4,2.2,0.2,0.7,3.6,0.6,0.9,0
89,91,1,21,0.7,1.8,1.7,2.4,3.8,0.4,1.2,6.4,1,1.6,0
90,91,1,4,0.1,0.4,0.3,0.5,0.7,0.1,0.2,1.2,0.2,0.3,0
91,91,1,4,0.1,0.4,0.3,0.5,0.7,0.1,0.2,1.2,0.2,0.3,0
92,91,1,8,0.2,0.6,0.4,0.6,1.4,0.1,1.3,2.3,0.5,0.6,0
93,91,1,12,0.2,1,0.6,1,2,0.1,1.9,3.5,0.7,1,0
94,91,1,2,0,0.2,0.1,0.2,0.3,0,0.3,0.6,0.1,0.2,0
95,91,1,4,0.1,0.3,0.2,0.3,0.7,0,0.7,1.2,0.2,0.3,0
96,91,1,8,0.2,0.6,0.4,0.6,1.4,0.1,1.3,2.3,0.5,0.6,0
97,91,1,2,0.1,0.1,0.1,0.3,0.3,0,0.3,0.6,0,0.2,0
98,91,0,27,1,1,0,2,3,0,5,8,2,5,0
99,91,1,6,0.4,0.2,0.4,0.8,0.9,0,1,1.6,0.1,0.6,0
106,91,1,2,0,0.1,0.2,0.1,0.4,0.1,0.5,0.3,0.1,0.2,0
107,91,1,2,0.1,0.1,0.2,0.3,0.3,0,0.5,0.5,0,0,0
116,91,1,3,0,0.3,0.2,0.1,0.6,0,0.5,1.1,0.1,0.1,0
117,91,1,1,0,0.1,0.1,0,0.2,0,0.2,0.4,0,0,0
121,91,1,2,0,0.2,0.2,0.1,0.4,0,0.3,0.7,0,0.1,0
124,91,1,6,0,0.4,0.3,0.9,0.9,0.2,1.5,1.4,0.4,0,0
7,92,1,3,0.3,0.3,0.1,0.9,0.4,0.2,0.2,0.3,0.2,0.1,0
9,92,1,9,1,1,0.4,2.5,1.3,0.7,0.6,0.8,0.4,0.2,0.1
10,92,1,33,3.6,3.6,1.3,9.3,4.6,2.6,2.3,3,1.7,0.7,0.3
16,92,1,2,0.1,0.3,0.1,0.3,0.4,0,0.1,0.4,0.2,0.1,0
23,92,1,11,1.4,0.3,0,2.7,1.6,1.1,0.6,0.6,1.9,0,0.8
24,92,1,13,1.6,0.3,0,3.2,1.9,1.3,0.7,0.7,2.3,0,1
25,92,1,9,1.1,0.2,0,2.2,1.3,0.9,0.5,0.5,1.6,0,0.7
31,92,1,4,0,0.3,0.5,0,0.6,0,1.4,1,0,0.2,0
34,92,1,5,0.6,0.4,0.1,1.4,0.6,0.2,0.2,0.4,0.8,0.3,0
36,92,1,4,0.5,0.3,0.1,1.1,0.5,0.2,0.1,0.4,0.6,0.2,0
37,92,1,6,0.1,0.6,0.3,1,0.8,0.1,1.2,1.3,0.4,0.2,0
38,92,1,11,0.3,1.1,0.6,1.8,1.5,0.2,2.2,2.3,0.7,0.3,0
39,92,1,6,0.1,0.6,0.3,1,0.8,0.1,1.2,1.3,0.4,0.2,0
40,92,1,3,0.1,0.3,0.2,0.5,0.4,0,0.6,0.6,0.2,0.1,0
41,92,1,5,0.1,0.5,0.3,0.8,0.7,0.1,1,1.1,0.3,0.1,0
46,92,1,3,0.1,0.1,0.1,0.2,0.5,0.1,0.7,0.8,0,0.4,0
47,92,1,7.5,0.5,0.5,0.5,1.3,1.1,0.1,1.6,1.1,0.2,0.6,0
52,92,1,4,0.2,0,0.1,0.9,0.5,0.3,1.5,0.5,0,0,0
56,92,1,2,0.1,0,0.1,0.5,0.3,0.1,0.7,0.2,0,0,0
57,92,1,2,0.1,0.2,0.2,0.3,0.4,0,0.2,0.2,0.2,0.2,0
69,92,1,3,0.2,0.2,0.3,0.4,0.6,0.1,0.3,0.5,0.1,0.3,0
72,92,1,20,1.7,2.3,1,3.9,3.9,0.9,2,1.5,1.7,1.1,0
73,92,1,9,0.7,1,0.5,1.8,1.8,0.4,0.9,0.6,0.8,0.5,0
76,92,1,8,0.7,0.9,0.4,1.6,1.6,0.3,0.8,0.6,0.7,0.4,0
77,92,1,5,0.2,0.8,0.4,0.6,0.9,0.1,1,0.3,0.2,0.5,0
78,92,1,2,0.1,0.3,0.2,0.2,0.4,0,0.4,0.1,0.1,0.2,0
81,92,1,4,0.1,0.6,0.4,0.5,0.7,0.1,0.8,0.2,0.2,0.4,0
82,92,1,2,0.1,0.1,0.1,0.5,0.4,0,0.4,0.1,0.1,0.2,0
86,92,1,4,0.2,0.2,0.2,0.9,0.8,0,0.8,0.3,0.2,0.4,0
87,92,1,2,0.1,0.2,0.2,0.2,0.4,0,0.1,0.6,0.1,0.1,0
88,92,1,24,0.8,2.1,2,2.8,4.3,0.4,1.4,7.3,1.1,1.8,0
89,92,1,4,0.1,0.4,0.3,0.5,0.7,0.1,0.2,1.2,0.2,0.3,0
90,92,1,6,0.2,0.5,0.5,0.7,1.1,0.1,0.3,1.8,0.3,0.5,0
91,92,1,9,0.3,0.8,0.7,1.1,1.6,0.2,0.5,2.7,0.4,0.7,0
92,92,1,19,0.4,1.5,1,1.5,3.2,0.2,3,5.5,1.2,1.5,0
93,92,0,36,1,3,0,6,5,2,3,6,4,6,0
94,92,1,3,0.1,0.2,0.2,0.2,0.5,0,0.5,0.9,0.2,0.2,0
97,92,1,4,0.2,0.1,0.3,0.5,0.6,0,0.7,1.1,0.1,0.4,0
98,92,1,8,0.5,0.3,0.6,1.1,1.1,0,1.3,2.2,0.1,0.8,0
99,92,1,19.5,1.2,0.6,1.4,2.7,2.8,0,3.3,5.3,0.3,1.9,0
104,92,1,5,0,0.2,0.4,0.3,1.2,0.2,1.3,0.7,0.3,0.4,0
107,92,1,24.5,0.9,1.6,2.3,3.3,4.2,0,5.6,5.6,0.5,0.5,0
108,92,1,4,0.1,0.3,0.4,0.5,0.7,0,0.9,0.9,0.1,0.1,0
110,92,1,1,0.1,0.1,0.1,0.1,0.2,0,0.2,0.2,0,0,0
111,92,1,1,0.1,0.1,0.1,0.1,0.2,0,0.2,0.2,0,0,0
120,92,1,2,0,0.2,0.2,0.1,0.4,0,0.3,0.7,0,0.1,0
7,93,1,4,0.4,0.4,0.2,1.1,0.6,0.3,0.3,0.4,0.2,0.1,0
9,93,1,15,1.6,1.7,0.6,4.2,2.1,1.2,1.1,1.3,0.7,0.3,0.2
10,93,1,10,1.1,1.1,0.4,2.8,1.4,0.8,0.7,0.9,0.5,0.2,0.1
11,93,1,20,2.2,2.2,0.8,5.6,2.8,1.6,1.4,1.8,1,0.4,0.2
14,93,1,4,0.2,0.5,0.2,0.5,0.8,0.1,0.3,0.9,0.3,0.2,0
16,93,1,1.5,0.1,0.2,0.1,0.2,0.3,0,0.1,0.3,0.1,0.1,0
27,93,1,2,0,0.2,0.2,0,0.3,0,0.7,0.5,0,0.1,0
31,93,1,4,0,0.3,0.5,0,0.6,0,1.4,1,0,0.2,0
38,93,1,4,0.1,0.4,0.2,0.6,0.5,0.1,0.8,0.9,0.3,0.1,0
39,93,1,3,0.1,0.3,0.2,0.5,0.4,0,0.6,0.6,0.2,0.1,0
40,93,1,5,0.1,0.5,0.3,0.8,0.7,0.1,1,1.1,0.3,0.1,0
41,93,1,3,0.1,0.3,0.2,0.5,0.4,0,0.6,0.6,0.2,0.1,0
43,93,1,2,0,0.1,0.1,0.1,0.4,0,0.4,0.6,0,0.3,0
46,93,1,7,0.2,0.3,0.3,0.4,1.2,0.2,1.6,1.9,0,0.9,0
56,93,1,6,0.3,0,0.2,1.4,0.8,0.4,2.2,0.7,0,0,0
58,93,1,7,0.3,0.8,0.7,0.8,1.5,0,0.7,0.7,0.7,0.8,0
59,93,1,7,0.3,0.8,0.7,0.8,1.5,0,0.7,0.7,0.7,0.8,0
62,93,1,2,0.1,0.1,0.2,0.3,0.4,0.1,0.2,0.3,0.1,0.2,0
63,93,1,4,0.2,0.3,0.4,0.6,0.8,0.2,0.4,0.6,0.2,0.3,0
78,93,1,5,0.2,0.8,0.4,0.6,0.9,0.1,1,0.3,0.2,0.5,0
79,93,1,13,0.5,2,1.2,1.5,2.4,0.3,2.5,0.8,0.6,1.2,0
81,93,1,7,0.3,1.1,0.6,0.8,1.3,0.1,1.4,0.5,0.3,0.6,0
87,93,1,1,0,0.1,0.1,0.1,0.2,0,0.1,0.3,0,0.1,0
88,93,1,13,0.5,1.1,1.1,1.5,2.3,0.2,0.8,3.9,0.6,1,0
89,93,0,26,0,1,2,4,6,0,2,5,5,1,0
90,93,1,24,0.8,2.1,2,2.8,4.3,0.4,1.4,7.3,1.1,1.8,0
91,93,1,9,0.3,0.8,0.7,1.1,1.6,0.2,0.5,2.7,0.4,0.7,0
92,93,0,35,1,1,2,3,8,0,6,10,0,4,0
93,93,0,32,1,1,2,4,2,0,8,12,1,1,0
96,93,1,7,0.1,0.6,0.3,0.6,1.2,0.1,1.1,2,0.4,0.6,0
97,93,1,4,0.2,0.1,0.3,0.5,0.6,0,0.7,1.1,0.1,0.4,0
98,93,1,2,0.1,0.1,0.1,0.3,0.3,0,0.3,0.6,0,0.2,0
99,93,1,13,0.8,0.4,0.9,1.8,1.8,0,2.2,3.6,0.2,1.3,0
101,93,1,2,0.1,0.1,0.1,0.3,0.3,0,0.3,0.6,0,0.2,0
106,93,1,14,0,0.7,1.1,0.7,3.2,0.7,3.7,1.8,0.9,1.2,0
107,93,1,14,0.5,0.9,1.3,1.9,2.4,0,3.2,3.2,0.3,0.3,0
114,93,1,1,0,0.1,0.1,0,0.2,0,0.2,0.4,0,0,0
0,94,1,3,0.2,0.5,0.2,0.8,0.5,0.3,0.3,0.1,0.1,0,0
6,94,1,1,0.1,0.1,0.1,0.1,0.1,0,0.2,0.3,0,0,0
8,94,1,1,0.1,0.1,0.1,0.2,0.1,0,0.1,0.1,0.1,0.1,0
9,94,1,22,2,2.4,1.9,4.3,3.2,1,2.6,1.8,1.2,1.6,0
10,94,1,5,0.5,0.5,0.4,1,0.7,0.2,0.6,0.4,0.3,0.4,0
11,94,1,8,0.7,0.9,0.7,1.5,1.2,0.4,0.9,0.7,0.4,0.6,0
12,94,1,5,0.4,0.6,0.2,1,0.6,0,0.8,0.7,0.4,0.3,0
16,94,1,4,0.3,0.5,0.2,0.8,0.4,0,0.7,0.6,0.3,0.2,0
17,94,1,1,0,0,0,0.2,0.2,0,0.3,0.2,0,0.1,0
18,94,1,2,0,0,0.1,0.3,0.4,0,0.5,0.4,0.1,0.2,0
21,94,1,2,0,0,0.1,0.3,0.4,0,0.5,0.4,0.1,0.2,0
28,94,1,2,0,0.3,0.3,0.3,0.5,0,0.3,0.1,0.1,0.1,0
35,94,1,4,0.4,0.4,0.3,0.5,0.5,0.2,0.9,0.6,0.1,0.1,0
37,94,1,3,0,0.2,0.2,0.5,0.6,0.1,0.5,0.7,0.1,0.1,0
40,94,1,12,0.2,0.7,0.7,2.1,2.4,0.3,1.9,2.9,0.5,0.3,0
41,94,1,4,0.1,0.2,0.2,0.7,0.8,0.1,0.6,1,0.2,0.1,0
42,94,1,4,0,0.6,0.2,0.6,0.9,0.2,0.6,0.2,0.2,0.4,0.1
46,94,1,2,0,0.3,0.1,0.3,0.4,0.1,0.3,0.1,0.1,0.2,0.1
47,94,1,4,0.2,0.4,0.2,0.7,0.7,0.1,0.8,0.6,0.2,0.1,0
48,94,1,11,0.6,1.1,0.7,1.9,1.9,0.2,2.2,1.5,0.7,0.2,0
54,94,1,2,0,0.1,0.2,0.4,0.3,0.1,0.5,0.3,0,0.1,0
55,94,1,1,0,0.1,0.1,0.2,0.1,0,0.3,0.1,0,0.1,0
57,94,1,8,0.4,0.7,0.5,0.9,1.7,0.2,1.4,0.8,0.6,0.8,0
59,94,1,11,0.6,1,0.8,1.2,2.4,0.3,1.9,1,0.8,1,0
60,94,1,16,0.9,1.4,1.1,1.7,3.5,0.4,2.8,1.5,1.2,1.5,0
61,94,1,1,0,0.1,0.1,0.1,0.2,0,0.2,0.1,0.1,0.1,0
62,94,1,12,0.3,1.2,1.3,1.9,2.6,0.1,1.4,1.8,0.7,0.7,0
64,94,1,3,0.1,0.3,0.3,0.5,0.7,0,0.3,0.4,0.2,0.2,0
79,94,1,6,0.3,0.4,0.3,1.1,0.8,0.1,1.3,0.9,0.3,0.5,0
80,94,1,10,0.5,0.8,0.5,1.8,1.4,0.1,2.1,1.5,0.5,0.8,0
81,94,1,15,0.7,1.1,0.7,2.8,2.1,0.2,3.2,2.3,0.7,1.2,0
82,94,1,3,0.1,0.1,0.3,0.2,0.7,0.1,0.4,0.8,0.1,0.2,0
84,94,1,1,0,0,0.1,0.1,0.2,0,0.2,0.3,0,0.1,0
87,94,1,2,0,0.2,0.1,0.3,0.2,0,0.3,0.6,0.1,0.2,0
88,94,1,8,0.2,0.8,0.3,1,1,0.1,1.1,2.5,0.2,0.8,0
89,94,1,24,0.6,2.3,0.9,3,2.9,0.4,3.4,7.6,0.6,2.3,0
90,94,0,46,0,3,3,2,9,2,3,14,2,8,0
91,94,1,2,0,0.2,0.1,0.3,0.2,0,0.3,0.6,0.1,0.2,0
92,94,0,44,0,0,3,4,6,1,7,18,0,5,0
93,94,0,36,0,3,3,2,5,0,9,7,1,6,0
94,94,1,26,1.1,2,3.7,3.1,5.8,0.3,3.9,3.6,1.3,1.2,0
95,94,1,6,0.3,0.5,0.8,0.7,1.3,0.1,0.9,0.8,0.3,0.3,0
96,94,1,14,0.6,1.1,2,1.7,3.1,0.1,2.1,1.9,0.7,0.7,0
97,94,1,7,0.3,0.4,0.6,1,1.4,0.3,0.7,1.4,0.4,0.5,0
100,94,1,1,0,0.1,0.1,0.1,0.2,0,0.1,0.2,0.1,0.1,0
101,94,1,6,0.2,0.4,0.5,0.9,1.2,0.2,0.6,1.2,0.4,0.4,0
105,94,1,7,0.6,0.9,0.3,1.1,1,0.5,0.6,0.8,0.9,0.3,0
106,94,1,10,0.9,1.3,0.4,1.6,1.3,0.7,0.9,1.1,1.3,0.5,0
108,94,1,1,0.1,0,0.1,0.2,0,0.1,0.3,0.2,0,0,0
110,94,1,3,0.2,0,0.4,0.5,0.1,0.2,0.9,0.6,0,0.1,0
4,95,1,6,0.5,0.5,0.3,0.5,0.8,0.3,1.2,1.5,0.3,0.1,0
5,95,1,3,0.2,0.2,0.2,0.2,0.4,0.1,0.6,0.8,0.2,0.1,0
6,95,1,2,0.1,0.2,0.1,0.2,0.3,0.1,0.4,0.5,0.1,0,0
7,95,1,3,0.3,0.3,0.3,0.6,0.4,0.1,0.4,0.2,0.2,0.2,0
8,95,1,8,0.7,0.9,0.7,1.5,1.2,0.4,0.9,0.7,0.4,0.6,0
9,95,1,16,1.5,1.7,1.4,3.1,2.3,0.7,1.9,1.3,0.9,1.2,0
10,95,1,10,0.9,1.1,0.9,1.9,1.5,0.5,1.2,0.8,0.5,0.7,0
11,95,1,5,0.5,0.5,0.4,1,0.7,0.2,0.6,0.4,0.3,0.4,0
15,95,1,4,0.3,0.5,0.2,0.8,0.4,0,0.7,0.6,0.3,0.2,0
18,95,1,2,0,0,0.1,0.3,0.4,0,0.5,0.4,0.1,0.2,0
21,95,1,2,0,0,0.1,0.3,0.4,0,0.5,0.4,0.1,0.2,0
32,95,1,1,0.1,0.1,0.1,0.1,0.1,0.1,0.2,0.2,0,0,0
36,95,1,6,0.6,0.6,0.4,0.7,0.7,0.4,1.3,0.9,0.2,0.2,0
37,95,1,2,0,0.1,0.1,0.3,0.4,0.1,0.3,0.5,0.1,0.1,0
38,95,1,2,0,0.1,0.1,0.3,0.4,0.1,0.3,0.5,0.1,0.1,0
40,95,1,12,0.2,0.7,0.7,2.1,2.4,0.3,1.9,2.9,0.5,0.3,0
44,95,1,1,0,0.1,0.1,0.1,0.2,0.1,0.1,0.1,0.1,0.1,0
48,95,1,1,0,0.1,0.1,0.2,0.2,0,0.2,0.1,0.1,0,0
56,95,1,1,0,0.1,0.1,0.2,0.1,0,0.3,0.1,0,0.1,0
58,95,1,3,0.2,0.3,0.2,0.3,0.6,0.1,0.5,0.3,0.2,0.3,0
59,95,1,4,0.2,0.3,0.3,0.4,0.9,0.1,0.7,0.4,0.3,0.4,0
60,95,1,1,0,0.1,0.1,0.1,0.2,0,0.2,0.1,0.1,0.1,0
61,95,1,19,1,1.7,1.3,2.1,4.1,0.5,3.3,1.8,1.4,1.8,0
62,95,1,26,0.7,2.6,2.9,4.1,5.7,0.3,3.1,3.8,1.4,1.4,0
64,95,1,3,0.1,0.3,0.3,0.5,0.7,0,0.3,0.4,0.2,0.2,0
65,95,1,1,0,0.1,0.1,0.2,0.2,0,0.1,0.1,0.1,0.1,0
68,95,1,7,0.2,0.6,0.6,0.4,2,0.2,2,0.4,0.4,0.2,0
79,95,1,5,0.2,0.4,0.2,0.9,0.7,0.1,1.1,0.8,0.2,0.4,0
82,95,1,16,0.4,0.7,1.5,1.3,3.5,0.4,2.4,4.2,0.5,1.1,0
83,95,1,2,0,0.1,0.2,0.2,0.4,0.1,0.3,0.5,0.1,0.1,0
87,95,1,5,0.1,0.5,0.2,0.6,0.6,0.1,0.7,1.6,0.1,0.5,0
88,95,1,19,0.4,1.8,0.8,2.4,2.3,0.3,2.7,6,0.5,1.8,0
89,95,0,27,1,2,1,3,2,1,10,6,1,0,0
90,95,0,89.5,0,5.5,4,2,17,0,21,24,0,16,0
91,95,0,48,2,3,0,5,3,0,8,8,2,17,0
92,95,0,74.5,0,4,3,6,5,2.5,15,23,2,14,0
93,95,0,66.5,1,9,10,4,21,0,4,10,2.5,5,0
94,95,0,63,0,1,9,9,15,0,12,11,0,6,0
95,95,1,23.5,1,1.8,3.3,2.8,5.2,0.3,3.5,3.3,1.2,1.1,0
96,95,1,19,0.8,1.5,2.7,2.3,4.2,0.2,2.8,2.6,1,0.9,0
97,95,1,23,1,1.4,1.9,3.4,4.6,1,2.2,4.6,1.4,1.5,0
98,95,1,1,0,0.1,0.1,0.1,0.2,0,0.1,0.2,0.1,0.1,0
99,95,1,9,0.4,0.6,0.7,1.3,1.8,0.4,0.8,1.8,0.6,0.6,0
101,95,1,1,0,0.1,0.1,0.1,0.2,0,0.1,0.2,0.1,0.1,0
111,95,1,5,0.4,0,0.6,0.8,0.2,0.4,1.4,1,0,0.2,0
124,95,1,2,0,0.1,0.1,0.2,0.4,0,0.4,0.5,0.1,0.2,0
4,96,1,2,0.1,0.2,0.1,0.2,0.3,0.1,0.4,0.5,0.1,0,0
6,96,1,7,0.5,0.5,0.4,0.5,0.9,0.4,1.4,1.8,0.4,0.2,0
10,96,0,33.5,2,4.5,0,7,6,2,2,7,3,0,0
11,96,1,7,0.6,0.8,0.6,1.4,1,0.3,0.8,0.6,0.4,0.5,0
17,96,1,1,0,0,0,0.2,0.2,0,0.3,0.2,0,0.1,0
20,96,1,2,0,0,0.1,0.3,0.4,0,0.5,0.4,0.1,0.2,0
29,96,1,2,0,0.3,0.3,0.3,0.5,0,0.3,0.1,0.1,0.1,0
32,96,1,4,0.4,0.4,0.3,0.5,0.5,0.2,0.9,0.6,0.1,0.1,0
38,96,1,9,0.1,0.5,0.5,1.6,1.8,0.2,1.5,2.2,0.4,0.2,0
41,96,1,12,0.2,0.7,0.7,2.1,2.4,0.3,1.9,2.9,0.5,0.3,0
42,96,1,4,0,0.6,0.2,0.6,0.9,0.2,0.6,0.2,0.2,0.4,0.1
43,96,1,1,0,0.1,0.1,0.1,0.2,0.1,0.1,0.1,0.1,0.1,0
45,96,1,4,0,0.6,0.2,0.6,0.9,0.2,0.6,0.2,0.2,0.4,0.1
49,96,1,2,0.1,0.2,0.1,0.4,0.4,0,0.4,0.3,0.1,0,0
55,96,1,4,0,0.2,0.5,0.7,0.5,0.2,1.1,0.6,0,0.2,0
59,96,1,2,0.1,0.2,0.1,0.2,0.4,0.1,0.4,0.2,0.1,0.2,0
61,96,1,4,0.2,0.3,0.3,0.4,0.9,0.1,0.7,0.4,0.3,0.4,0
62,96,1,8,0.2,0.8,0.9,1.2,1.8,0.1,1,1.2,0.4,0.4,0
63,96,1,22,0.6,2.2,2.4,3.5,4.9,0.2,2.6,3.2,1.2,1.2,0
64,96,1,18,0.5,1.8,2,2.8,4,0.2,2.1,2.6,1,1,0
67,96,1,4,0.1,0.4,0.4,0.2,1.1,0.1,1.2,0.2,0.2,0.1,0
69,96,1,4,0.1,0.4,0.4,0.2,1.1,0.1,1.2,0.2,0.2,0.1,0
83,96,1,4,0.1,0.2,0.4,0.3,0.9,0.1,0.6,1,0.1,0.3,0
84,96,1,5,0.1,0.2,0.5,0.4,1.1,0.1,0.8,1.3,0.2,0.3,0
85,96,1,6,0.1,0.3,0.6,0.5,1.3,0.1,0.9,1.6,0.2,0.4,0
86,96,1,3,0.1,0.1,0.3,0.2,0.7,0.1,0.4,0.8,0.1,0.2,0
88,96,1,7,0.2,0.6,0.3,0.9,0.8,0.1,1,2.2,0.2,0.7,0
89,96,0,45,4,2,4,5,11,1,6,8,2,2,0
90,96,0,116,4,5,4,27,12,2,16,25,9,10,2
91,96,0,69.5,4,4,0,9,5,1.5,7,23,0,16,0
92,96,0,239,9,23,21,36,45,2,30,34,20,19,0
93,96,0,123,5,9,11,16,31,2,19,11,5,14,0
94,96,0,103,4,5,5,18,15,1,14,29,6,6,0
95,96,0,22,0,1,0,2,2,1,9,3,0,4,0
96,96,1,27,1.1,2.1,3.8,3.2,6,0.3,4.1,3.7,1.4,1.3,0
97,96,1,8,0.3,0.5,0.7,1.2,1.6,0.3,0.8,1.6,0.5,0.5,0
99,96,1,3,0.1,0.2,0.3,0.4,0.6,0.1,0.3,0.6,0.2,0.2,0
108,96,1,5,0.4,0,0.6,0.8,0.2,0.4,1.4,1,0,0.2,0
109,96,1,2,0.1,0,0.2,0.3,0.1,0.2,0.6,0.4,0,0.1,0
111,96,1,4,0.3,0,0.5,0.6,0.2,0.3,1.1,0.8,0,0.2,0
114,96,1,1.5,0,0,0.1,0.1,0.3,0,0.3,0.4,0.1,0.2,0
127,96,1,1,0,0,0.1,0.1,0.2,0,0.2,0.3,0,0.1,0
4,97,1,2,0.1,0.2,0.1,0.2,0.3,0.1,0.4,0.5,0.1,0,0
5,97,1,7,0.5,0.5,0.4,0.5,0.9,0.4,1.4,1.8,0.4,0.2,0
7,97,1,10.5,1,1.1,0.9,2,1.5,0.5,1.2,0.9,0.6,0.8,0
10,97,1,8,0.7,0.9,0.7,1.5,1.2,0.4,0.9,0.7,0.4,0.6,0
16,97,1,2,0.1,0.3,0.1,0.4,0.2,0,0.3,0.3,0.2,0.1,0
17,97,1,4,0,0,0.2,0.6,0.9,0,1,0.9,0.1,0.3,0
18,97,1,3,0,0,0.1,0.4,0.7,0,0.8,0.7,0.1,0.2,0
20,97,1,3,0,0,0.1,0.4,0.7,0,0.8,0.7,0.1,0.2,0
28,97,1,3,0.1,0.4,0.4,0.4,0.7,0,0.4,0.3,0.1,0.2,0
38,97,1,2,0,0.1,0.1,0.3,0.4,0.1,0.3,0.5,0.1,0.1,0
41,97,1,2,0,0.1,0.1,0.3,0.4,0.1,0.3,0.5,0.1,0.1,0
42,97,1,1,0,0.1,0.1,0.1,0.2,0.1,0.1,0.1,0.1,0.1,0
45,97,1,4,0,0.6,0.2,0.6,0.9,0.2,0.6,0.2,0.2,0.4,0.1
49,97,1,2,0.1,0.2,0.1,0.4,0.4,0,0.4,0.3,0.1,0,0
55,97,1,2,0,0.1,0.2,0.4,0.3,0.1,0.5,0.3,0,0.1,0
56,97,1,1,0,0.1,0.1,0.2,0.1,0,0.3,0.1,0,0.1,0
57,97,1,3,0.2,0.3,0.2,0.3,0.6,0.1,0.5,0.3,0.2,0.3,0
59,97,1,2,0.1,0.2,0.1,0.2,0.4,0.1,0.4,0.2,0.1,0.2,0
62,97,1,1,0,0.1,0.1,0.2,0.2,0,0.1,0.1,0.1,0.1,0
63,97,0,34,4,1,2,10,5,3,3,3,2,1,0
64,97,1,4,0.1,0.4,0.5,0.6,0.9,0,0.5,0.6,0.2,0.2,0
66,97,1,4,0.1,0.4,0.5,0.6,0.9,0,0.5,0.6,0.2,0.2,0
72,97,1,1,0,0.1,0.1,0.2,0.1,0,0.2,0.2,0,0.1,0
77,97,1,6,0.3,0.4,0.3,1.1,0.8,0.1,1.3,0.9,0.3,0.5,0
78,97,1,3,0.1,0.2,0.1,0.6,0.4,0.1,0.7,0.5,0.1,0.2,0
84,97,1,6,0.1,0.3,0.6,0.5,1.3,0.1,0.9,1.6,0.2,0.4,0
86,97,1,12,0.3,0.5,1.1,1,2.6,0.3,1.8,3.2,0.4,0.8,0
87,97,1,3,0.1,0.3,0.1,0.4,0.4,0,0.4,0.9,0.1,0.3,0
88,97,1,5,0.1,0.5,0.2,0.6,0.6,0.1,0.7,1.6,0.1,0.5,0
89,97,1,5,0.1,0.5,0.2,0.6,0.6,0.1,0.7,1.6,0.1,0.5,0
90,97,1,21,0.5,2,0.8,2.7,2.5,0.3,3,6.7,0.5,2,0
91,97,0,87.5,1,7,6,9,21,0.5,15,14,4,10,0
92,97,0,87,2,11,3,17,19,4,11,12,6,2,0
93,97,0,68.5,0,7.5,1,9,12,5,9,16,1,8,0
94,97,0,19,0,1,3,1,4,0,4,3,1,2,0
95,97,1,24,1,1.9,3.4,2.9,5.3,0.3,3.6,3.3,1.2,1.1,0
96,97,1,8,0.3,0.6,1.1,1,1.8,0.1,1.2,1.1,0.4,0.4,0
97,97,1,12,0.5,0.8,1,1.8,2.4,0.5,1.1,2.4,0.7,0.8,0
98,97,1,2,0.1,0.1,0.2,0.3,0.4,0.1,0.2,0.4,0.1,0.1,0
99,97,1,2,0.1,0.1,0.2,0.3,0.4,0.1,0.2,0.4,0.1,0.1,0
102,97,1,1,0.1,0.1,0,0.2,0.1,0.1,0.1,0.1,0.1,0.1,0
113,97,1,2,0,0.1,0.1,0.2,0.4,0,0.4,0.5,0.1,0.2,0
127,97,1,7,0.1,0.2,0.3,0.6,1.4,0.2,1.3,1.7,0.3,0.9,0
1,98,1,2,0.2,0.3,0.2,0.6,0.3,0.2,0.2,0,0,0,0
2,98,1,2,0.1,0.2,0.1,0.2,0.3,0.1,0.4,0.5,0.1,0,0
4,98,1,5,0.4,0.4,0.3,0.4,0.6,0.2,1,1.3,0.3,0.1,0
6,98,1,2,0.1,0.2,0.1,0.2,0.3,0.1,0.4,0.5,0.1,0,0
7,98,1,6,0.5,0.7,0.5,1.2,0.9,0.3,0.7,0.5,0.3,0.4,0
12,98,1,2,0.1,0.3,0.1,0.4,0.2,0,0.3,0.3,0.2,0.1,0
15,98,1,5,0.4,0.6,0.2,1,0.6,0,0.8,0.7,0.4,0.3,0
17,98,1,3,0,0,0.1,0.4,0.7,0,0.8,0.7,0.1,0.2,0
20,98,1,2,0,0,0.1,0.3,0.4,0,0.5,0.4,0.1,0.2,0
32,98,1,1,0.1,0.1,0.1,0.1,0.1,0.1,0.2,0.2,0,0,0
35,98,1,4,0.4,0.4,0.3,0.5,0.5,0.2,0.9,0.6,0.1,0.1,0
38,98,1,5,0.1,0.3,0.3,0.9,1,0.1,0.8,1.2,0.2,0.1,0
39,98,1,3,0,0.2,0.2,0.5,0.6,0.1,0.5,0.7,0.1,0.1,0
40,98,1,6,0.1,0.3,0.3,1,1.2,0.2,1,1.5,0.2,0.2,0
42,98,1,5,0,0.7,0.3,0.7,1.1,0.3,0.7,0.3,0.3,0.4,0.2
43,98,1,5,0,0.7,0.3,0.7,1.1,0.3,0.7,0.3,0.3,0.4,0.2
45,98,1,4,0,0.6,0.2,0.6,0.9,0.2,0.6,0.2,0.2,0.4,0.1
47,98,1,1,0,0.1,0.1,0.2,0.2,0,0.2,0.1,0.1,0,0
48,98,1,3,0.2,0.3,0.2,0.5,0.5,0,0.6,0.4,0.2,0.1,0
55,98,1,9.5,0,0.6,1.1,1.7,1.1,0.4,2.6,1.4,0,0.6,0
62,98,1,4,0.1,0.4,0.5,0.6,0.9,0,0.5,0.6,0.2,0.2,0
64,98,1,3,0.1,0.3,0.3,0.5,0.7,0,0.3,0.4,0.2,0.2,0
69,98,1,3,0.1,0.2,0.2,0.2,0.8,0.1,0.9,0.2,0.2,0.1,0
71,98,1,1,0,0.1,0.1,0.1,0.3,0,0.3,0.1,0,0,0
73,98,1,10,0.5,0.8,0.5,1.8,1.4,0.1,2.1,1.5,0.5,0.8,0
77,98,1,3,0.1,0.2,0.1,0.6,0.4,0.1,0.7,0.5,0.1,0.2,0
79,98,1,2,0.1,0.1,0.1,0.4,0.3,0,0.4,0.3,0.1,0.2,0
80,98,1,4,0.2,0.3,0.2,0.7,0.5,0.1,0.9,0.6,0.2,0.3,0
82,98,1,2,0,0.1,0.2,0.2,0.4,0.1,0.3,0.5,0.1,0.1,0
83,98,1,12,0.3,0.5,1.1,1,2.6,0.3,1.8,3.2,0.4,0.8,0
84,98,1,15,0.3,0.7,1.4,1.2,3.3,0.4,2.2,4,0.5,1,0
85,98,0,19,1,1,3,0,7,0,3,3,0,1,0
86,98,0,51,3,3,3,5,10,2,8,5,4,8,0
87,98,0,33,1,2,3,2,6,0,5,9,1,4,0
88,98,1,5,0.1,0.5,0.2,0.6,0.6,0.1,0.7,1.6,0.1,0.5,0
89,98,1,20,0.5,1.9,0.8,2.5,2.4,0.3,2.9,6.3,0.5,1.9,0
90,98,0,29,0,1,0,1,6,0,6,10,0,5,0
91,98,0,35,0,0,5,0,2,0,6,10,0,12,0
92,98,0,78,0,6,2,4,14,2,10,23,6,11,0
93,98,0,51,3,1,0,4,6,0,6,21,1,9,0
94,98,1,8,0.3,0.6,1.1,1,1.8,0.1,1.2,1.1,0.4,0.4,0
95,98,1,7.5,0.3,0.6,1,0.9,1.7,0.1,1.1,1,0.4,0.4,0
96,98,1,4,0.2,0.3,0.6,0.5,0.9,0,0.6,0.5,0.2,0.2,0
104,98,1,3,0.3,0.4,0.1,0.5,0.4,0.2,0.3,0.3,0.4,0.1,0
106,98,1,1,0.1,0.1,0,0.2,0.1,0.1,0.1,0.1,0.1,0.1,0
108,98,1,1,0.1,0,0.1,0.2,0,0.1,0.3,0.2,0,0,0
111,98,1,4,0.3,0,0.5,0.6,0.2,0.3,1.1,0.8,0,0.2,0
3,99,1,1,0,0.1,0.1,0.1,0.2,0,0.2,0.2,0.1,0,0
5,99,1,1,0,0.1,0.1,0.1,0.2,0,0.2,0.2,0.1,0,0
6,99,1,3,0,0.4,0.2,0.4,0.7,0.1,0.4,0.4,0.3,0.1,0
7,99,1,15,0.4,0.8,0.6,2,2.8,0.1,2.6,3.5,0.8,1.4,0
8,99,1,1,0,0.1,0,0.1,0.2,0,0.2,0.2,0.1,0.1,0
9,99,1,2,0,0.1,0.1,0.3,0.4,0,0.3,0.5,0.1,0.2,0
10,99,1,7,0.2,0.4,0.3,0.9,1.3,0,1.2,1.6,0.4,0.7,0
12,99,1,5,0.4,0.6,0.2,1,0.6,0,0.8,0.7,0.4,0.3,0
13,99,1,7,0.5,0.9,0.3,1.4,0.8,0,1.2,1,0.5,0.4,0
14,99,1,7,0.5,0.9,0.3,1.4,0.8,0,1.2,1,0.5,0.4,0
16,99,1,3,0.2,0.4,0.1,0.6,0.3,0,0.5,0.5,0.2,0.2,0
40,99,1,11,0.8,0.8,0.3,3,1.6,0,1.4,1.4,1.4,0.3,0
41,99,1,8,0.6,0.6,0.2,2.2,1.2,0,1,1,1,0.2,0
42,99,1,1,0,0.1,0.1,0.2,0.1,0.1,0.2,0.1,0.1,0,0
43,99,1,20,0.6,1.3,2.2,4.4,2.8,0.9,2.8,2.5,2.2,0.3,0
45,99,1,10,0.3,0.6,1.1,2.2,1.4,0.5,1.4,1.2,1.1,0.2,0
47,99,1,2,0.1,0.2,0.1,0.4,0.4,0,0.4,0.3,0.1,0,0
48,99,1,14,0.8,1.4,0.8,2.5,2.5,0.3,2.7,1.9,0.8,0.3,0
55,99,1,2,0,0.1,0.2,0.4,0.3,0.1,0.5,0.3,0,0.1,0
60,99,1,11,0.5,0.7,0.9,2.1,2.4,0.2,1.4,1.2,1,0.6,0
66,99,1,15,0.4,1.3,1.3,0.9,4.3,0.4,4.3,0.9,0.8,0.4,0
67,99,1,2,0,0.2,0.1,0.2,0.4,0.1,0.4,0.2,0.2,0.2,0
68,99,1,5,0,0.5,0.3,0.6,1,0.2,0.9,0.5,0.4,0.6,0
69,99,1,13,0.1,1.3,0.8,1.5,2.6,0.4,2.4,1.3,1.1,1.5,0
71,99,1,1,0,0.1,0.1,0.1,0.2,0,0.2,0.1,0.1,0.1,0
72,99,1,2,0,0.2,0.1,0.1,0.5,0,0.5,0.3,0.1,0.2,0
73,99,1,5,0,0.5,0.3,0.4,1.2,0,1.2,0.7,0.1,0.6,0
77,99,1,4,0.1,0.6,0.4,0.3,1.2,0.1,0.5,0.6,0.2,0,0
80,99,1,3,0,0.4,0.3,0.2,0.9,0.1,0.4,0.5,0.2,0,0
81,99,1,8,0.1,1.2,0.7,0.6,2.5,0.2,1,1.3,0.4,0,0
83,99,1,2,0,0.1,0,0.1,0.5,0,0.3,0.8,0,0.2,0
84,99,1,4,0,0.2,0.1,0.2,0.9,0,0.6,1.5,0.1,0.4,0
85,99,1,21,0,1.2,0.4,1.2,5,0,2.9,7.8,0.4,2.1,0
86,99,1,10,0,0.6,0.2,0.6,2.3,0,1.4,3.7,0.2,1,0
87,99,0,18,0,0,0,1,2,0,3,9,0,3,0
89,99,1,14,0.3,1.3,0.4,1.9,1.7,0,1.8,3.8,1,1.8,0
90,99,0,37,0,5,2,0,7,0,8,9,3,3,0
91,99,0,53,1,4,3,5,13,1,9,8,4,5,0
92,99,0,41,0,2,8,3,5,1,5,14,2,1,0
93,99,0,87,1,1,1,2,3,0,6,19,0,54,0
94,99,1,8,0.2,0.9,0.2,0.6,1.6,0.1,1.2,2.4,0.3,0.5,0
95,99,1,4,0.1,0.5,0.1,0.3,0.8,0,0.6,1.2,0.1,0.3,0
108,99,1,6,0.5,0.8,0.3,0.9,0.8,0.4,0.5,0.7,0.8,0.3,0
109,99,1,9,0.8,1.2,0.4,1.4,1.2,0.6,0.8,1,1.2,0.4,0
3,100,1,3,0,0.4,0.2,0.4,0.7,0.1,0.4,0.4,0.3,0.1,0
4,100,1,5,0.1,0.6,0.3,0.7,1.1,0.1,0.7,0.7,0.6,0.1,0
5,100,0,27.5,0,4,4,0.5,8,0,8,2,1,0,0
6,100,1,16,0.1,2,0.9,2.3,3.5,0.4,2.3,2.3,1.8,0.4,0
7,100,1,17,0.4,0.9,0.7,2.3,3.1,0.1,3,4,0.9,1.6,0
8,100,1,13,0.3,0.7,0.5,1.7,2.4,0.1,2.3,3.1,0.7,1.2,0
9,100,1,6,0.1,0.3,0.3,0.8,1.1,0,1.1,1.4,0.3,0.6,0
13,100,1,6,0.4,0.8,0.2,1.2,0.7,0,1,0.9,0.5,0.3,0
22,100,1,5,0.2,0.7,0.7,0.7,1.2,0,0.7,0.4,0.2,0.2,0
34,100,1,2,0.2,0.2,0.1,0.2,0.3,0.1,0.4,0.3,0.1,0.1,0
38,100,1,3,0.2,0.2,0.1,0.8,0.4,0,0.4,0.4,0.4,0.1,0
42,100,1,1,0,0.1,0.1,0.2,0.1,0.1,0.2,0.1,0.1,0,0
43,100,1,10,0.3,0.6,1.1,2.2,1.4,0.5,1.4,1.2,1.1,0.2,0
44,100,0,36,2,8,1,8,9,1,1,3,3,0,0
45,100,1,6,0.2,0.4,0.7,1.3,0.8,0.3,0.8,0.7,0.7,0.1,0
46,100,1,5,0.2,0.3,0.6,1.1,0.7,0.2,0.7,0.6,0.5,0.1,0
58,100,1,3,0.1,0.2,0.2,0.6,0.7,0,0.4,0.3,0.3,0.2,0
59,100,1,2,0.1,0.1,0.2,0.4,0.4,0,0.3,0.2,0.2,0.1,0
67,100,1,4,0,0.4,0.3,0.5,0.8,0.1,0.7,0.4,0.3,0.5,0
68,100,1,16,0.2,1.6,1,1.8,3.1,0.5,3,1.7,1.3,1.8,0
69,100,1,15,0.2,1.5,0.9,1.7,2.9,0.5,2.8,1.6,1.2,1.7,0
72,100,1,2,0,0.2,0.1,0.1,0.5,0,0.5,0.3,0.1,0.2,0
73,100,1,7,0,0.8,0.4,0.5,1.6,0,1.6,1,0.2,0.9,0
77,100,1,15,0.2,2.1,1.4,1.2,4.7,0.4,1.9,2.3,0.8,0,0
78,100,1,6,0.1,0.9,0.5,0.5,1.9,0.1,0.8,0.9,0.3,0,0
80,100,1,4,0.1,0.6,0.4,0.3,1.2,0.1,0.5,0.6,0.2,0,0
81,100,1,4,0.1,0.6,0.4,0.3,1.2,0.1,0.5,0.6,0.2,0,0
86,100,0,36,0,1,0,5,0,1,18,9,2,0,0
87,100,1,4,0.1,0.4,0.1,0.5,0.5,0,0.5,1.1,0.3,0.5,0
88,100,1,2,0,0.2,0.1,0.3,0.2,0,0.3,0.5,0.1,0.3,0
90,100,1,22,0.5,2.1,0.7,3,2.7,0,2.7,6,1.6,2.7,0
92,100,1,18,0.4,2.1,0.4,1.3,3.7,0.2,2.7,5.4,0.7,1.1,0
93,100,1,10,0.2,1.2,0.2,0.8,2,0.1,1.5,3,0.4,0.6,0
94,100,1,12,0.3,1.4,0.3,0.9,2.4,0.1,1.8,3.6,0.4,0.8,0
103,100,1,1,0.1,0.1,0,0.2,0.1,0.1,0.1,0.1,0.1,0.1,0
113,100,1,3,0.1,0.1,0.1,0.2,0.6,0.1,0.6,0.7,0.1,0.4,0
114,100,1,1,0,0,0.1,0.1,0.2,0,0.2,0.3,0,0.1,0
6,101,1,3,0,0.4,0.2,0.4,0.7,0.1,0.4,0.4,0.3,0.1,0
7,101,1,14,0.3,0.7,0.6,1.9,2.6,0,2.5,3.3,0.8,1.3,0
8,101,1,15,0.4,0.8,0.6,2,2.8,0.1,2.6,3.5,0.8,1.4,0
9,101,1,3,0.1,0.1,0.1,0.4,0.6,0,0.5,0.7,0.2,0.3,0
19,101,1,4,0.1,0,0,0.6,0.8,0,0.9,1.1,0.3,0.2,0
20,101,1,2,0.1,0,0,0.3,0.4,0,0.5,0.5,0.1,0.1,0
21,101,1,1,0,0,0,0.2,0.2,0,0.2,0.3,0.1,0,0
22,101,1,12,0.4,1.6,1.6,1.6,2.9,0,1.7,1,0.6,0.6,0
32,101,1,2,0.2,0.2,0.1,0.2,0.3,0.1,0.4,0.3,0.1,0.1,0
37,101,1,2,0.2,0.2,0,0.5,0.3,0,0.2,0.3,0.2,0.1,0
41,101,1,5,0.4,0.4,0.1,1.4,0.8,0,0.6,0.6,0.6,0.1,0
45,101,1,6,0.2,0.4,0.7,1.3,0.8,0.3,0.8,0.7,0.7,0.1,0
50,101,1,4,0.2,0.4,0.2,0.7,0.7,0.1,0.8,0.6,0.2,0.1,0
55,101,1,2,0,0.1,0.2,0.4,0.3,0.1,0.5,0.3,0,0.1,0
56,101,1,6,0,0.3,0.7,1.1,0.7,0.3,1.6,0.9,0,0.4,0
58,101,1,1,0,0.1,0.1,0.2,0.2,0,0.1,0.1,0.1,0.1,0
60,101,1,5,0.2,0.3,0.4,1,1.1,0.1,0.6,0.6,0.4,0.3,0
69,101,1,6,0,0.6,0.4,0.7,1.2,0.2,1.1,0.6,0.5,0.7,0
70,101,1,1,0,0.1,0.1,0.1,0.2,0,0.2,0.1,0.1,0.1,0
72,101,1,2,0,0.2,0.1,0.1,0.5,0,0.5,0.3,0.1,0.2,0
73,101,1,5,0,0.5,0.3,0.4,1.2,0,1.2,0.7,0.1,0.6,0
74,101,1,3,0,0.3,0.2,0.2,0.7,0,0.7,0.4,0.1,0.4,0
75,101,1,2,0,0.2,0.1,0.1,0.5,0,0.5,0.3,0.1,0.2,0
77,101,1,16,0.2,2.3,1.5,1.2,5,0.4,2.1,2.5,0.8,0,0
78,101,1,3,0,0.4,0.3,0.2,0.9,0.1,0.4,0.5,0.2,0,0
81,101,1,2,0,0.3,0.2,0.2,0.6,0,0.3,0.3,0.1,0,0
84,101,1,3,0,0.2,0.1,0.2,0.7,0,0.4,1.1,0,0.3,0
85,101,1,2,0,0.1,0,0.1,0.5,0,0.3,0.8,0,0.2,0
90,101,1,6,0.1,0.6,0.2,0.8,0.7,0,0.8,1.6,0.4,0.8,0
94,101,1,8,0.2,0.9,0.2,0.6,1.6,0.1,1.2,2.4,0.3,0.5,0
95,101,1,8,0.2,0.9,0.2,0.6,1.6,0.1,1.2,2.4,0.3,0.5,0
97,101,1,2,0.1,0.1,0.2,0.3,0.4,0.1,0.2,0.4,0.1,0.1,0
112,101,1,6,0.1,0.2,0.3,0.5,1.2,0.1,1.1,1.5,0.3,0.7,0
3,102,1,3,0,0.4,0.2,0.4,0.7,0.1,0.4,0.4,0.3,0.1,0
4,102,1,35,0.2,4.3,2,5.1,7.6,0.9,5.1,5.1,3.9,0.8,0
5,102,1,9,0.1,1.1,0.5,1.3,2,0.2,1.3,1.3,1,0.2,0
7,102,1,13,0.3,0.7,0.5,1.7,2.4,0.1,2.3,3.1,0.7,1.2,0
8,102,1,2,0,0.1,0.1,0.3,0.4,0,0.3,0.5,0.1,0.2,0
18,102,1,2,0.1,0,0,0.3,0.4,0,0.5,0.5,0.1,0.1,0
19,102,1,3,0.1,0,0,0.5,0.6,0,0.7,0.8,0.2,0.1,0
20,102,1,5,0.2,0,0,0.8,1,0,1.1,1.3,0.4,0.2,0
21,102,1,3,0.1,0,0,0.5,0.6,0,0.7,0.8,0.2,0.1,0
27,102,1,3,0.1,0.4,0.4,0.4,0.7,0,0.4,0.3,0.1,0.2,0
36,102,1,2,0.2,0.2,0.1,0.2,0.3,0.1,0.4,0.3,0.1,0.1,0
41,102,1,1,0.1,0.1,0,0.3,0.2,0,0.1,0.1,0.1,0,0
45,102,1,4,0.1,0.2,0.4,0.9,0.6,0.2,0.6,0.5,0.4,0.1,0
46,102,1,1,0,0.1,0.1,0.2,0.1,0.1,0.2,0.1,0.1,0,0
47,102,1,2,0.1,0.2,0.1,0.4,0.4,0,0.4,0.3,0.1,0,0
51,102,1,3,0.2,0.3,0.2,0.5,0.5,0,0.6,0.4,0.2,0.1,0
58,102,1,1,0,0.1,0.1,0.2,0.2,0,0.1,0.1,0.1,0.1,0
59,102,1,16,0.7,1,1.3,3.1,3.6,0.2,2,1.8,1.4,0.9,0
60,102,0,23,0,0,0,3,6,0,5,2,4,3,0
67,102,1,1,0,0.1,0.1,0.1,0.2,0,0.2,0.1,0.1,0.1,0
70,102,1,4,0,0.4,0.3,0.5,0.8,0.1,0.7,0.4,0.3,0.5,0
72,102,1,9,0,1,0.5,0.7,2.1,0,2.1,1.3,0.2,1.1,0
73,102,1,7,0,0.8,0.4,0.5,1.6,0,1.6,1,0.2,0.9,0
74,102,1,8,0,0.9,0.5,0.6,1.8,0,1.8,1.2,0.2,1,0
75,102,1,2,0,0.2,0.1,0.1,0.5,0,0.5,0.3,0.1,0.2,0
78,102,1,2,0,0.3,0.2,0.2,0.6,0,0.3,0.3,0.1,0,0
81,102,1,10,0.1,1.4,0.9,0.8,3.1,0.3,1.3,1.6,0.5,0,0
83,102,1,4,0,0.2,0.1,0.2,0.9,0,0.6,1.5,0.1,0.4,0
84,102,1,5,0,0.3,0.1,0.3,1.2,0,0.7,1.8,0.1,0.5,0
88,102,1,10,0.2,0.9,0.3,1.4,1.2,0,1.3,2.7,0.7,1.3,0
89,102,1,10,0.2,0.9,0.3,1.4,1.2,0,1.3,2.7,0.7,1.3,0
90,102,1,8,0.2,0.7,0.2,1.1,1,0,1,2.2,0.6,1,0
91,102,1,4,0.1,0.4,0.1,0.5,0.5,0,0.5,1.1,0.3,0.5,0
92,102,1,5,0.1,0.6,0.1,0.4,1,0.1,0.7,1.5,0.2,0.3,0
93,102,1,2,0,0.2,0.1,0.2,0.4,0,0.3,0.6,0.1,0.1,0
95,102,1,1.5,0,0.2,0,0.1,0.3,0,0.2,0.5,0.1,0.1,0
96,102,1,10,0.2,1.2,0.2,0.8,2,0.1,1.5,3,0.4,0.6,0
97,102,1,2,0.1,0.1,0.2,0.3,0.4,0.1,0.2,0.4,0.1,0.1,0
127,102,1,2,0,0.1,0.1,0.2,0.4,0,0.4,0.5,0.1,0.2,0
2,103,1,12,0.1,1.5,0.7,1.7,2.6,0.3,1.7,1.7,1.4,0.3,0
3,103,1,5,0.1,0.6,0.3,0.7,1.1,0.1,0.7,0.7,0.6,0.1,0
4,103,1,19,0.1,2.3,1.1,2.8,4.1,0.5,2.8,2.8,2.1,0.4,0
5,103,1,12,0.1,1.5,0.7,1.7,2.6,0.3,1.7,1.7,1.4,0.3,0
6,103,1,11,0.1,1.4,0.6,1.6,2.4,0.3,1.6,1.6,1.2,0.2,0
7,103,1,11,0.3,0.6,0.5,1.5,2,0,1.9,2.6,0.6,1,0
15,103,1,4,0.3,0.5,0.2,0.8,0.4,0,0.7,0.6,0.3,0.2,0
17,103,1,1,0,0,0,0.2,0.2,0,0.2,0.3,0.1,0,0
18,103,1,5,0.2,0,0,0.8,1,0,1.1,1.3,0.4,0.2,0
25,103,1,4,0.1,0.5,0.5,0.6,1,0,0.6,0.3,0.2,0.2,0
26,103,1,2,0,0.3,0.3,0.3,0.5,0,0.3,0.1,0.1,0.1,0
34,103,1,4,0.4,0.4,0.3,0.5,0.5,0.2,0.9,0.6,0.1,0.1,0
35,103,1,2,0.2,0.2,0.1,0.2,0.3,0.1,0.4,0.3,0.1,0.1,0
37,103,1,6,0.4,0.4,0.1,1.7,0.9,0,0.8,0.8,0.7,0.2,0
41,103,1,4,0.3,0.3,0.1,1.1,0.6,0,0.5,0.5,0.5,0.1,0
49,103,1,2,0.1,0.2,0.1,0.4,0.4,0,0.4,0.3,0.1,0,0
54,103,1,3,0,0.2,0.4,0.5,0.4,0.1,0.8,0.4,0,0.2,0
59,103,1,9,0.4,0.6,0.7,1.8,2,0.1,1.1,1,0.8,0.5,0
60,103,1,24,1,1.5,2,4.7,5.3,0.3,3,2.7,2.2,1.3,0
62,103,1,1,0,0.1,0.1,0.1,0.3,0,0.3,0.1,0,0,0
68,103,1,5,0,0.5,0.3,0.6,1,0.2,0.9,0.5,0.4,0.6,0
69,103,1,6,0,0.6,0.4,0.7,1.2,0.2,1.1,0.6,0.5,0.7,0
70,103,1,8,0.1,0.8,0.5,0.9,1.6,0.2,1.5,0.8,0.7,0.9,0
71,103,1,10,0.1,1,0.6,1.1,2,0.3,1.9,1,0.8,1.2,0
72,103,1,20,0,2.2,1.2,1.5,4.6,0,4.6,2.9,0.5,2.5,0
73,103,1,8,0,0.9,0.5,0.6,1.8,0,1.8,1.2,0.2,1,0
88,103,1,3,0,0.3,0.1,0.4,0.4,0,0.4,0.8,0.2,0.4,0
89,103,1,13,0.3,1.2,0.4,1.8,1.6,0,1.6,3.5,1,1.6,0
96,103,1,7,0.2,0.8,0.2,0.5,1.4,0.1,1,2.1,0.3,0.4,0
97,103,1,6,0.2,0.4,0.5,0.9,1.2,0.2,0.6,1.2,0.4,0.4,0
98,103,1,5,0.2,0.3,0.4,0.8,1,0.2,0.5,1,0.3,0.3,0
99,103,1,3,0.1,0.2,0.3,0.4,0.6,0.1,0.3,0.6,0.2,0.2,0
100,103,1,2,0.1,0.1,0.2,0.3,0.4,0.1,0.2,0.4,0.1,0.1,0
103,103,1,1,0.1,0.1,0,0.2,0.1,0.1,0.1,0.1,0.1,0.1,0
105,103,1,6,0.5,0.8,0.3,0.9,0.8,0.4,0.5,0.7,0.8,0.3,0
3,104,1,6,0,0.4,0.2,0.8,0.4,0.2,1.9,1.1,0.6,0.4,0
5,104,1,3,0,0.2,0.1,0.4,0.2,0.1,0.9,0.6,0.3,0.2,0
13,104,1,3,0,0.4,0.2,0.3,0.6,0.1,0.4,0.6,0.2,0.2,0
14,104,1,1,0,0.1,0.1,0.1,0.2,0,0.1,0.2,0.1,0.1,0
15,104,1,16,0,2.3,1.3,1.7,2.9,0.4,2.1,3.4,1.1,0.8,0
24,104,1,5,0.6,0.5,0.5,0.9,0.7,0.2,0.4,0.3,0,0.9,0
25,104,1,6,0.7,0.6,0.6,1.1,0.9,0.2,0.4,0.3,0.1,1.1,0
31,104,1,2,0.1,0.1,0.2,0.2,0.6,0.1,0.4,0.2,0,0.1,0
43,104,1,6,0.3,0.6,0.6,1.5,1.2,0.1,0.6,0.3,0.8,0,0
46,104,1,4,0.2,0.4,0.4,1,0.8,0.1,0.4,0.2,0.5,0,0
47,104,1,9,0.2,1.3,1.1,0.9,2,0.6,0.7,0.7,0.4,1.1,0
48,104,1,3,0.1,0.4,0.4,0.3,0.7,0.2,0.2,0.2,0.1,0.4,0
58,104,1,8,0.9,0.6,0.5,1.6,1.2,0.1,0.5,1.3,0.4,0.9,0
59,104,0,29.5,1,2.5,0,3,4,1,5,10,1,2,0
60,104,1,9,1,0.7,0.6,1.8,1.3,0.1,0.6,1.4,0.5,1,0
61,104,1,14.5,1.6,1.1,1,2.9,2.1,0.1,1,2.3,0.8,1.6,0
62,104,1,6,0.3,0.8,0.4,0.7,1.1,0.1,0.8,1.2,0.4,0.2,0
63,104,1,7,0.4,0.9,0.5,0.8,1.3,0.1,0.9,1.4,0.5,0.2,0
67,104,1,5,0.3,0.6,0.4,0.5,0.9,0.1,0.6,1,0.4,0.2,0
68,104,1,1,0.1,0.1,0.1,0.1,0.2,0,0.1,0.2,0.1,0,0
73,104,1,5,0.2,0.6,0.2,0.7,1,0.2,0.8,0.6,0.6,0.1,0
75,104,1,5,0.2,0.6,0.2,0.7,1,0.2,0.8,0.6,0.6,0.1,0
81,104,1,4,0.1,0.2,0.2,0.6,0.8,0.1,0.3,0.7,0.3,0.7,0
83,104,1,4,0.3,0,0.3,0.8,0.6,0,0.9,0.6,0.3,0.2,0
84,104,1,4,0.3,0,0.3,0.8,0.6,0,0.9,0.6,0.3,0.2,0
86,104,1,2,0.1,0,0.2,0.4,0.3,0,0.5,0.3,0.1,0.1,0
90,104,1,2,0.1,0.1,0,0.3,0.3,0,0.4,0.3,0.1,0.4,0
93,104,1,10,0,1.1,1.4,0.9,2.1,0,2.1,1.2,0.7,0.5,0
94,104,1,7,0,0.7,1,0.6,1.5,0,1.5,0.8,0.5,0.4,0
95,104,1,1,0,0.1,0.1,0.1,0.2,0,0.2,0.1,0.1,0.1,0
97,104,1,3,0,0,0.1,0.3,0.3,0.2,1,0.8,0.1,0.2,0
100,104,1,1,0,0,0,0.1,0.1,0.1,0.3,0.3,0,0.1,0
101,104,1,2,0,0,0.1,0.2,0.2,0.1,0.6,0.6,0.1,0.1,0
110,104,1,2,0,0.1,0.3,0.1,0.8,0,0.1,0.4,0.1,0.1,0
114,104,1,3,0.1,0.1,0.1,0.4,0.4,0.1,0.6,0.7,0.2,0.3,0
118,104,1,1,0,0.1,0.1,0.1,0.3,0,0.2,0.2,0,0,0
119,104,1,2,0.1,0.2,0.2,0.3,0.5,0,0.3,0.3,0.1,0,0
120,104,1,1,0,0.1,0.1,0.1,0.3,0,0.2,0.2,0,0,0
122,104,1,4,0,0,0,0.6,0.3,0,1.4,1.2,0.1,0.4,0
8,105,1,2,0,0,0,0.2,0.8,0,0.1,0.8,0,0.1,0
11,105,1,1,0,0,0,0.1,0.4,0,0,0.4,0,0.1,0
12,105,1,7,0,1,0.5,0.7,1.3,0.2,0.9,1.5,0.5,0.4,0
13,105,1,4,0,0.6,0.3,0.4,0.7,0.1,0.5,0.9,0.3,0.2,0
15,105,1,1,0,0.1,0.1,0.1,0.2,0,0.1,0.2,0.1,0.1,0
24,105,1,16.5,1.9,1.5,1.5,3.1,2.5,0.6,1.2,0.9,0.2,3.1,0
26,105,1,4,0.5,0.4,0.4,0.7,0.6,0.2,0.3,0.2,0,0.7,0
34,105,1,2,0.1,0.1,0,0.4,0.2,0,0.4,0.4,0.2,0.2,0
37,105,1,4,0.2,0.2,0,0.8,0.4,0,0.8,0.7,0.4,0.5,0
44,105,1,4,0.2,0.4,0.4,1,0.8,0.1,0.4,0.2,0.5,0,0
45,105,1,16,0.8,1.7,1.6,3.9,3.1,0.4,1.6,0.8,2.1,0,0
46,105,1,7,0.3,0.8,0.7,1.7,1.4,0.2,0.7,0.3,0.9,0,0
47,105,1,6,0.1,0.9,0.7,0.6,1.4,0.4,0.5,0.5,0.2,0.7,0
52,105,1,2,0,0.1,0.1,0.2,0.4,0,0.4,0.5,0.1,0.2,0
55,105,1,3,0,0.2,0.1,0.2,0.6,0.1,0.6,0.8,0.1,0.3,0
57,105,1,9,1,0.7,0.6,1.8,1.3,0.1,0.6,1.4,0.5,1,0
58,105,0,31,1,6,3,2,11,1,4,0,3,0,0
59,105,1,28,3,2.2,1.9,5.5,4.2,0.3,1.9,4.4,1.5,3.1,0
62,105,1,1,0.1,0.1,0.1,0.1,0.2,0,0.1,0.2,0.1,0,0
63,105,1,1,0.1,0.1,0.1,0.1,0.2,0,0.1,0.2,0.1,0,0
64,105,1,8,0.4,1,0.6,0.9,1.5,0.1,1,1.6,0.6,0.3,0
66,105,1,4,0.2,0.5,0.3,0.4,0.7,0.1,0.5,0.8,0.3,0.2,0
68,105,1,1,0.1,0.1,0.1,0.1,0.2,0,0.1,0.2,0.1,0,0
73,105,1,11,0.4,1.3,0.5,1.6,2.1,0.5,1.6,1.4,1.3,0.3,0
74,105,1,14,0.5,1.6,0.7,2.1,2.7,0.6,2.1,1.8,1.6,0.3,0
75,105,1,7,0.2,0.8,0.3,1,1.4,0.3,1.1,0.9,0.8,0.2,0
81,105,1,7,0.1,0.4,0.4,1,1.4,0.1,0.6,1.3,0.6,1.1,0
83,105,1,1,0.1,0,0.1,0.2,0.1,0,0.2,0.2,0.1,0,0
86,105,1,2,0.1,0,0.2,0.4,0.3,0,0.5,0.3,0.1,0.1,0
96,105,1,1,0,0.1,0.1,0.1,0.2,0,0.2,0.1,0.1,0.1,0
97,105,1,8,0,0,0.3,0.8,0.8,0.5,2.5,2.2,0.3,0.6,0
100,105,1,1,0,0,0,0.1,0.1,0.1,0.3,0.3,0,0.1,0
103,105,1,3,0.1,0.2,0.4,0.2,1.2,0,0.2,0.5,0.1,0.1,0
105,105,1,5,0.1,0.3,0.8,0.3,2,0,0.3,0.9,0.1,0.2,0
115,105,1,2,0,0.1,0.1,0.2,0.3,0.1,0.4,0.4,0.2,0.2,0
117,105,1,6,0.3,0.5,0.5,0.8,1.5,0.1,0.9,1,0.2,0.2,0
118,105,1,1,0,0.1,0.1,0.1,0.3,0,0.2,0.2,0,0,0
119,105,1,14,0.6,1.2,1.2,1.8,3.5,0.2,2.1,2.5,0.5,0.4,0
120,105,1,10,0.4,0.9,0.9,1.3,2.5,0.1,1.5,1.7,0.4,0.3,0
122,105,1,5,0,0,0,0.7,0.3,0,1.7,1.6,0.2,0.5,0
0,106,1,2,0.1,0.1,0,0.2,0.2,0,0.7,0.6,0,0.1,0
1,106,1,10,0.7,0.4,0,0.9,1.1,0.2,3.3,3,0.2,0.2,0
2,106,1,3,0,0.2,0.1,0.4,0.2,0.1,0.9,0.6,0.3,0.2,0
3,106,1,2,0,0.1,0.1,0.3,0.1,0.1,0.6,0.4,0.2,0.1,0
6,106,1,5,0,0.3,0.2,0.6,0.3,0.2,1.6,1,0.5,0.3,0
7,106,1,1,0,0,0,0.1,0.4,0,0,0.4,0,0.1,0
9,106,1,2,0,0,0,0.2,0.8,0,0.1,0.8,0,0.1,0
20,106,1,1,0,0.1,0,0.2,0.4,0,0.1,0,0.1,0.1,0
23,106,1,7,0.8,0.6,0.7,1.3,1,0.3,0.5,0.4,0.1,1.3,0
24,106,1,2,0.2,0.2,0.2,0.4,0.3,0.1,0.1,0.1,0,0.4,0
25,106,1,4,0.5,0.4,0.4,0.7,0.6,0.2,0.3,0.2,0,0.7,0
36,106,1,3,0.1,0.1,0,0.6,0.3,0,0.6,0.6,0.3,0.4,0
39,106,1,1,0,0.1,0,0.2,0.1,0,0.2,0.2,0.1,0.1,0
40,106,1,1,0,0.1,0,0.2,0.1,0,0.2,0.2,0.1,0.1,0
41,106,1,1,0,0.1,0,0.2,0.1,0,0.2,0.2,0.1,0.1,0
44,106,1,1,0.1,0.1,0.1,0.2,0.2,0,0.1,0.1,0.1,0,0
48,106,1,10,0.2,1.5,1.2,1,2.3,0.6,0.8,0.8,0.4,1.2,0
49,106,1,7,0.1,1,0.8,0.7,1.6,0.4,0.6,0.6,0.3,0.9,0
51,106,1,5,0.1,0.7,0.6,0.5,1.2,0.3,0.4,0.4,0.2,0.6,0
52,106,1,2,0,0.1,0.1,0.2,0.4,0,0.4,0.5,0.1,0.2,0
56,106,1,16.5,0,1.1,0.3,1.3,3.5,0.3,3.5,4.2,0.7,1.6,0
57,106,0,34,3,5,3,4,3,0,4,8,2,2,0
58,106,1,13,1.4,1,0.9,2.6,1.9,0.1,0.9,2.1,0.7,1.4,0
59,106,1,3,0.3,0.2,0.2,0.6,0.5,0,0.2,0.5,0.2,0.3,0
63,106,1,2,0.1,0.3,0.1,0.2,0.4,0,0.3,0.4,0.1,0.1,0
67,106,1,6,0.3,0.8,0.4,0.7,1.1,0.1,0.8,1.2,0.4,0.2,0
69,106,1,5,0.3,0.6,0.4,0.5,0.9,0.1,0.6,1,0.4,0.2,0
72,106,1,7,0.2,0.8,0.3,1,1.4,0.3,1.1,0.9,0.8,0.2,0
73,106,1,17,0.6,2,0.8,2.5,3.3,0.8,2.5,2.1,2,0.4,0
75,106,1,5,0.2,0.6,0.2,0.7,1,0.2,0.8,0.6,0.6,0.1,0
76,106,1,7,0.2,0.8,0.3,1,1.4,0.3,1.1,0.9,0.8,0.2,0
79,106,1,6,0.1,0.3,0.4,0.8,1.2,0.1,0.5,1.1,0.5,1,0
80,106,1,3.5,0.1,0.2,0.2,0.5,0.7,0.1,0.3,0.6,0.3,0.5,0
81,106,1,2,0,0.1,0.1,0.3,0.4,0,0.2,0.4,0.2,0.3,0
82,106,1,2,0.1,0,0.2,0.4,0.3,0,0.5,0.3,0.1,0.1,0
84,106,1,4,0.3,0,0.3,0.8,0.6,0,0.9,0.6,0.3,0.2,0
85,106,1,1,0.1,0,0.1,0.2,0.1,0,0.2,0.2,0.1,0,0
86,106,1,6,0.5,0,0.5,1.1,0.9,0,1.4,0.9,0.5,0.2,0
89,106,1,4,0.2,0.2,0,0.6,0.6,0,0.9,0.6,0.2,0.7,0
96,106,1,2,0,0.2,0.3,0.2,0.4,0,0.4,0.3,0.1,0.1,0
99,106,1,8,0,0,0.3,0.8,0.8,0.5,2.5,2.2,0.3,0.6,0
101,106,1,3,0,0,0.1,0.3,0.3,0.2,1,0.8,0.1,0.2,0
107,106,1,1,0,0.1,0.1,0.1,0.4,0,0.1,0.2,0,0,0
114,106,1,8,0.2,0.3,0.3,1,1.1,0.3,1.5,1.8,0.7,0.8,0
116,106,1,8,0.2,0.3,0.3,1,1.1,0.3,1.5,1.8,0.7,0.8,0
117,106,1,19.5,0.9,1.7,1.7,2.6,4.8,0.3,2.8,3.4,0.7,0.6,0
118,106,1,13,0.6,1.1,1.1,1.7,3.2,0.2,1.9,2.3,0.5,0.4,0
120,106,1,1,0,0.1,0.1,0.1,0.3,0,0.2,0.2,0,0,0
125,106,1,5,0,0,0,0.7,0.3,0,1.7,1.6,0.2,0.5,0
1,107,1,1,0.1,0.1,0,0.1,0.1,0,0.3,0.3,0,0,0
16,107,1,6,0,0.9,0.5,0.6,1.1,0.1,0.8,1.3,0.4,0.3,0
17,107,1,2,0.1,0.2,0,0.4,0.7,0,0.2,0.1,0.2,0.1,0
20,107,1,4,0.2,0.3,0,0.8,1.5,0,0.5,0.2,0.3,0.2,0
21,107,1,4,0.2,0.3,0,0.8,1.5,0,0.5,0.2,0.3,0.2,0
27,107,1,1,0,0.1,0.1,0.1,0.3,0,0.2,0.1,0,0.1,0
30,107,1,2,0.1,0.1,0.2,0.2,0.6,0.1,0.4,0.2,0,0.1,0
35,107,1,3,0.1,0.1,0,0.6,0.3,0,0.6,0.6,0.3,0.4,0
49,107,1,5,0.1,0.7,0.6,0.5,1.2,0.3,0.4,0.4,0.2,0.6,0
52,107,1,4,0,0.3,0.1,0.3,0.8,0.1,0.8,1,0.2,0.4,0
55,107,1,3,0,0.2,0.1,0.2,0.6,0.1,0.6,0.8,0.1,0.3,0
56,107,1,9,0,0.6,0.2,0.7,1.9,0.2,1.9,2.3,0.3,0.9,0
57,107,1,11,1.2,0.9,0.7,2.2,1.6,0.1,0.8,1.7,0.6,1.2,0
59,107,1,3,0.3,0.2,0.2,0.6,0.5,0,0.2,0.5,0.2,0.3,0
61,107,1,1,0.1,0.1,0.1,0.2,0.1,0,0.1,0.2,0,0.1,0
65,107,1,4,0.2,0.5,0.3,0.4,0.7,0.1,0.5,0.8,0.3,0.2,0
69,107,1,2,0.1,0.3,0.1,0.2,0.4,0,0.3,0.4,0.1,0.1,0
70,107,1,1,0.1,0.1,0.1,0.1,0.2,0,0.1,0.2,0.1,0,0
73,107,1,5,0.2,0.6,0.2,0.7,1,0.2,0.8,0.6,0.6,0.1,0
79,107,1,2,0,0.1,0.1,0.3,0.4,0,0.2,0.4,0.2,0.3,0
87,107,1,2,0.1,0.1,0,0.3,0.3,0,0.4,0.3,0.1,0.4,0
89,107,1,2,0.1,0.1,0,0.3,0.3,0,0.4,0.3,0.1,0.4,0
90,107,1,1,0.1,0.1,0,0.1,0.1,0,0.2,0.1,0.1,0.2,0
96,107,1,3,0,0.3,0.4,0.3,0.6,0,0.6,0.4,0.2,0.2,0
97,107,1,1,0,0,0,0.1,0.1,0.1,0.3,0.3,0,0.1,0
114,107,1,4,0.1,0.2,0.2,0.5,0.6,0.1,0.7,0.9,0.3,0.4,0
115,107,1,10,0.2,0.4,0.4,1.2,1.4,0.4,1.9,2.3,0.8,1,0
116,107,1,3,0.1,0.1,0.1,0.4,0.4,0.1,0.6,0.7,0.2,0.3,0
125,107,1,6,0,0,0,0.8,0.4,0,2.1,1.9,0.2,0.6,0
126,107,1,1,0,0,0,0.1,0.1,0,0.4,0.3,0,0.1,0
127,107,1,6,0,0.6,0,1.2,0.6,0.3,0.6,1.9,0,0.8,0
2,108,1,1,0,0.1,0,0.1,0.1,0,0.3,0.2,0.1,0.1,0
3,108,1,3,0,0.2,0.1,0.4,0.2,0.1,0.9,0.6,0.3,0.2,0
5,108,1,8,0,0.5,0.3,1,0.5,0.3,2.6,1.5,0.8,0.5,0
17,108,1,1,0,0.1,0,0.2,0.4,0,0.1,0,0.1,0.1,0
18,108,1,4,0.2,0.3,0,0.8,1.5,0,0.5,0.2,0.3,0.2,0
19,108,1,8,0.3,0.7,0,1.7,3,0,1,0.3,0.7,0.3,0
22,108,1,5,0.6,0.5,0.5,0.9,0.7,0.2,0.4,0.3,0,0.9,0
26,108,1,4,0.5,0.4,0.4,0.7,0.6,0.2,0.3,0.2,0,0.7,0
31,108,1,2,0.1,0.1,0.2,0.2,0.6,0.1,0.4,0.2,0,0.1,0
41,108,1,1,0,0.1,0,0.2,0.1,0,0.2,0.2,0.1,0.1,0
42,108,1,1,0.1,0.1,0.1,0.2,0.2,0,0.1,0.1,0.1,0,0
43,108,1,2,0.1,0.2,0.2,0.5,0.4,0,0.2,0.1,0.3,0,0
49,108,1,2,0,0.3,0.2,0.2,0.5,0.1,0.2,0.2,0.1,0.2,0
50,108,1,2,0,0.3,0.2,0.2,0.5,0.1,0.2,0.2,0.1,0.2,0
53,108,1,2,0,0.1,0.1,0.2,0.4,0,0.4,0.5,0.1,0.2,0
54,108,1,6,0,0.4,0.1,0.5,1.3,0.1,1.3,1.5,0.2,0.6,0
55,108,1,2,0,0.1,0.1,0.2,0.4,0,0.4,0.5,0.1,0.2,0
56,108,1,2,0,0.1,0.1,0.2,0.4,0,0.4,0.5,0.1,0.2,0
57,108,1,1,0.1,0.1,0.1,0.2,0.1,0,0.1,0.2,0,0.1,0
58,108,1,1,0.1,0.1,0.1,0.2,0.1,0,0.1,0.2,0,0.1,0
74,108,1,4,0.1,0.5,0.2,0.6,0.8,0.2,0.6,0.5,0.4,0.1,0
88,108,1,5,0.2,0.3,0,0.7,0.7,0,1.2,0.7,0.2,1,0
89,108,1,5,0.2,0.3,0,0.7,0.7,0,1.2,0.7,0.2,1,0
101,108,1,2,0,0,0.1,0.2,0.2,0.1,0.6,0.6,0.1,0.1,0
103,108,1,4,0.1,0.2,0.6,0.3,1.6,0,0.3,0.7,0.1,0.1,0
104,108,1,5,0.1,0.3,0.8,0.3,2,0,0.3,0.9,0.1,0.2,0
105,108,1,1,0,0.1,0.1,0.1,0.4,0,0.1,0.2,0,0,0
111,108,1,4,0.1,0.2,0.6,0.3,1.6,0,0.3,0.7,0.1,0.1,0
115,108,1,11,0.2,0.5,0.5,1.3,1.6,0.4,2,2.5,0.9,1.1,0
124,108,1,2,0,0,0,0.3,0.1,0,0.7,0.6,0.1,0.2,0
125,108,1,6,0,0,0,0.8,0.4,0,2.1,1.9,0.2,0.6,0
127,108,1,4,0,0.4,0,0.8,0.4,0.2,0.4,1.3,0,0.5,0
0,109,1,3,0.1,0.2,0.3,0.3,0.7,0.1,0.4,0.5,0.2,0.2,0
3,109,1,2,0.1,0.2,0.1,0.3,0.3,0,0.3,0.5,0.1,0.1,0
4,109,1,2,0.1,0.2,0.1,0.3,0.3,0,0.3,0.5,0.1,0.1,0
11,109,1,2,0,0,0,0.2,0.8,0,0.1,0.8,0,0.1,0
12,109,1,1,0,0.1,0.1,0.1,0.3,0,0.1,0.2,0.1,0,0
14,109,1,4,0.1,0.5,0.4,0.3,1,0,0.6,0.7,0.3,0.1,0
15,109,1,1,0,0.1,0.1,0.1,0.3,0,0.1,0.2,0.1,0,0
16,109,1,1,0,0.1,0.1,0.1,0.3,0,0.1,0.2,0.1,0,0
18,109,1,4,0.1,0.5,0.4,0.3,1,0,0.6,0.7,0.3,0.1,0
19,109,1,1,0,0.1,0.1,0.1,0.3,0,0.1,0.2,0.1,0,0
23,109,1,6,0.2,0.2,0.5,0.6,1.9,0.2,1.3,0.7,0,0.4,0
39,109,1,1,0,0.1,0,0.2,0.1,0,0.2,0.2,0.1,0.1,0
40,109,1,2,0.1,0.1,0,0.4,0.2,0,0.4,0.4,0.2,0.2,0
41,109,1,2,0.1,0.1,0,0.4,0.2,0,0.4,0.4,0.2,0.2,0
53,109,1,4,0.1,0.5,0.2,0.6,0.7,0.1,0.3,0.8,0.5,0.2,0
54,109,1,6,0.2,0.7,0.3,1,1,0.1,0.5,1.2,0.7,0.3,0
55,109,1,2,0.1,0.3,0.1,0.3,0.3,0,0.2,0.4,0.2,0.1,0
57,109,1,6,0.2,0.5,0.6,1.2,1,0,0.7,1.2,0.3,0.3,0
58,109,1,5,0.2,0.4,0.5,1,0.8,0,0.6,1.1,0.2,0.2,0
62,109,1,3,0.1,0.2,0.3,0.3,1,0,0.4,0.5,0,0.2,0
63,109,1,3,0.1,0.2,0.3,0.3,1,0,0.4,0.5,0,0.2,0
66,109,1,2,0.1,0.1,0.2,0.2,0.7,0,0.3,0.3,0,0.1,0
71,109,1,1,0.1,0.1,0.1,0.1,0.2,0,0.1,0.2,0.1,0,0
84,109,1,13,0,1.9,1.3,1.5,3.3,0.4,1,1.5,1.5,0.6,0
85,109,1,12,0,1.7,1.2,1.3,3.1,0.4,1,1.4,1.3,0.6,0
87,109,1,2,0.1,0.2,0.1,0.3,0.6,0.1,0.2,0.3,0.1,0,0
88,109,1,2,0.1,0.2,0.1,0.3,0.6,0.1,0.2,0.3,0.1,0,0
91,109,1,3,0.2,0.3,0.2,0.4,0.8,0.1,0.3,0.5,0.2,0,0
101,109,1,3,0,0.3,0.4,0.3,0.6,0,0.6,0.4,0.2,0.2,0
102,109,1,4,0.1,0.4,0.7,0.2,1.1,0,0.8,0.2,0.3,0.2,0
114,109,1,5,0.2,0.5,0.1,0.8,1.1,0.2,0.5,1,0.5,0.1,0
115,109,1,1,0,0.1,0,0.2,0.2,0.1,0.1,0.2,0.1,0,0
116,109,1,1,0,0.1,0,0.2,0.2,0.1,0.1,0.2,0.1,0,0
120,109,1,2,0.1,0.2,0,0.3,0.5,0.1,0.2,0.4,0.2,0,0
124,109,1,2,0,0.2,0,0.4,0.2,0.1,0.2,0.6,0,0.3,0
1,110,1,1,0,0.1,0.1,0.1,0.2,0,0.1,0.2,0.1,0.1,0
5,110,1,1,0,0.1,0.1,0.2,0.2,0,0.1,0.2,0,0.1,0
14,110,1,15,0.3,1.9,1.6,1.2,3.8,0,2.2,2.5,1.2,0.3,0
15,110,1,2,0,0.3,0.2,0.2,0.5,0,0.3,0.3,0.2,0,0
22,110,1,2,0.1,0.1,0.2,0.2,0.6,0.1,0.4,0.2,0,0.1,0
28,110,1,5,0.1,0.2,0.5,0.5,1.6,0.1,1.1,0.6,0,0.3,0
44,110,1,4,0.3,0.3,0.2,0.8,0.6,0.2,0.7,0.3,0.4,0.2,0
53,110,1,4,0.1,0.5,0.2,0.6,0.7,0.1,0.3,0.8,0.5,0.2,0
54,110,1,4,0.1,0.5,0.2,0.6,0.7,0.1,0.3,0.8,0.5,0.2,0
56,110,1,3,0.1,0.4,0.2,0.5,0.5,0,0.2,0.6,0.3,0.2,0
58,110,1,1.5,0.1,0.1,0.1,0.3,0.2,0,0.2,0.3,0.1,0.1,0
60,110,1,4,0.2,0.3,0.4,0.8,0.6,0,0.5,0.8,0.2,0.2,0
64,110,1,1,0,0.1,0.1,0.1,0.3,0,0.1,0.2,0,0.1,0
66,110,1,1,0,0.1,0.1,0.1,0.3,0,0.1,0.2,0,0.1,0
76,110,1,1,0,0,0.1,0.1,0.2,0,0.1,0.2,0.1,0.2,0
82,110,1,7,0,1,0.7,0.8,1.8,0.2,0.6,0.8,0.8,0.3,0
83,110,1,4,0,0.6,0.4,0.5,1,0.1,0.3,0.5,0.4,0.2,0
84,110,1,2,0,0.3,0.2,0.2,0.5,0.1,0.2,0.2,0.2,0.1,0
88,110,1,3,0.2,0.3,0.2,0.4,0.8,0.1,0.3,0.5,0.2,0,0
89,110,1,3,0.2,0.3,0.2,0.4,0.8,0.1,0.3,0.5,0.2,0,0
91,110,1,11,0.7,1.2,0.7,1.4,3,0.3,1.2,1.8,0.6,0,0.1
92,110,1,11,0.4,0,1,1.4,1.7,0,2.4,3.1,0,1,0
93,110,1,3,0.1,0,0.3,0.4,0.5,0,0.6,0.8,0,0.3,0
94,110,1,3,0.1,0,0.3,0.4,0.5,0,0.6,0.8,0,0.3,0
95,110,1,1,0,0,0.1,0.1,0.2,0,0.2,0.3,0,0.1,0
96,110,1,1,0,0,0.1,0.1,0.2,0,0.2,0.3,0,0.1,0
97,110,1,4,0,0.4,0.6,0.4,0.8,0,0.8,0.5,0.3,0.2,0
101,110,1,9,0,0.9,1.3,0.8,1.9,0,1.9,1.1,0.6,0.5,0
102,110,1,5,0.1,0.5,0.8,0.3,1.4,0,1,0.3,0.4,0.2,0
106,110,1,2,0.1,0.2,0.3,0.1,0.5,0,0.4,0.1,0.2,0.1,0
109,110,1,1,0,0.1,0.1,0.1,0.4,0,0.1,0.2,0,0,0
112,110,1,9,0.3,0.9,0.2,1.5,2,0.3,0.9,1.9,0.8,0.2,0
113,110,1,4,0.1,0.4,0.1,0.7,0.9,0.1,0.4,0.8,0.4,0.1,0
119,110,1,1,0,0.1,0,0.2,0.2,0.1,0.1,0.2,0.1,0,0
120,110,1,5,0.2,0.5,0.1,0.8,1.1,0.2,0.5,1,0.5,0.1,0
2,111,1,7,0.3,0.6,0.5,1.1,1.1,0.1,0.9,1.6,0.3,0.5,0
3,111,1,10,0.4,0.9,0.8,1.5,1.5,0.2,1.3,2.3,0.4,0.7,0
4,111,1,3,0.1,0.3,0.2,0.4,0.5,0.1,0.4,0.7,0.1,0.2,0
5,111,1,11,0.5,1,0.8,1.7,1.7,0.2,1.4,2.5,0.5,0.7,0
16,111,1,4,0.1,0.5,0.4,0.3,1,0,0.6,0.7,0.3,0.1,0
17,111,1,1,0,0.1,0.1,0.1,0.3,0,0.1,0.2,0.1,0,0
20,111,1,4,0.1,0.5,0.4,0.3,1,0,0.6,0.7,0.3,0.1,0
26,111,1,2,0.1,0.1,0.2,0.2,0.6,0.1,0.4,0.2,0,0.1,0
31,111,1,2,0.1,0.1,0.2,0.2,0.6,0.1,0.4,0.2,0,0.1,0
38,111,1,3,0.1,0.1,0,0.6,0.3,0,0.6,0.6,0.3,0.4,0
41,111,1,5,0.2,0.2,0,1,0.5,0,1.1,0.9,0.5,0.6,0
44,111,1,4,0.3,0.3,0.2,0.8,0.6,0.2,0.7,0.3,0.4,0.2,0
48,111,1,2,0.2,0.1,0.1,0.4,0.3,0.1,0.3,0.2,0.2,0.1,0
51,111,1,10,0.8,0.7,0.4,2.1,1.5,0.6,1.7,0.8,1,0.4,0
53,111,1,6,0.2,0.7,0.3,1,1,0.1,0.5,1.2,0.7,0.3,0
54,111,1,7,0.2,0.9,0.4,1.1,1.2,0.2,0.5,1.3,0.8,0.4,0
57,111,1,2,0.1,0.2,0.2,0.4,0.3,0,0.2,0.4,0.1,0.1,0
62,111,1,8,0.2,0.4,0.9,0.7,2.7,0,1.1,1.4,0.1,0.5,0
63,111,1,3.5,0.1,0.2,0.4,0.3,1.2,0,0.5,0.6,0,0.2,0
65,111,1,4,0.1,0.2,0.4,0.3,1.4,0,0.6,0.7,0.1,0.2,0
73,111,1,5,0.1,0.3,0.3,0.7,1,0.1,0.4,0.9,0.4,0.8,0
76,111,1,4,0.1,0.2,0.2,0.6,0.8,0.1,0.3,0.7,0.3,0.7,0
78,111,1,1,0.1,0.1,0.1,0.1,0.2,0,0.2,0.1,0.1,0,0
79,111,1,16,1,2,1.4,2.1,3.8,0.3,2.4,1.7,1,0.3,0
81,111,1,12,0.8,1.5,1,1.5,2.8,0.2,1.8,1.3,0.8,0.3,0
84,111,1,2,0,0.3,0.2,0.2,0.5,0.1,0.2,0.2,0.2,0.1,0
85,111,1,6,0,0.8,0.6,0.7,1.5,0.2,0.5,0.7,0.7,0.3,0
86,111,1,2,0,0.3,0.2,0.2,0.5,0.1,0.2,0.2,0.2,0.1,0
87,111,1,4,0.3,0.4,0.3,0.5,1.1,0.1,0.4,0.7,0.2,0,0
88,111,1,6,0.4,0.7,0.4,0.7,1.6,0.1,0.7,1,0.3,0,0.1
89,111,1,7,0.5,0.8,0.5,0.8,1.9,0.1,0.8,1.1,0.4,0,0.1
90,111,1,16,1,1.8,1.1,1.9,4.4,0.3,1.8,2.6,0.9,0,0.2
91,111,1,3,0.2,0.3,0.2,0.4,0.8,0.1,0.3,0.5,0.2,0,0
93,111,1,5,0.1,0,0.5,0.6,0.8,0,1.1,1.4,0,0.5,0
94,111,1,1,0,0,0.1,0.1,0.2,0,0.2,0.3,0,0.1,0
95,111,1,2,0.1,0,0.2,0.2,0.3,0,0.4,0.6,0,0.2,0
100,111,1,12,0,1.3,1.7,1.1,2.5,0,2.5,1.5,0.8,0.6,0
101,111,1,5,0,0.5,0.7,0.4,1.1,0,1.1,0.6,0.3,0.3,0
102,111,1,10,0.2,1,1.6,0.6,2.7,0,2.1,0.6,0.8,0.4,0
103,111,1,7,0.2,0.7,1.1,0.4,1.9,0,1.4,0.4,0.6,0.3,0
104,111,1,5,0.1,0.5,0.8,0.3,1.4,0,1,0.3,0.4,0.2,0
105,111,1,4,0.1,0.4,0.7,0.2,1.1,0,0.8,0.2,0.3,0.2,0
112,111,1,2,0.1,0.2,0,0.3,0.5,0.1,0.2,0.4,0.2,0,0
118,111,1,5,0.2,0.5,0.1,0.8,1.1,0.2,0.5,1,0.5,0.1,0
126,111,1,3.5,0,0.3,0,0.7,0.3,0.2,0.3,1.2,0,0.5,0
0,112,1,2,0.1,0.1,0.2,0.2,0.5,0.1,0.2,0.4,0.1,0.1,0
4,112,1,2,0.1,0.2,0.1,0.3,0.3,0,0.3,0.5,0.1,0.1,0
5,112,1,13,0.5,1.1,1,2,2,0.3,1.7,3,0.6,0.8,0
6,112,1,22,1,1.9,1.7,3.3,3.3,0.5,2.9,5,1,1.4,0
7,112,1,5,0,0,0,0.6,1.9,0,0.3,1.9,0,0.3,0
17,112,1,5,0.1,0.6,0.5,0.4,1.3,0,0.7,0.9,0.4,0.1,0
29,112,1,3,0.1,0.1,0.3,0.3,0.9,0.1,0.6,0.4,0,0.2,0
30,112,1,1,0,0.1,0.1,0.1,0.3,0,0.2,0.1,0,0.1,0
31,112,1,4,0.1,0.1,0.4,0.4,1.2,0.1,0.9,0.5,0,0.3,0
37,112,1,5,0.2,0.2,0,1,0.5,0,1.1,0.9,0.5,0.6,0
42,112,1,3.5,0.3,0.2,0.1,0.8,0.6,0.2,0.6,0.3,0.3,0.1,0
43,112,1,3,0.2,0.2,0.1,0.7,0.5,0.2,0.5,0.2,0.3,0.1,0
49,112,1,4,0.3,0.3,0.2,0.8,0.6,0.2,0.7,0.3,0.4,0.2,0
50,112,1,2,0.2,0.1,0.1,0.4,0.3,0.1,0.3,0.2,0.2,0.1,0
53,112,1,14,0.5,1.7,0.8,2.2,2.3,0.3,1.1,2.7,1.6,0.8,0
54,112,1,2,0.1,0.3,0.1,0.3,0.3,0,0.2,0.4,0.2,0.1,0
55,112,1,2,0.1,0.3,0.1,0.3,0.3,0,0.2,0.4,0.2,0.1,0
56,112,1,3,0.1,0.4,0.2,0.5,0.5,0,0.2,0.6,0.3,0.2,0
59,112,1,2,0.1,0.2,0.2,0.4,0.3,0,0.2,0.4,0.1,0.1,0
61,112,1,2,0.1,0.2,0.2,0.4,0.3,0,0.2,0.4,0.1,0.1,0
62,112,1,5,0.1,0.3,0.6,0.4,1.7,0,0.7,0.8,0.1,0.3,0
65,112,1,3,0.1,0.2,0.3,0.3,1,0,0.4,0.5,0,0.2,0
72,112,1,3,0.1,0.2,0.2,0.4,0.6,0.1,0.2,0.5,0.2,0.5,0
75,112,1,4,0.1,0.2,0.2,0.6,0.8,0.1,0.3,0.7,0.3,0.7,0
76,112,1,2,0,0.1,0.1,0.3,0.4,0,0.2,0.4,0.2,0.3,0
77,112,1,11,0.7,1.4,0.9,1.4,2.6,0.2,1.7,1.2,0.7,0.2,0
81,112,1,4,0.3,0.5,0.3,0.5,0.9,0.1,0.6,0.4,0.3,0.1,0
83,112,1,6,0,0.8,0.6,0.7,1.5,0.2,0.5,0.7,0.7,0.3,0
85,112,1,2,0,0.3,0.2,0.2,0.5,0.1,0.2,0.2,0.2,0.1,0
89,112,1,4,0.3,0.4,0.3,0.5,1.1,0.1,0.4,0.7,0.2,0,0
90,112,0,46,3,4,7,10,10,0,2,6,0,4,0
95,112,1,1,0,0,0.1,0.1,0.2,0,0.2,0.3,0,0.1,0
96,112,1,3,0.1,0,0.3,0.4,0.5,0,0.6,0.8,0,0.3,0
102,112,1,4,0.1,0.4,0.7,0.2,1.1,0,0.8,0.2,0.3,0.2,0
103,112,1,1,0,0.1,0.2,0,0.3,0,0.2,0.1,0.1,0,0
106,112,1,1,0,0.1,0.2,0,0.3,0,0.2,0.1,0.1,0,0
107,112,1,1,0,0.1,0.1,0.1,0.4,0,0.1,0.2,0,0,0
113,112,1,4,0.1,0.4,0.1,0.7,0.9,0.1,0.4,0.8,0.4,0.1,0
115,112,1,1,0,0.1,0,0.2,0.2,0.1,0.1,0.2,0.1,0,0
117,112,1,4,0.1,0.4,0.1,0.7,0.9,0.1,0.4,0.8,0.4,0.1,0
120,112,1,1,0,0.1,0,0.2,0.2,0.1,0.1,0.2,0.1,0,0
121,112,1,2,0.1,0.2,0,0.3,0.5,0.1,0.2,0.4,0.2,0,0
122,112,1,2,0,0.2,0,0.4,0.2,0.1,0.2,0.6,0,0.3,0
4,113,1,3,0.1,0.3,0.2,0.4,0.5,0.1,0.4,0.7,0.1,0.2,0
5,113,1,9,0.4,0.8,0.7,1.3,1.4,0.2,1.2,2,0.4,0.6,0
6,113,1,7,0.3,0.6,0.5,1.1,1.1,0.1,0.9,1.6,0.3,0.5,0
8,113,1,5,0,0,0,0.6,1.9,0,0.3,1.9,0,0.3,0
12,113,1,3,0.1,0.4,0.3,0.2,0.8,0,0.4,0.5,0.2,0.1,0
13,113,1,1,0,0.1,0.1,0.1,0.3,0,0.1,0.2,0.1,0,0
20,113,1,1,0,0.1,0.1,0.1,0.3,0,0.1,0.2,0.1,0,0
39,113,1,9,0.4,0.4,0,1.9,0.8,0,1.9,1.7,0.8,1.1,0
42,113,1,4,0.3,0.3,0.2,0.8,0.6,0.2,0.7,0.3,0.4,0.2,0
43,113,1,5,0.4,0.3,0.2,1,0.8,0.3,0.9,0.4,0.5,0.2,0
44,113,1,5,0.4,0.3,0.2,1,0.8,0.3,0.9,0.4,0.5,0.2,0
45,113,1,3,0.2,0.2,0.1,0.7,0.5,0.2,0.5,0.2,0.3,0.1,0
50,113,1,2,0.2,0.1,0.1,0.4,0.3,0.1,0.3,0.2,0.2,0.1,0
54,113,1,1,0,0.1,0,0.2,0.2,0,0.1,0.2,0.1,0.1,0
55,113,1,20,0.7,2.5,1.1,3.1,3.4,0.5,1.6,3.8,2.2,1.1,0
56,113,1,11,0.4,1.4,0.6,1.7,1.9,0.2,0.9,2.1,1.2,0.6,0
57,113,1,1,0,0.1,0.1,0.2,0.2,0,0.1,0.2,0,0.1,0
58,113,1,1,0,0.1,0.1,0.2,0.2,0,0.1,0.2,0,0.1,0
66,113,1,2,0.1,0.1,0.2,0.2,0.7,0,0.3,0.3,0,0.1,0
72,113,1,2,0,0.1,0.1,0.3,0.4,0,0.2,0.4,0.2,0.3,0
74,113,1,2,0,0.1,0.1,0.3,0.4,0,0.2,0.4,0.2,0.3,0
75,113,1,2,0,0.1,0.1,0.3,0.4,0,0.2,0.4,0.2,0.3,0
79,113,1,2,0.1,0.3,0.2,0.3,0.5,0,0.3,0.2,0.1,0,0
80,113,1,1,0.1,0.1,0.1,0.1,0.2,0,0.2,0.1,0.1,0,0
83,113,1,3,0,0.4,0.3,0.3,0.8,0.1,0.3,0.3,0.3,0.2,0
85,113,1,3,0,0.4,0.3,0.3,0.8,0.1,0.3,0.3,0.3,0.2,0
88,113,1,4,0.3,0.4,0.3,0.5,1.1,0.1,0.4,0.7,0.2,0,0
89,113,1,16,1,1.8,1.1,1.9,4.4,0.3,1.8,2.6,0.9,0,0.2
90,113,1,7,0.5,0.8,0.5,0.8,1.9,0.1,0.8,1.1,0.4,0,0.1
94,113,1,1,0,0,0.1,0.1,0.2,0,0.2,0.3,0,0.1,0
104,113,1,2,0.1,0.2,0.3,0.1,0.5,0,0.4,0.1,0.2,0.1,0
106,113,1,4,0.1,0.4,0.7,0.2,1.1,0,0.8,0.2,0.3,0.2,0
109,113,1,3,0.1,0.2,0.4,0.2,1.2,0,0.2,0.5,0.1,0.1,0
111,113,1,3,0.1,0.2,0.4,0.2,1.2,0,0.2,0.5,0.1,0.1,0
113,113,1,5,0.2,0.5,0.1,0.8,1.1,0.2,0.5,1,0.5,0.1,0
121,113,1,1,0,0.1,0,0.2,0.2,0.1,0.1,0.2,0.1,0,0
12,114,1,2,0,0.2,0.1,0.1,0.4,0,0.5,0.5,0.1,0.1,0
23,114,1,1,0,0.1,0.1,0.1,0.3,0,0.1,0.3,0,0,0
27,114,1,2,0,0.1,0.2,0.3,0.5,0,0.2,0.6,0,0.1,0
33,114,1,2,0,0.2,0.3,0.1,0.5,0,0.1,0.5,0.1,0.2,0
39,114,1,1,0,0.1,0.1,0.1,0.2,0,0.1,0.2,0.1,0.1,0
42,114,1,3,0.1,0.1,0.1,0.9,0.4,0,1,0.1,0.2,0.1,0
44,114,1,3,0.1,0.1,0.1,0.9,0.4,0,1,0.1,0.2,0.1,0
45,114,1,5,0.2,0.1,0.3,1.4,0.7,0,1.7,0.1,0.4,0.1,0
49,114,1,6,0.1,0.5,0.7,0.7,1.4,0,0.7,1.4,0.2,0.3,0
54,114,1,3,0,0.4,0.2,0.3,0.7,0,0.9,0.3,0.1,0.1,0
55,114,1,2,0,0.3,0.2,0.2,0.4,0,0.6,0.2,0,0.1,0
56,114,1,11,0,1.6,0.9,1.3,2.5,0,3.1,1,0.3,0.3,0
63,114,1,1,0,0,0.1,0.1,0.2,0,0.4,0.2,0,0,0
65,114,1,3,0,0,0.3,0.3,0.5,0,1.2,0.6,0,0.1,0
67,114,1,6,0.2,0.5,0.3,1.3,0.6,0.1,0.9,1.6,0.4,0.1,0
72,114,1,3,0.1,0.2,0.2,0.5,0.6,0.1,0.3,0.5,0.3,0.2,0
73,114,1,2,0.1,0.1,0.1,0.3,0.4,0.1,0.2,0.3,0.2,0.2,0
76,114,1,8,0.3,0.5,0.5,1.4,1.5,0.2,0.9,1.4,0.7,0.6,0
79,114,1,8,0,1.1,0.8,0.6,2.4,0,1.6,0.7,0.3,0.5,0
83,114,1,3,0.2,0.3,0.2,0.4,0.7,0,0.6,0.2,0.2,0.2,0
85,114,1,12,0.7,1.5,1,1.5,2.7,0,2.5,0.7,0.7,0.7,0
88,114,1,5,0.3,0.6,0.4,0.6,1.2,0,1,0.3,0.3,0.3,0
103,114,1,3,0.1,0.1,0.1,0.4,0.5,0,1,0.5,0.1,0.2,0
108,114,1,7,0,0.3,0,1.3,1,0,0.7,3,0.3,0.4,0
109,114,1,3,0,0.1,0,0.6,0.4,0,0.3,1.3,0.1,0.2,0
119,114,1,2,0.1,0,0.1,0.4,0.2,0,0.3,0.8,0,0.1,0
3,115,1,4,0.1,0.2,0.1,0.2,0.7,0,1,1.2,0.1,0.4,0
19,115,1,8,0,0.9,0.3,0.3,1.8,0,1.9,1.9,0.3,0.6,0
28,115,1,2,0,0.1,0.2,0.3,0.5,0,0.2,0.6,0,0.1,0
38,115,1,5,0.1,0.5,0.6,0.4,1.1,0.1,0.3,1.2,0.3,0.4,0
42,115,1,10,0.5,0.2,0.5,2.9,1.4,0,3.3,0.2,0.7,0.3,0
43,115,1,4,0.2,0.1,0.2,1.1,0.6,0,1.3,0.1,0.3,0.1,0
47,115,1,4,0.1,0.3,0.5,0.5,0.9,0,0.5,0.9,0.1,0.2,0
49,115,1,5,0.1,0.4,0.6,0.6,1.1,0,0.6,1.1,0.2,0.3,0
56,115,1,7,0,1,0.6,0.8,1.6,0,2,0.6,0.2,0.2,0
70,115,1,8,0.3,0.7,0.3,1.6,0.8,0.2,1.2,2.2,0.5,0.2,0
72,115,1,1,0,0,0.1,0.2,0.2,0,0.1,0.2,0.1,0.1,0
76,115,0,19,0,1,2,1,2,0,3,5,0,5,0
79,115,1,6,0,0.8,0.6,0.5,1.8,0,1.2,0.5,0.2,0.4,0
80,115,1,4,0,0.6,0.4,0.3,1.2,0,0.8,0.3,0.2,0.2,0
86,115,1,3,0.2,0.3,0.2,0.4,0.7,0,0.6,0.2,0.2,0.2,0
92,115,1,2,0,0.2,0,0.2,0.5,0,0.3,0.5,0.2,0.1,0
93,115,1,12.5,0,1,0.2,1.1,3.4,0,1.9,3.1,1,0.8,0
94,115,1,1,0,0.1,0,0.1,0.3,0,0.1,0.2,0.1,0.1,0
98,115,1,2,0,0.2,0,0,0.4,0,0.5,0.6,0.2,0.1,0
109,115,1,2,0,0.1,0,0.4,0.3,0,0.2,0.8,0.1,0.1,0
117,115,1,2,0.1,0,0.1,0.4,0.2,0,0.3,0.8,0,0.1,0
120,115,1,1,0,0,0.1,0.2,0.1,0,0.1,0.4,0,0.1,0
121,115,1,3,0.1,0,0.1,0.6,0.4,0,0.4,1.2,0,0.2,0
3,116,1,1,0,0,0,0.1,0.2,0,0.3,0.3,0,0.1,0
4,116,1,4,0.1,0.2,0.1,0.2,0.7,0,1,1.2,0.1,0.4,0
5,116,1,5,0.1,0.2,0.1,0.3,0.9,0,1.3,1.5,0.1,0.5,0
6,116,1,10,0.2,0.5,0.2,0.5,1.9,0,2.6,3,0.2,0.9,0
28,116,1,4,0,0.3,0.3,0.5,1.1,0.1,0.4,1.1,0.1,0.1,0
29,116,1,1,0,0.1,0.1,0.1,0.3,0,0.1,0.3,0,0,0
33,116,1,4,0.1,0.4,0.5,0.3,0.9,0.1,0.2,1,0.2,0.3,0
40,116,1,1,0,0.1,0.1,0.1,0.2,0,0.1,0.2,0.1,0.1,0
44,116,1,1,0.1,0,0.1,0.3,0.1,0,0.3,0,0.1,0,0
45,116,1,5,0.2,0.1,0.3,1.4,0.7,0,1.7,0.1,0.4,0.1,0
47,116,1,4,0.1,0.3,0.5,0.5,0.9,0,0.5,0.9,0.1,0.2,0
56,116,1,5,0,0.7,0.4,0.6,1.1,0,1.4,0.4,0.2,0.2,0
57,116,1,3,0.1,0.2,0,0.2,0.5,0,0.5,1,0.1,0.4,0
60,116,1,1,0,0.1,0,0.1,0.2,0,0.2,0.3,0,0.1,0
68,116,1,4,0.2,0.3,0.2,0.8,0.4,0.1,0.6,1.1,0.2,0.1,0
71,116,1,2,0.1,0.2,0.1,0.4,0.2,0,0.3,0.5,0.1,0.1,0
75,116,1,7,0.2,0.4,0.5,1.2,1.3,0.2,0.8,1.2,0.6,0.6,0
76,116,1,18,0.6,1,1.2,3.1,3.3,0.4,2.1,3.1,1.7,1.5,0
77,116,1,7,0,1,0.7,0.5,2.1,0,1.4,0.6,0.3,0.4,0
79,116,1,2,0,0.3,0.2,0.1,0.6,0,0.4,0.2,0.1,0.1,0
80,116,1,4,0,0.6,0.4,0.3,1.2,0,0.8,0.3,0.2,0.2,0
81,116,1,2,0,0.3,0.2,0.1,0.6,0,0.4,0.2,0.1,0.1,0
86,116,1,3,0.2,0.3,0.2,0.4,0.7,0,0.6,0.2,0.2,0.2,0
88,116,1,8,0.5,1,0.6,1,1.8,0,1.6,0.5,0.5,0.5,0
90,116,1,1,0,0.1,0.1,0.1,0.2,0,0.2,0.1,0.1,0.1,0
100,116,1,3,0,0.2,0,0.1,0.6,0,0.8,0.9,0.3,0.1,0
104,116,1,2,0.1,0.1,0.1,0.2,0.3,0,0.7,0.3,0.1,0.1,0
105,116,1,2,0.1,0.1,0.1,0.2,0.3,0,0.7,0.3,0.1,0.1,0
110,116,1,1,0,0.1,0,0.2,0.1,0,0.1,0.4,0,0.1,0
117,116,1,1,0,0,0.1,0.2,0.1,0,0.1,0.4,0,0.1,0
123,116,1,2,0,0,0.2,0.3,0.4,0,0.3,0.2,0.2,0.4,0
126,116,1,3,0,0,0.3,0.4,0.6,0,0.4,0.3,0.3,0.7,0
0,117,1,2,0,0.2,0.1,0.4,0.3,0.1,0.5,0.1,0.1,0.2,0
4,117,1,7,0.2,0.3,0.2,0.3,1.3,0,1.8,2.1,0.2,0.6,0
5,117,1,11,0.3,0.5,0.3,0.5,2,0,2.8,3.3,0.3,1,0
6,117,1,1,0,0,0,0.1,0.2,0,0.3,0.3,0,0.1,0
7,117,1,1,0,0.1,0,0.1,0.3,0,0.1,0.2,0.1,0.1,0
18,117,1,3,0,0.4,0.1,0.1,0.7,0,0.7,0.7,0.1,0.2,0
20,117,1,2,0,0.2,0.1,0.1,0.4,0,0.5,0.5,0.1,0.1,0
21,117,1,3,0,0.4,0.1,0.1,0.7,0,0.7,0.7,0.1,0.2,0
22,117,1,5,0,0.4,0.4,0.6,1.3,0.1,0.5,1.4,0.1,0.2,0
23,117,1,1,0,0.1,0.1,0.1,0.3,0,0.1,0.3,0,0,0
30,117,1,2,0,0.1,0.2,0.3,0.5,0,0.2,0.6,0,0.1,0
31,117,1,2,0,0.1,0.2,0.3,0.5,0,0.2,0.6,0,0.1,0
43,117,1,2,0.1,0,0.1,0.6,0.3,0,0.7,0,0.1,0.1,0
54,117,1,4,0,0.6,0.3,0.5,0.9,0,1.1,0.4,0.1,0.1,0
55,117,1,2,0,0.3,0.2,0.2,0.4,0,0.6,0.2,0,0.1,0
66,117,1,3,0,0,0.3,0.3,0.5,0,1.2,0.6,0,0.1,0
67,117,1,4,0.2,0.3,0.2,0.8,0.4,0.1,0.6,1.1,0.2,0.1,0
68,117,1,1,0,0.1,0,0.2,0.1,0,0.2,0.3,0.1,0,0
69,117,1,1,0,0.1,0,0.2,0.1,0,0.2,0.3,0.1,0,0
70,117,1,1,0,0.1,0,0.2,0.1,0,0.2,0.3,0.1,0,0
71,117,1,4,0.2,0.3,0.2,0.8,0.4,0.1,0.6,1.1,0.2,0.1,0
75,117,1,2,0.1,0.1,0.1,0.3,0.4,0.1,0.2,0.3,0.2,0.2,0
76,117,1,19,0.7,1.1,1.3,3.3,3.5,0.4,2.2,3.3,1.7,1.5,0
78,117,1,5,0,0.7,0.5,0.4,1.5,0,1,0.4,0.2,0.3,0
79,117,1,2,0,0.3,0.2,0.1,0.6,0,0.4,0.2,0.1,0.1,0
80,117,1,4,0,0.6,0.4,0.3,1.2,0,0.8,0.3,0.2,0.2,0
81,117,1,4,0,0.6,0.4,0.3,1.2,0,0.8,0.3,0.2,0.2,0
83,117,1,1,0,0.1,0.1,0.1,0.2,0,0.2,0.1,0.1,0.1,0
86,117,1,2,0.1,0.2,0.2,0.3,0.5,0,0.4,0.1,0.1,0.1,0
87,117,1,3,0.2,0.3,0.2,0.4,0.7,0,0.6,0.2,0.2,0.2,0
92,117,1,2,0,0.2,0,0.2,0.5,0,0.3,0.5,0.2,0.1,0
93,117,1,2,0,0.2,0,0.2,0.5,0,0.3,0.5,0.2,0.1,0
105,117,1,1,0,0,0.1,0.1,0.2,0,0.3,0.2,0,0.1,0
107,117,1,2,0,0.1,0,0.4,0.3,0,0.2,0.8,0.1,0.1,0
110,117,1,1,0,0.1,0,0.2,0.1,0,0.1,0.4,0,0.1,0
111,117,1,5,0,0.2,0,1,0.7,0,0.5,2.2,0.2,0.2,0
119,117,1,2,0.1,0,0.1,0.4,0.2,0,0.3,0.8,0,0.1,0
120,117,1,4,0.1,0.1,0.1,0.8,0.5,0,0.5,1.6,0,0.3,0
121,117,1,5,0.2,0.1,0.2,1,0.6,0,0.6,2,0,0.3,0
123,117,1,16,0,0,1.5,2.3,3.1,0,2.3,1.5,1.5,3.8,0
7,118,1,2,0.1,0.2,0,0.2,0.5,0.1,0.2,0.4,0.2,0.1,0
8,118,1,3,0.1,0.4,0,0.3,0.7,0.1,0.4,0.6,0.3,0.1,0
18,118,1,4,0,0.5,0.2,0.2,0.9,0,0.9,0.9,0.1,0.3,0
19,118,1,4,0,0.5,0.2,0.2,0.9,0,0.9,0.9,0.1,0.3,0
30,118,1,1,0,0.1,0.1,0.1,0.3,0,0.1,0.3,0,0,0
35,118,1,5,0.1,0.5,0.6,0.4,1.1,0.1,0.3,1.2,0.3,0.4,0
36,118,1,17,0.4,1.8,2.2,1.3,3.9,0.4,0.9,3.9,0.9,1.3,0
41,118,1,4,0.1,0.4,0.5,0.3,0.9,0.1,0.2,1,0.2,0.3,0
42,118,1,7,0.3,0.2,0.3,2,1,0,2.3,0.2,0.5,0.2,0
43,118,1,2,0.1,0,0.1,0.6,0.3,0,0.7,0,0.1,0.1,0
47,118,1,2,0.1,0.2,0.2,0.2,0.4,0,0.2,0.5,0.1,0.1,0
56,118,1,1,0,0.2,0.1,0.1,0.2,0,0.3,0.1,0,0,0
57,118,1,2,0.1,0.1,0,0.1,0.3,0,0.3,0.7,0.1,0.3,0
58,118,1,2,0.1,0.1,0,0.1,0.3,0,0.3,0.7,0.1,0.3,0
60,118,1,2,0.1,0.1,0,0.1,0.3,0,0.3,0.7,0.1,0.3,0
66,118,1,2,0,0,0.2,0.2,0.3,0,0.8,0.4,0,0.1,0
67,118,1,7,0.3,0.6,0.3,1.5,0.7,0.1,1,1.9,0.4,0.2,0
68,118,1,5,0.2,0.4,0.2,1.1,0.5,0.1,0.7,1.4,0.3,0.1,0
70,118,1,1,0,0.1,0,0.2,0.1,0,0.2,0.3,0.1,0,0
71,118,1,4,0.2,0.3,0.2,0.8,0.4,0.1,0.6,1.1,0.2,0.1,0
74,118,1,2,0.1,0.1,0.1,0.3,0.4,0.1,0.2,0.3,0.2,0.2,0
75,118,1,8,0.3,0.5,0.5,1.4,1.5,0.2,0.9,1.4,0.7,0.6,0
76,118,1,17,0.6,1,1.2,2.9,3.1,0.4,1.9,2.9,1.6,1.4,0
79,118,1,2,0,0.3,0.2,0.1,0.6,0,0.4,0.2,0.1,0.1,0
83,118,1,1,0,0.1,0.1,0.1,0.2,0,0.2,0.1,0.1,0.1,0
88,118,1,1,0,0.1,0.1,0.1,0.2,0,0.2,0.1,0.1,0.1,0
93,118,1,1,0,0.1,0,0.1,0.3,0,0.1,0.2,0.1,0.1,0
95,118,1,6,0,0.5,0.1,0.5,1.7,0,0.9,1.5,0.4,0.4,0
96,118,1,6,0,0.5,0.1,0.5,1.7,0,0.9,1.5,0.4,0.4,0
100,118,1,1,0,0.1,0,0,0.2,0,0.3,0.3,0.1,0,0
112,118,1,2.5,0.1,0,0.1,0.5,0.3,0,0.3,1,0,0.2,0
8,119,1,2,0.1,0.2,0,0.2,0.5,0.1,0.2,0.4,0.2,0.1,0
9,119,1,7,0.2,0.9,0,0.7,1.8,0.2,0.9,1.4,0.7,0.2,0
10,119,1,2,0.1,0.2,0,0.2,0.5,0.1,0.2,0.4,0.2,0.1,0
11,119,1,3,0.1,0.4,0,0.3,0.7,0.1,0.4,0.6,0.3,0.1,0
13,119,1,4,0.3,0.6,0.2,0.7,0.7,0.2,0.6,0.2,0.3,0.2,0
17,119,1,19,1,0,0,4.1,0.7,0.3,2.7,7.5,0,2.7,0
18,119,0,37.5,0,4.5,2,5,8,1,6,7,2,2,0
19,119,1,1,0.1,0,0,0.2,0,0,0.1,0.4,0,0.2,0
22,119,1,4,0,0.3,0.3,0.5,1.1,0.1,0.4,1.1,0.1,0.1,0
29,119,1,2,0,0.1,0.2,0.3,0.5,0,0.2,0.6,0,0.1,0
30,119,1,3,0,0.2,0.2,0.4,0.8,0,0.3,0.9,0.1,0.1,0
31,119,1,1,0,0.1,0.1,0.1,0.3,0,0.1,0.3,0,0,0
32,119,1,3,0.1,0.3,0.1,0.4,0.5,0,0.6,0.6,0.1,0.3,0
35,119,1,10,0.2,1,0.2,1.4,1.6,0,2.2,2,0.4,1,0
38,119,1,4,0.1,0.4,0.3,0.8,0.8,0.2,0.4,0.6,0.2,0.2,0
39,119,1,9,0.2,1,0.6,1.9,1.9,0.4,0.9,1.3,0.4,0.4,0
40,119,1,2,0.1,0.2,0.1,0.4,0.4,0.1,0.2,0.3,0.1,0.1,0
41,119,1,10,0.2,1.1,0.7,2.1,2.1,0.5,0.9,1.4,0.5,0.5,0
44,119,1,1,0,0.1,0.1,0.1,0.2,0,0.1,0.2,0.1,0.1,0
55,119,1,3,0.1,0.2,0,0.2,0.5,0,0.5,1,0.1,0.4,0
56,119,1,4,0.1,0.2,0,0.3,0.7,0,0.7,1.3,0.1,0.6,0
61,119,1,2,0.1,0.1,0,0.1,0.3,0,0.3,0.7,0.1,0.3,0
62,119,1,2,0,0,0.2,0.2,0.3,0,0.8,0.4,0,0.1,0
63,119,1,4,0,0,0.3,0.3,0.7,0,1.6,0.9,0,0.2,0
66,119,1,2,0,0,0.2,0.2,0.3,0,0.8,0.4,0,0.1,0
67,119,1,8,0,0.6,0.6,0,2.5,0,1.1,1.9,0.2,1.1,0
68,119,1,3,0,0.2,0.2,0,1,0,0.4,0.7,0.1,0.4,0
71,119,1,1,0,0.1,0.1,0,0.3,0,0.1,0.3,0,0.1,0
72,119,1,5,0.2,0.2,0.3,0.7,0.8,0.2,0.8,1.3,0.1,0.4,0
78,119,1,1,0,0.1,0.1,0.1,0.3,0,0.1,0.2,0,0.1,0
80,119,1,2,0.1,0.2,0.2,0.2,0.5,0.1,0.2,0.4,0,0.1,0
81,119,1,2,0.1,0.2,0.2,0.2,0.5,0.1,0.2,0.4,0,0.1,0
86,119,1,3,0.1,0.1,0.4,0.7,0.5,0.2,0.5,0.2,0.2,0.1,0
88,119,1,6,0.4,0.7,0.5,0.7,1.3,0,1.2,0.4,0.4,0.4,0
97,119,1,3,0,0.2,0,0.1,0.6,0,0.8,0.9,0.3,0.1,0
98,119,1,3,0,0.2,0,0.1,0.6,0,0.8,0.9,0.3,0.1,0
11,120,1,4,0.1,0.5,0,0.4,1.1,0.1,0.5,0.8,0.4,0.1,0
12,120,1,5,0.4,0.8,0.2,0.8,0.9,0.2,0.7,0.3,0.4,0.3,0
14,120,1,3,0.2,0.5,0.1,0.5,0.6,0.1,0.4,0.2,0.2,0.2,0
15,120,1,3,0.2,0.5,0.1,0.5,0.6,0.1,0.4,0.2,0.2,0.2,0
16,120,1,15,1.2,2.4,0.6,2.4,2.7,0.6,2.1,0.9,1.2,0.9,0
17,120,1,4,0.2,0,0,0.8,0.1,0.1,0.6,1.6,0,0.6,0
22,120,1,2,0,0.1,0.2,0.3,0.5,0,0.2,0.6,0,0.1,0
25,120,1,5,0,0.4,0.4,0.6,1.3,0.1,0.5,1.4,0.1,0.2,0
32,120,1,2,0,0.2,0,0.3,0.3,0,0.5,0.4,0.1,0.2,0
34,120,1,3,0.1,0.3,0.1,0.4,0.5,0,0.6,0.6,0.1,0.3,0
35,120,0,29.5,3,1.5,0,9,6,2,2,4,2,0,0
36,120,1,7,0.1,0.7,0.1,1,1.1,0,1.6,1.4,0.3,0.7,0
37,120,1,1.5,0,0.2,0.1,0.3,0.3,0.1,0.1,0.2,0.1,0.1,0
38,120,1,5,0.1,0.5,0.4,1.1,1.1,0.2,0.5,0.7,0.2,0.2,0
39,120,1,3,0.1,0.3,0.2,0.6,0.6,0.1,0.3,0.4,0.2,0.2,0
42,120,1,1,0,0.1,0.1,0.1,0.2,0,0.1,0.2,0.1,0.1,0
43,120,1,4,0.1,0.3,0.5,0.5,0.9,0,0.5,0.9,0.1,0.2,0
55,120,1,3,0.1,0.2,0,0.2,0.5,0,0.5,1,0.1,0.4,0
66,120,1,2,0,0,0.2,0.2,0.3,0,0.8,0.4,0,0.1,0
67,120,1,2,0,0.1,0.2,0,0.6,0,0.3,0.5,0,0.3,0
70,120,1,2,0,0.1,0.2,0,0.6,0,0.3,0.5,0,0.3,0
71,120,1,5,0,0.4,0.4,0,1.6,0,0.6,1.2,0.1,0.7,0
73,120,1,5,0.2,0.2,0.3,0.7,0.8,0.2,0.8,1.3,0.1,0.4,0
78,120,1,6,0.2,0.6,0.5,0.6,1.6,0.2,0.7,1.3,0.1,0.2,0
79,120,1,9,0.3,0.9,0.7,0.9,2.4,0.3,1.1,2,0.1,0.3,0
80,120,1,3,0.1,0.3,0.2,0.3,0.8,0.1,0.4,0.7,0,0.1,0
81,120,1,3,0.1,0.3,0.2,0.3,0.8,0.1,0.4,0.7,0,0.1,0
82,120,1,5,0.1,0.1,0.7,1.2,0.9,0.3,0.9,0.3,0.3,0.2,0
86,120,1,8,0.2,0.2,1.2,1.9,1.4,0.5,1.4,0.5,0.5,0.2,0
95,120,1,4,0,0.3,0,0.1,0.8,0,1,1.3,0.4,0.1,0
96,120,1,4,0,0.3,0,0.1,0.8,0,1,1.3,0.4,0.1,0
98,120,1,5,0,0.4,0,0.1,1,0,1.3,1.6,0.5,0.1,0
102,120,1,1,0,0,0.1,0.1,0.2,0,0.3,0.2,0,0.1,0
119,120,1,2,0.1,0,0.1,0.4,0.2,0,0.3,0.8,0,0.1,0
9,121,1,3,0.1,0.4,0,0.3,0.7,0.1,0.4,0.6,0.3,0.1,0
16,121,1,8,0.6,1.3,0.3,1.3,1.4,0.3,1.1,0.5,0.7,0.5,0
17,121,1,2,0.1,0,0,0.4,0.1,0,0.3,0.8,0,0.3,0
22,121,1,3,0,0.2,0.2,0.4,0.8,0,0.3,0.9,0.1,0.1,0
26,121,1,3,0,0.2,0.2,0.4,0.8,0,0.3,0.9,0.1,0.1,0
34,121,1,3,0.1,0.3,0.1,0.4,0.5,0,0.6,0.6,0.1,0.3,0
45,121,1,1,0,0.1,0.1,0.1,0.2,0,0.1,0.2,0.1,0.1,0
46,121,1,4,0.1,0.3,0.5,0.5,0.9,0,0.5,0.9,0.1,0.2,0
54,121,1,2,0.1,0.1,0,0.1,0.3,0,0.3,0.7,0.1,0.3,0
56,121,1,1,0,0.1,0,0.1,0.2,0,0.2,0.3,0,0.1,0
70,121,1,2,0,0.1,0.2,0,0.6,0,0.3,0.5,0,0.3,0
73,121,1,14,0.5,0.7,0.7,1.9,2.3,0.5,2.3,3.7,0.2,1.2,0
74,121,1,5,0.2,0.2,0.3,0.7,0.8,0.2,0.8,1.3,0.1,0.4,0
75,121,1,2,0.1,0.1,0.1,0.3,0.3,0.1,0.3,0.5,0,0.2,0
76,121,1,2,0.1,0.1,0.1,0.3,0.3,0.1,0.3,0.5,0,0.2,0
77,121,1,5,0.1,0.5,0.4,0.5,1.3,0.2,0.6,1.1,0.1,0.2,0
78,121,1,5,0.1,0.5,0.4,0.5,1.3,0.2,0.6,1.1,0.1,0.2,0
81,121,1,7,0.2,0.7,0.6,0.7,1.9,0.2,0.8,1.5,0.1,0.3,0
83,121,1,2,0.1,0.1,0.3,0.5,0.3,0.1,0.3,0.1,0.1,0.1,0
85,121,1,3,0.1,0.1,0.4,0.7,0.5,0.2,0.5,0.2,0.2,0.1,0
95,121,1,2,0,0.2,0,0,0.4,0,0.5,0.6,0.2,0.1,0
96,121,1,2,0,0.2,0,0,0.4,0,0.5,0.6,0.2,0.1,0
97,121,1,4,0,0.3,0,0.1,0.8,0,1,1.3,0.4,0.1,0
104,121,1,2,0.1,0.1,0.1,0.2,0.3,0,0.7,0.3,0.1,0.1,0
107,121,1,5,0.2,0.2,0.2,0.6,0.8,0,1.7,0.9,0.2,0.2,0
115,121,1,1,0,0,0.1,0.2,0.1,0,0.1,0.4,0,0.1,0
117,121,1,2,0.1,0,0.1,0.4,0.2,0,0.3,0.8,0,0.1,0
119,121,1,3,0.1,0,0.1,0.6,0.4,0,0.4,1.2,0,0.2,0
127,121,1,1,0,0.2,0.1,0,0.3,0,0.2,0.2,0,0,0
6,122,1,4,0.1,0.5,0,0.4,1.1,0.1,0.5,0.8,0.4,0.1,0
15,122,1,3,0.2,0.5,0.1,0.5,0.6,0.1,0.4,0.2,0.2,0.2,0
16,122,1,7,0.5,1.1,0.3,1.1,1.3,0.3,1,0.4,0.6,0.4,0
26,122,1,4,0,0.3,0.3,0.5,1.1,0.1,0.4,1.1,0.1,0.1,0
29,122,1,3,0,0.2,0.2,0.4,0.8,0,0.3,0.9,0.1,0.1,0
34,122,1,1,0,0.1,0,0.2,0.2,0,0.2,0.2,0,0.1,0
36,122,1,7,0.1,0.7,0.1,1,1.1,0,1.6,1.4,0.3,0.7,0
41,122,1,1,0,0.1,0.1,0.2,0.2,0,0.1,0.1,0.1,0.1,0
52,122,1,2,0.1,0.1,0,0.1,0.3,0,0.3,0.7,0.1,0.3,0
53,122,1,2.5,0.1,0.1,0,0.2,0.4,0,0.4,0.8,0.1,0.4,0
57,122,1,3,0.1,0.2,0,0.2,0.5,0,0.5,1,0.1,0.4,0
60,122,1,2,0.1,0.1,0,0.1,0.3,0,0.3,0.7,0.1,0.3,0
64,122,1,2,0,0,0.2,0.2,0.3,0,0.8,0.4,0,0.1,0
67,122,1,6,0,0.5,0.5,0,1.9,0,0.8,1.4,0.1,0.8,0
68,122,1,1,0,0.1,0.1,0,0.3,0,0.1,0.3,0,0.1,0
72,122,1,11,0.4,0.5,0.6,1.5,1.8,0.4,1.8,2.9,0.2,0.9,0
73,122,1,8,0.3,0.4,0.4,1.1,1.3,0.3,1.3,2.1,0.1,0.7,0
78,122,1,7,0.2,0.7,0.6,0.7,1.9,0.2,0.8,1.5,0.1,0.3,0
80,122,1,1,0,0.1,0.1,0.1,0.3,0,0.1,0.2,0,0.1,0
83,122,1,3,0.1,0.1,0.4,0.7,0.5,0.2,0.5,0.2,0.2,0.1,0
84,122,1,4,0.1,0.1,0.6,1,0.7,0.2,0.7,0.3,0.2,0.1,0
85,122,1,4,0.1,0.1,0.6,1,0.7,0.2,0.7,0.3,0.2,0.1,0
86,122,1,2,0.1,0.1,0.3,0.5,0.3,0.1,0.3,0.1,0.1,0.1,0
94,122,1,4,0,0.3,0,0.1,0.8,0,1,1.3,0.4,0.1,0
101,122,1,2,0,0.2,0,0,0.4,0,0.5,0.6,0.2,0.1,0
107,122,1,1,0,0,0.1,0.1,0.2,0,0.3,0.2,0,0.1,0
108,122,1,3,0.1,0.1,0.1,0.4,0.5,0,1,0.5,0.1,0.2,0
124,122,1,10,0.3,1.6,0.6,0.3,2.6,0,2.3,2.3,0,0,0
127,122,1,10,0.3,1.6,0.6,0.3,2.6,0,2.3,2.3,0,0,0
15,123,1,2,0.2,0.3,0.1,0.3,0.3,0.1,0.3,0.1,0.2,0.1,0
17,123,1,2,0.1,0,0,0.4,0.1,0,0.3,0.8,0,0.3,0
24,123,1,2,0,0.1,0.2,0.3,0.5,0,0.2,0.6,0,0.1,0
30,123,1,3,0,0.2,0.2,0.4,0.8,0,0.3,0.9,0.1,0.1,0
32,123,1,2,0,0.2,0,0.3,0.3,0,0.5,0.4,0.1,0.2,0
33,123,1,2,0,0.2,0,0.3,0.3,0,0.5,0.4,0.1,0.2,0
35,123,1,2,0,0.2,0,0.3,0.3,0,0.5,0.4,0.1,0.2,0
36,123,1,8,0.1,0.8,0.2,1.1,1.3,0,1.8,1.6,0.3,0.8,0
40,123,1,7,0.2,0.7,0.5,1.5,1.5,0.3,0.7,1,0.3,0.3,0
43,123,1,3,0.1,0.3,0.3,0.3,0.7,0,0.3,0.7,0.1,0.2,0
52,123,1,4,0.1,0.2,0,0.3,0.7,0,0.7,1.3,0.1,0.6,0
53,123,1,1,0,0.1,0,0.1,0.2,0,0.2,0.3,0,0.1,0
58,123,1,2,0.1,0.1,0,0.1,0.3,0,0.3,0.7,0.1,0.3,0
63,123,1,2,0,0,0.2,0.2,0.3,0,0.8,0.4,0,0.1,0
67,123,1,2,0,0.1,0.2,0,0.6,0,0.3,0.5,0,0.3,0
69,123,1,2,0,0.1,0.2,0,0.6,0,0.3,0.5,0,0.3,0
70,123,1,2,0,0.1,0.2,0,0.6,0,0.3,0.5,0,0.3,0
71,123,1,2,0,0.1,0.2,0,0.6,0,0.3,0.5,0,0.3,0
72,123,1,1,0,0,0.1,0.1,0.2,0,0.2,0.3,0,0.1,0
74,123,1,6,0.2,0.3,0.3,0.8,1,0.2,1,1.6,0.1,0.5,0
76,123,1,1,0,0,0.1,0.1,0.2,0,0.2,0.3,0,0.1,0
77,123,1,6,0.2,0.6,0.5,0.6,1.6,0.2,0.7,1.3,0.1,0.2,0
80,123,1,3,0.1,0.3,0.2,0.3,0.8,0.1,0.4,0.7,0,0.1,0
107,123,1,4,0.2,0.2,0.2,0.5,0.6,0,1.3,0.6,0.2,0.2,0
15,124,1,9,0,0.3,0.4,0.7,2.3,0.3,1.7,2.3,0.3,0.7,0
16,124,1,3,0,0.1,0.1,0.2,0.8,0.1,0.6,0.8,0.1,0.2,0
24,124,1,2,0.1,0.2,0.1,0.4,0.3,0.1,0.3,0.3,0.1,0.1,0
25,124,1,3,0.2,0.3,0.1,0.6,0.4,0.1,0.5,0.5,0.1,0.2,0
35,124,1,4,0,0.2,0.4,0.7,0.6,0.2,0.8,0.4,0.4,0.3,0
37,124,1,2,0,0.1,0.2,0.4,0.3,0.1,0.4,0.2,0.2,0.1,0
38,124,1,5,0,0.3,0.4,0.9,0.8,0.3,1,0.5,0.4,0.4,0
40,124,1,1,0,0,0.1,0.2,0.2,0,0.2,0.1,0.1,0.1,0
45,124,1,4,0,0.6,0.1,0.6,0.7,0,0.7,0.8,0.1,0.4,0
54,124,1,5,0.2,0.5,0.7,0.5,0.9,0.2,0.5,0.7,0.3,0.5,0
56,124,1,1,0,0.1,0.1,0.1,0.2,0.1,0.1,0.1,0.1,0.1,0
66,124,1,1,0,0,0.2,0.1,0.2,0,0.3,0.2,0,0,0
69,124,1,1,0,0.2,0.1,0.1,0.2,0,0,0.2,0.1,0.1,0
70,124,1,2,0.1,0.4,0.1,0.1,0.5,0,0,0.4,0.2,0.2,0
71,124,1,2,0.1,0.4,0.1,0.1,0.5,0,0,0.4,0.2,0.2,0
76,124,1,1,0.1,0.1,0,0.2,0.2,0,0.1,0.1,0.1,0.1,0
79,124,1,1,0.1,0.1,0,0.1,0.2,0,0.2,0.2,0,0.1,0
80,124,1,1,0.1,0.1,0,0.1,0.2,0,0.2,0.2,0,0.1,0
82,124,1,1,0,0.1,0.1,0.1,0.2,0.1,0.1,0.2,0,0.1,0
105,124,1,1,0,0.1,0,0.2,0.2,0,0.2,0.2,0,0.1,0
114,124,1,4,0.1,0.4,0.2,0.5,0.5,0.1,0.5,1.6,0.1,0,0
120,124,1,1,0,0.1,0.1,0.1,0.1,0,0.2,0.4,0,0,0
15,125,1,2,0,0.1,0.1,0.1,0.5,0.1,0.4,0.5,0.1,0.1,0
23,125,1,3,0.2,0.3,0.1,0.6,0.4,0.1,0.5,0.5,0.1,0.2,0
24,125,1,7,0.5,0.7,0.3,1.4,0.9,0.3,1.1,1.1,0.3,0.4,0
25,125,1,5,0.3,0.5,0.2,1,0.7,0.2,0.8,0.8,0.2,0.3,0
30,125,1,4,0.3,0.4,0.2,0.8,0.5,0.2,0.6,0.6,0.2,0.2,0
34,125,1,1,0,0,0.1,0.2,0.2,0,0.2,0.1,0.1,0.1,0
35,125,1,2,0,0.1,0.2,0.4,0.3,0.1,0.4,0.2,0.2,0.1,0
36,125,1,2,0,0.1,0.2,0.4,0.3,0.1,0.4,0.2,0.2,0.1,0
37,125,1,8,0,0.4,0.7,1.4,1.3,0.4,1.6,0.9,0.7,0.6,0
47,125,1,2,0,0.3,0.1,0.3,0.3,0,0.3,0.4,0.1,0.2,0
50,125,1,2,0,0.3,0.1,0.3,0.3,0,0.3,0.4,0.1,0.2,0
54,125,1,4,0.2,0.4,0.5,0.4,0.8,0.2,0.4,0.5,0.2,0.4,0
55,125,1,5,0.2,0.5,0.7,0.5,0.9,0.2,0.5,0.7,0.3,0.5,0
56,125,1,2,0.1,0.2,0.2,0.2,0.4,0.1,0.2,0.3,0.1,0.2,0
59,125,1,2,0,0.1,0.2,0.1,0.2,0.1,0.3,0.8,0,0.2,0
68,125,1,9,0.3,2,0.6,0.6,2.2,0,0,1.7,0.8,0.8,0
70,125,1,3,0.1,0.6,0.2,0.2,0.7,0,0,0.6,0.3,0.3,0
73,125,1,1,0.1,0.1,0,0.2,0.2,0,0.1,0.1,0.1,0.1,0
75,125,1,17,1.8,1.8,0.3,3.4,3.1,0.6,0.9,1.8,1.8,1.5,0
76,125,1,10,1.1,1.1,0.2,1.9,1.8,0.3,0.5,1.1,1.1,0.9,0
77,125,1,1,0.1,0.1,0,0.1,0.2,0,0.2,0.2,0,0.1,0
78,125,1,9,0.6,0.6,0.5,1.1,1.6,0.1,1.7,1.6,0.1,1.1,0
80,125,1,6,0.4,0.4,0.3,0.8,1.1,0,1.1,1.1,0.1,0.7,0
82,125,1,6,0.2,0.7,0.4,0.4,1.1,0.4,0.7,1.1,0.2,0.8,0
119,125,1,5,0.1,0.5,0.2,0.7,0.6,0.1,0.7,2,0.1,0,0
23,126,1,7,0.5,0.7,0.3,1.4,0.9,0.3,1.1,1.1,0.3,0.4,0
24,126,1,1,0.1,0.1,0,0.2,0.1,0,0.2,0.2,0,0.1,0
25,126,1,4,0.3,0.4,0.2,0.8,0.5,0.2,0.6,0.6,0.2,0.2,0
30,126,1,4,0.3,0.4,0.2,0.8,0.5,0.2,0.6,0.6,0.2,0.2,0
41,126,1,3,0,0.2,0.3,0.5,0.5,0.1,0.6,0.3,0.3,0.2,0
42,126,1,1,0,0.1,0,0.2,0.2,0,0.2,0.2,0,0.1,0
44,126,1,1,0,0.1,0,0.2,0.2,0,0.2,0.2,0,0.1,0
45,126,1,6,0,0.8,0.2,0.8,1,0,1.1,1.3,0.2,0.6,0
51,126,1,7,0,1,0.2,1,1.2,0,1.2,1.5,0.2,0.7,0
52,126,1,1,0,0.1,0.1,0.1,0.2,0.1,0.1,0.1,0.1,0.1,0
53,126,1,1,0,0.1,0.1,0.1,0.2,0.1,0.1,0.1,0.1,0.1,0
54,126,1,8,0.3,0.8,1.1,0.8,1.5,0.3,0.8,1.1,0.5,0.8,0
56,126,1,1,0,0.1,0.1,0.1,0.2,0.1,0.1,0.1,0.1,0.1,0
62,126,1,4,0.1,0.1,0.6,0.5,0.7,0,1.1,0.7,0.1,0.1,0
63,126,1,3,0.1,0.1,0.4,0.3,0.5,0,0.9,0.5,0.1,0.1,0
71,126,1,1,0,0.2,0.1,0.1,0.2,0,0,0.2,0.1,0.1,0
75,126,1,12,1.3,1.3,0.2,2.4,2.1,0.4,0.6,1.3,1.3,1.1,0
77,126,1,16,1,1.1,0.9,2.1,2.8,0.2,3,2.8,0.2,1.9,0
79,126,1,3,0.2,0.2,0.2,0.4,0.5,0,0.6,0.5,0,0.4,0
80,126,1,9,0.6,0.6,0.5,1.1,1.6,0.1,1.7,1.6,0.1,1.1,0
81,126,1,2,0.1,0.1,0.1,0.3,0.4,0,0.4,0.4,0,0.2,0
83,126,1,2,0.1,0.2,0.1,0.1,0.4,0.1,0.2,0.4,0.1,0.3,0
93,126,1,2,0.1,0.1,0.2,0.2,0.5,0.1,0.3,0.3,0.1,0.1,0
101,126,1,1,0,0.1,0.1,0.1,0.2,0,0.2,0.1,0.1,0.1,0
102,126,1,4,0.2,0.2,0.1,0.6,1,0,0.8,0.6,0,0.5,0
107,126,1,2,0.1,0.1,0,0.3,0.3,0.1,0.3,0.4,0.1,0.3,0
22,127,1,2,0.1,0.2,0.1,0.4,0.3,0.1,0.3,0.3,0.1,0.1,0
23,127,1,4,0.3,0.4,0.2,0.8,0.5,0.2,0.6,0.6,0.2,0.2,0
29,127,1,2,0.1,0.2,0.1,0.4,0.3,0.1,0.3,0.3,0.1,0.1,0
33,127,1,1,0,0,0.1,0.2,0.2,0,0.2,0.1,0.1,0.1,0
45,127,1,4,0,0.6,0.1,0.6,0.7,0,0.7,0.8,0.1,0.4,0
53,127,1,5,0.2,0.5,0.7,0.5,0.9,0.2,0.5,0.7,0.3,0.5,0
54,127,1,4,0.2,0.4,0.5,0.4,0.8,0.2,0.4,0.5,0.2,0.4,0
55,127,1,5,0.2,0.5,0.7,0.5,0.9,0.2,0.5,0.7,0.3,0.5,0
56,127,1,2,0.1,0.2,0.2,0.2,0.4,0.1,0.2,0.3,0.1,0.2,0
62,127,1,6,0.2,0.2,0.8,0.7,1,0,1.7,1,0.2,0.2,0
63,127,1,3,0.1,0.1,0.4,0.3,0.5,0,0.9,0.5,0.1,0.1,0
68,127,1,4,0.1,0.9,0.2,0.2,1,0,0,0.8,0.4,0.4,0
70,127,1,5,0.2,1.1,0.3,0.3,1.2,0,0,0.9,0.5,0.5,0
72,127,1,9,0.9,1,0.1,1.8,1.6,0.3,0.5,1,1,0.8,0
75,127,1,1,0.1,0.1,0,0.2,0.2,0,0.1,0.1,0.1,0.1,0
76,127,0,52,2,4,3,7,8,1,9,8,1,9,0
77,127,1,19,1.2,1.2,1.1,2.5,3.4,0.2,3.5,3.4,0.2,2.3,0
79,127,1,12,0.8,0.8,0.7,1.6,2.1,0.1,2.2,2.1,0.1,1.5,0
90,127,1,4,0.1,0.5,0.2,0.3,0.8,0.2,0.5,0.8,0.1,0.5,0
92,127,1,6,0.1,0.4,0.6,0.6,1.5,0.2,1,0.9,0.3,0.4,0
99,127,1,2,0.1,0.1,0.2,0.2,0.5,0.1,0.3,0.3,0.1,0.1,0
109,127,1,2,0.1,0.1,0,0.3,0.3,0.1,0.3,0.4,0.1,0.3,0
