x,y,imputed,ind,men,men_1ind,men_5ind,men_coll,men_fmp,men_mais,men_pauv,men_prop,men_surf
7,0,1,1,0.4,0.1,0,0,0.1,0.4,0.1,0.4,55.9
8,0,1,3,1.3,0.4,0,0,0.2,1.3,0.2,1.1,167.6
26,0,1,1,0.4,0.1,0,0,0,0.4,0.1,0.4,54.8
27,0,1,4,1.6,0.4,0,0,0,1.6,0.3,1.5,219.1
33,0,1,2,0.9,0.2,0,0,0.1,0.9,0.3,0.8,134.1
52,0,1,2,0.8,0.2,0,0,0.1,0.8,0.3,0.6,88.9
53,0,1,4,1.6,0.4,0.1,0,0.1,1.6,0.5,1.2,177.9
58,0,1,2,0.8,0.2,0,0,0,0.8,0.2,0.7,94.4
59,0,1,2,0.8,0.2,0,0,0,0.8,0.2,0.7,94.4
67,0,1,2,0.8,0.2,0.1,0,0.1,0.8,0.1,0.6,90.2
68,0,1,14,5.4,1.2,0.7,0,0.7,5.4,0.4,4.3,631.2
71,0,1,8,3.1,0.7,0.4,0,0.4,3.1,0.2,2.4,360.7
80,0,1,2,0.8,0.2,0.1,0,0,0.8,0.1,0.8,102.9
90,0,1,4,1.4,0.2,0.2,0,0.2,1.4,0.3,1,229.8
95,0,1,6,2.6,0.6,0,0,0.2,2.6,0.2,2.6,316.7
108,0,1,2,1.1,0.5,0,0.1,0.1,1,0.2,0.6,145.3
113,0,1,1,0.5,0.2,0,0,0,0.5,0.2,0.4,72.2
114,0,1,2,1,0.5,0.1,0,0,1,0.3,0.7,144.5
117,0,1,2,1,0.5,0.1,0,0,1,0.3,0.7,144.5
118,0,1,1,0.5,0.2,0,0,0,0.5,0.2,0.4,72.2
122,0,1,2,0.9,0.4,0,0,0.1,0.9,0.3,0.6,113.4
123,0,1,8.5,4,1.6,0,0,0.5,4,1.1,2.7,482.1
125,0,1,2,0.9,0.4,0,0,0.1,0.9,0.3,0.6,113.4
3,1,1,3,1.2,0.2,0.1,0,0.1,1.2,0.2,1.1,147.6
7,1,1,3,1.2,0.2,0.1,0,0.1,1.2,0.2,1.1,147.6
9,1,1,1,0.4,0.1,0,0,0,0.4,0.1,0.4,49.2
10,1,1,2,0.8,0.1,0.1,0,0.1,0.8,0.2,0.7,98.4
20,1,1,2,0.9,0.5,0.1,0,0,0.9,0.2,0.8,126.6
25,1,1,4,1.6,0.4,0,0,0,1.6,0.3,1.5,219.1
33,1,1,2,0.8,0.1,0,0,0.2,0.8,0.1,0.8,91.5
42,1,1,1,0.5,0.2,0,0,0,0.5,0.2,0.4,49.4
51,1,1,3,1.4,0.5,0,0,0.1,1.4,0.8,1.1,148.3
53,1,1,1,0.5,0.1,0,0,0,0.5,0,0.5,68.3
54,1,1,3,1.4,0.4,0,0,0,1.4,0,1.4,204.9
57,1,1,4,1.6,0.3,0,0,0,1.6,0.3,1.4,188.8
58,1,1,3,1.2,0.2,0,0,0,1.2,0.2,1,141.6
66,1,1,3,1.1,0.3,0.2,0,0.2,1.1,0.1,0.9,135.2
68,1,1,10,4.1,0.6,0.3,0.2,0.3,3.9,0.5,3.3,522.7
71,1,1,3,1.2,0.2,0.1,0,0.1,1.2,0.1,1,156.8
80,1,1,3,1.2,0.3,0.1,0,0,1.2,0.2,1.1,154.4
82,1,1,2,0.7,0.1,0.1,0,0.1,0.7,0.1,0.5,114.9
84,1,1,6,2.1,0.3,0.3,0,0.3,2.1,0.4,1.5,344.7
95,1,1,4,1.8,0.4,0,0,0.1,1.8,0.1,1.8,211.1
102,1,1,3,1.6,0.7,0.1,0.2,0.2,1.4,0.3,1,218
106,1,1,2,1.1,0.5,0,0.1,0.1,1,0.2,0.6,145.3
107,1,1,3,1.6,0.7,0.1,0.2,0.2,1.4,0.3,1,218
124,1,1,7,3.2,1,0.2,0,0.6,3.2,0.4,2.8,440.7
126,1,1,2,0.9,0.3,0.1,0,0.2,0.9,0.1,0.8,125.9
127,1,1,4,1.8,0.6,0,0,0.2,1.8,0.6,1.7,192
5,2,1,2,0.8,0.1,0.1,0,0.1,0.8,0.2,0.7,98.4
7,2,1,8,3.1,0.4,0.2,0,0.2,3.1,0.6,2.9,393.6
11,2,1,2,0.8,0.1,0.1,0,0.1,0.8,0.2,0.7,98.4
32,2,1,4,1.5,0.1,0,0,0.5,1.5,0.1,1.5,183
37,2,1,3,1.3,0.3,0,0,0.1,1.3,0.4,1.2,201.1
38,2,1,5,2.2,0.6,0,0,0.1,2.2,0.7,1.9,335.1
41,2,1,4,1.8,0.4,0,0,0.1,1.8,0.6,1.6,268.1
52,2,1,4,1.8,0.5,0,0,0,1.8,0,1.8,273.2
54,2,1,1,0.5,0.1,0,0,0,0.5,0,0.5,68.3
57,2,1,3,1.2,0.2,0,0,0,1.2,0.2,1,141.6
68,2,1,20,8.2,1.2,0.6,0.3,0.6,7.9,0.9,6.7,1045.5
70,2,1,2,0.8,0.1,0.1,0,0.1,0.8,0.1,0.7,104.5
71,2,1,3,1.2,0.2,0.1,0,0.1,1.2,0.1,1,156.8
83,2,1,10,3.5,0.5,0.5,0,0.5,3.5,0.7,2.5,574.5
85,2,1,5,1.7,0.3,0.3,0,0.3,1.7,0.4,1.3,287.3
92,2,1,1,0.4,0.1,0,0,0,0.4,0,0.4,52.8
114,2,1,10.5,5.8,2.9,0.4,0,0.8,5.8,2.1,4.1,870.1
115,2,1,2,1.1,0.5,0.1,0,0.2,1.1,0.4,0.8,165.7
122,2,1,3,1.4,0.4,0.1,0,0.3,1.4,0.2,1.2,188.9
123,2,1,6,2.7,0.8,0.2,0,0.5,2.7,0.3,2.4,377.7
125,2,1,1,0.5,0.1,0,0,0.1,0.5,0.1,0.4,63
126,2,1,4,1.8,0.6,0.1,0,0.3,1.8,0.2,1.6,251.8
127,2,1,4,1.8,0.6,0,0,0.2,1.8,0.6,1.7,192
4,3,1,2,0.8,0.1,0.1,0,0.1,0.8,0.2,0.7,98.4
5,3,1,4,1.5,0.2,0.1,0,0.1,1.5,0.3,1.4,196.8
20,3,1,6,2.8,1.4,0.2,0,0,2.8,0.6,2.3,379.9
32,3,1,16,6,0.5,0,0,1.9,6,0.5,6,731.8
37,3,1,1,0.4,0.1,0,0,0,0.4,0.1,0.4,67
38,3,1,1,0.4,0.1,0,0,0,0.4,0.1,0.4,67
52,3,1,2,0.9,0.2,0,0,0,0.9,0,0.9,136.6
68,3,1,10,4.1,0.6,0.3,0.2,0.3,3.9,0.5,3.3,522.7
69,3,1,4,1.6,0.2,0.1,0,0.1,1.6,0.2,1.3,209.1
70,3,1,2,0.8,0.1,0.1,0,0.1,0.8,0.1,0.7,104.5
71,3,1,2,0.8,0.1,0.1,0,0.1,0.8,0.1,0.7,104.5
72,3,1,3,1.2,0.3,0.1,0,0,1.2,0.2,1.1,154.4
80,3,1,8,3.2,0.9,0.2,0,0,3.2,0.4,3,411.7
82,3,1,6,2.1,0.3,0.3,0,0.3,2.1,0.4,1.5,344.7
88,3,1,3,1,0.2,0.2,0,0.2,1,0.2,0.8,172.4
92,3,1,1,0.4,0.1,0,0,0,0.4,0,0.4,52.8
94,3,1,4,1.8,0.4,0,0,0.1,1.8,0.1,1.8,211.1
105,3,1,1,0.5,0.2,0,0,0.1,0.5,0.1,0.3,72.7
114,3,1,1,0.5,0.3,0,0,0.1,0.5,0.2,0.4,82.9
115,3,1,4,2.2,1.1,0.2,0,0.3,2.2,0.8,1.6,331.5
123,3,1,5,2.3,0.7,0.1,0,0.4,2.3,0.3,2,314.8
19,4,1,1,0.5,0.2,0,0,0,0.5,0.1,0.4,63.3
31,4,1,31,15.5,6.4,0,0,2.7,15.5,5.5,9.1,1787.1
32,4,0,47,20,5,2,0,2,20,4,13,2303
38,4,1,3,1.3,0.3,0,0,0.1,1.3,0.4,1.2,201.1
44,4,1,1,0.5,0.2,0,0,0,0.5,0.2,0.4,49.4
51,4,1,1,0.5,0.2,0,0,0,0.5,0.2,0.4,49.4
64,4,1,3,1.1,0.3,0.2,0,0.2,1.1,0.1,0.9,135.2
80,4,1,10,4.1,1.1,0.3,0,0,4.1,0.5,3.8,514.6
111,4,1,1,0.5,0.2,0,0,0.1,0.5,0.1,0.3,72.7
113,4,1,4,2.2,1.1,0.2,0,0.3,2.2,0.8,1.6,331.5
115,4,1,3,1.6,0.8,0.1,0,0.2,1.6,0.6,1.2,248.6
123,4,1,2.5,1.1,0.4,0.1,0,0.2,1.1,0.1,1,157.4
127,4,1,5,2.3,0.8,0,0,0.2,2.3,0.8,2.1,240
5,5,1,4,1.5,0.2,0.1,0,0.1,1.5,0.3,1.4,196.8
6,5,1,3,1.2,0.2,0.1,0,0.1,1.2,0.2,1.1,147.6
10,5,1,2,0.8,0.1,0.1,0,0.1,0.8,0.2,0.7,98.4
20,5,1,4,1.9,0.9,0.1,0,0,1.9,0.4,1.5,253.3
24,5,1,3,1.2,0.3,0,0,0,1.2,0.2,1.1,164.3
31,5,1,3,1.5,0.6,0,0,0.3,1.5,0.5,0.9,172.9
32,5,1,12.5,4.7,0.4,0,0,1.4,4.7,0.4,4.7,571.7
43,5,1,3,1.4,0.5,0,0,0.1,1.4,0.8,1.1,148.3
44,5,1,2,0.9,0.4,0,0,0.1,0.9,0.5,0.7,98.9
50,5,1,3,1.4,0.5,0,0,0.1,1.4,0.8,1.1,148.3
52,5,1,2,0.9,0.2,0,0,0,0.9,0,0.9,136.6
53,5,1,4,1.8,0.5,0,0,0,1.8,0,1.8,273.2
54,5,1,2,0.9,0.2,0,0,0,0.9,0,0.9,136.6
55,5,1,5,2.3,0.6,0,0,0,2.3,0,2.3,341.5
58,5,1,5,2,0.4,0,0,0,2,0.4,1.8,236
59,5,1,1,0.4,0.1,0,0,0,0.4,0.1,0.4,47.2
62,5,1,3,1.1,0.3,0.2,0,0.2,1.1,0.1,0.9,135.2
68,5,1,3,1.2,0.2,0.1,0,0.1,1.2,0.1,1,156.8
69,5,1,7,2.9,0.4,0.2,0.1,0.2,2.8,0.3,2.3,365.9
80,5,1,4,1.6,0.4,0.1,0,0,1.6,0.2,1.5,205.8
94,5,1,3,1.3,0.3,0,0,0.1,1.3,0.1,1.3,158.3
98,5,1,1,0.4,0.1,0,0,0,0.4,0,0.4,52.8
113,5,1,1,0.5,0.3,0,0,0.1,0.5,0.2,0.4,82.9
122,5,1,1,0.5,0.1,0,0,0.1,0.5,0.1,0.4,63
123,5,1,2,0.9,0.3,0.1,0,0.2,0.9,0.1,0.8,125.9
126,5,1,2,0.9,0.3,0.1,0,0.2,0.9,0.1,0.8,125.9
4,6,1,2,0.8,0.2,0.1,0,0.1,0.8,0.1,0.6,115.2
6,6,1,4,1.6,0.4,0.1,0,0.1,1.6,0.2,1.3,230.5
20,6,1,1,0.4,0.1,0,0,0,0.4,0.1,0.2,53.5
24,6,1,2,0.9,0.5,0.1,0,0,0.9,0.2,0.8,126.6
32,6,1,5,2.1,0.3,0.1,0,0.1,2.1,0.1,1.8,321.4
41,6,1,4,1.6,0.2,0.1,0,0.1,1.6,0.1,1.4,257.1
44,6,1,3,1.4,0.5,0,0,0.1,1.4,0.1,1.2,189.7
54,6,1,3,1.2,0.3,0,0.1,0.2,1.1,0.3,0.7,157
57,6,1,3,1.4,0.4,0,0,0.1,1.4,0.2,1.2,170.7
58,6,1,6,2.9,0.8,0,0,0.2,2.9,0.4,2.5,341.4
62,6,1,2,0.8,0.2,0.1,0,0.1,0.8,0,0.7,118
68,6,1,4,1.6,0.5,0.2,0,0.2,1.6,0.1,1.5,235.9
90,6,1,1,0.4,0.1,0,0,0,0.4,0,0.3,47.4
98,6,1,2,0.8,0.3,0,0,0,0.8,0.3,0.7,98.3
100,6,1,8,3.3,1,0.1,0,0,3.3,1.2,2.7,393.3
106,6,1,1,0.5,0.1,0,0,0.1,0.5,0.2,0.4,69.9
122,6,1,1,0.4,0.1,0,0,0.1,0.4,0.1,0.3,57
123,6,1,3,1.3,0.4,0.1,0,0.2,1.3,0.2,1,170.9
124,6,1,6,2.7,0.8,0.1,0.1,0.4,2.6,0.4,2,341.8
125,6,1,3,1.3,0.4,0.1,0,0.2,1.3,0.2,1,170.9
17,7,1,4,1.4,0.3,0.2,0,0.1,1.4,0.2,1,213.9
19,7,1,2,0.7,0.2,0.1,0,0,0.7,0.1,0.5,106.9
31,7,1,8,3.8,1.8,0.3,0,0,3.8,0.8,3.1,506.5
32,7,1,4,1.6,0.2,0.1,0,0.1,1.6,0.1,1.4,257.1
41,7,1,2,0.8,0.1,0.1,0,0.1,0.8,0.1,0.7,128.6
53,7,1,1,0.4,0.1,0,0,0.1,0.4,0.1,0.2,52.3
54,7,1,4,1.6,0.5,0,0.1,0.3,1.5,0.4,0.9,209.4
89,7,1,4,1.6,0.4,0.1,0,0.1,1.6,0.2,1.3,189.7
90,7,1,1,0.4,0.1,0,0,0,0.4,0,0.3,47.4
95,7,1,3,1.2,0.4,0.1,0,0,1.2,0.4,1,147.5
98,7,1,2,0.8,0.3,0,0,0,0.8,0.3,0.7,98.3
99,7,1,4,1.6,0.5,0.1,0,0,1.6,0.6,1.3,196.7
121,7,1,2,1,0.5,0.2,0,0.2,1,0.3,0.6,115.3
122,7,1,7,3.1,0.9,0.2,0.2,0.5,2.9,0.5,2.3,398.8
20,8,1,6,2.2,0.5,0.3,0,0.1,2.2,0.4,1.5,320.8
21,8,1,6,2.2,0.5,0.3,0,0.1,2.2,0.4,1.5,320.8
37,8,1,2,0.8,0.1,0.1,0,0.1,0.8,0.1,0.7,128.6
38,8,1,2,0.8,0.1,0.1,0,0.1,0.8,0.1,0.7,128.6
39,8,1,6,2.5,0.3,0.2,0,0.2,2.5,0.2,2.2,385.7
43,8,1,3,1.4,0.5,0,0,0.1,1.4,0.1,1.2,189.7
44,8,1,2,1,0.3,0,0,0,1,0.1,0.8,126.5
50,8,1,3,1.4,0.4,0,0,0,1.4,0.2,1.1,179.2
51,8,1,3,1.4,0.4,0,0,0,1.4,0.2,1.1,179.2
54,8,1,15,5.9,1.7,0,0.3,1,5.6,1.4,3.5,785.2
58,8,1,2,1,0.3,0,0,0.1,1,0.1,0.8,113.8
83,8,1,2,0.8,0.2,0,0,0.1,0.8,0.1,0.6,94.8
88,8,1,4,1.6,0.4,0.1,0,0.1,1.6,0.2,1.3,189.7
93,8,1,4,1.6,0.5,0.1,0,0,1.6,0.6,1.3,196.7
94,8,1,2,0.8,0.3,0,0,0,0.8,0.3,0.7,98.3
121,8,1,2,1,0.5,0.2,0,0.2,1,0.3,0.6,115.3
2,9,1,6,2.4,0.6,0.2,0,0.2,2.4,0.3,1.9,345.7
4,9,1,3.5,1.4,0.3,0.1,0,0.1,1.4,0.2,1.1,201.7
8,9,1,7,2.8,0.7,0.2,0,0.2,2.8,0.3,2.2,403.3
10,9,1,3,1.2,0.3,0.1,0,0.1,1.2,0.1,1,172.8
11,9,1,3,1.2,0.3,0.1,0,0.1,1.2,0.1,1,172.8
20,9,1,3,1.1,0.2,0.1,0,0,1.1,0.2,0.8,160.4
29,9,1,2,0.9,0.5,0.1,0,0,0.9,0.2,0.8,126.6
37,9,1,2,0.8,0.1,0.1,0,0.1,0.8,0.1,0.7,128.6
44,9,1,5,2.4,0.8,0,0,0.1,2.4,0.2,1.9,316.1
47,9,1,4,1.9,0.6,0,0,0,1.9,0.2,1.4,239
51,9,1,6,2.8,0.8,0,0,0,2.8,0.3,2.2,358.5
54,9,1,1,0.4,0.1,0,0,0.1,0.4,0.1,0.2,52.3
55,9,1,3,1.2,0.3,0,0.1,0.2,1.1,0.3,0.7,157
56,9,1,12,4.7,1.4,0,0.3,0.8,4.4,1.1,2.8,628.2
57,9,1,3,1.4,0.4,0,0,0.1,1.4,0.2,1.2,170.7
58,9,1,7,3.4,1,0,0,0.2,3.4,0.5,2.9,398.3
59,9,1,2,1,0.3,0,0,0.1,1,0.1,0.8,113.8
69,9,1,1,0.4,0.1,0,0,0,0.4,0,0.4,59
96,9,1,8,3.3,1,0.1,0,0,3.3,1.2,2.7,393.3
98,9,1,1,0.4,0.1,0,0,0,0.4,0.1,0.3,49.2
100,9,1,3,1.2,0.4,0.1,0,0,1.2,0.4,1,147.5
101,9,1,4,1.6,0.5,0.1,0,0,1.6,0.6,1.3,196.7
120,9,1,1,0.5,0.2,0.1,0,0.1,0.5,0.2,0.3,57.7
124,9,1,6,2.7,0.8,0.1,0.1,0.4,2.6,0.4,2,341.8
4,10,1,3,1.2,0.3,0.1,0,0.1,1.2,0.1,1,172.8
5,10,1,2,0.8,0.2,0.1,0,0.1,0.8,0.1,0.6,115.2
11,10,1,3,1.2,0.3,0.1,0,0.1,1.2,0.1,1,172.8
20,10,1,4,1.4,0.3,0.2,0,0.1,1.4,0.2,1,213.9
21,10,1,9,3.2,0.7,0.4,0,0.1,3.2,0.6,2.2,481.2
22,10,1,6,2.8,1.4,0.2,0,0,2.8,0.6,2.3,379.9
37,10,1,9,3.7,0.5,0.2,0,0.2,3.7,0.2,3.2,578.5
43,10,1,5,2.4,0.8,0,0,0.1,2.4,0.2,1.9,316.1
44,10,1,6,2.9,1,0,0,0.1,2.9,0.3,2.3,379.4
46,10,1,2,1,0.3,0,0,0,1,0.1,0.8,126.5
47,10,1,9,4.2,1.2,0,0,0,4.2,0.5,3.2,537.8
48,10,1,2,0.9,0.3,0,0,0,0.9,0.1,0.7,119.5
50,10,1,8,3.8,1.1,0,0,0,3.8,0.4,2.9,478
51,10,1,1,0.5,0.1,0,0,0,0.5,0.1,0.4,59.8
55,10,1,4,1.6,0.5,0,0.1,0.3,1.5,0.4,0.9,209.4
58,10,1,6,2.9,0.8,0,0,0.2,2.9,0.4,2.5,341.4
69,10,1,6,2.5,0.7,0.3,0,0.3,2.5,0.1,2.2,353.9
70,10,1,6,2.5,0.7,0.3,0,0.3,2.5,0.1,2.2,353.9
80,10,1,2,0.8,0,0,0,0,0.8,0,0.6,92.6
81,10,1,9,3.4,0.2,0,0,0.2,3.4,0.2,2.8,416.6
82,10,1,1,0.4,0.1,0,0,0,0.4,0,0.3,47.4
83,10,1,12,4.7,1.2,0.2,0,0.3,4.7,0.5,3.8,569
84,10,1,3,1.2,0.3,0,0,0.1,1.2,0.1,1,142.3
87,10,1,8,3.1,0.8,0.1,0,0.2,3.1,0.3,2.6,379.4
88,10,1,6,2.3,0.6,0.1,0,0.2,2.3,0.3,1.9,284.5
119,10,1,1,0.5,0.2,0.1,0,0.1,0.5,0.2,0.3,57.7
1,11,1,2,0.8,0.2,0.1,0,0.2,0.8,0.2,0.6,99.6
13,11,1,4,1.4,0.3,0.2,0,0.1,1.4,0.2,1,213.9
14,11,1,2,0.7,0.2,0.1,0,0,0.7,0.1,0.5,106.9
20,11,1,7,2.5,0.5,0.3,0,0.1,2.5,0.4,1.8,374.3
33,11,1,4,1.8,0.3,0,0,0.1,1.8,0.1,1.5,274.9
43,11,1,3,1.4,0.5,0,0,0.1,1.4,0.1,1.2,189.7
46,11,1,1,0.5,0.2,0,0,0,0.5,0,0.4,63.2
48,11,1,1,0.5,0.2,0,0,0,0.5,0,0.4,63.2
55,11,1,2,0.8,0.1,0,0,0,0.8,0.1,0.6,107.3
58,11,1,5,2,0.3,0.1,0,0,2,0.2,1.6,268.3
59,11,1,11,4.3,0.8,0.2,0,0,4.3,0.4,3.6,590.2
80,11,1,6,2.3,0.1,0,0,0.1,2.3,0.1,1.9,277.7
81,11,1,2,0.8,0,0,0,0,0.8,0,0.6,92.6
82,11,1,1,0.5,0.2,0,0,0,0.5,0.1,0.4,52.4
87,11,1,9,3.5,0.9,0.1,0,0.3,3.5,0.4,2.9,426.8
119,11,1,5,2.5,1.2,0.4,0,0.6,2.5,0.8,1.5,288.3
1,12,1,2,0.8,0.2,0.1,0,0.2,0.8,0.2,0.6,99.6
3,12,1,3,1.2,0.3,0.1,0,0.1,1.2,0.1,1,172.8
5,12,1,5,2,0.5,0.2,0,0.2,2,0.2,1.6,288.1
18,12,1,11,4,0.9,0.5,0,0.2,4,0.7,2.8,588.2
47,12,1,2,1,0.3,0,0,0,1,0.1,0.8,126.5
55,12,1,3,1.2,0.2,0.1,0,0,1.2,0.1,1,161
59,12,1,4,1.6,0.3,0.1,0,0,1.6,0.1,1.3,214.6
60,12,1,4,1.6,0.3,0.1,0,0,1.6,0.1,1.3,214.6
69,12,1,5,2,0.6,0.2,0,0.2,2,0.1,1.8,294.9
79,12,1,6,2.3,0.1,0,0,0.1,2.3,0.1,1.9,277.7
85,12,1,2,1.1,0.4,0,0,0,1.1,0.3,0.8,104.7
86,12,1,3,1.6,0.6,0,0,0,1.6,0.4,1.2,157.1
87,12,1,8,3.1,0.8,0.1,0,0.2,3.1,0.3,2.6,379.4
108,12,1,2,1,0.2,0,0,0.2,1,0.4,0.7,139.8
0,13,1,2,0.8,0.2,0.1,0,0.2,0.8,0.2,0.6,99.6
1,13,1,10,4.1,1,0.5,0.3,0.8,3.8,0.8,2.8,497.9
11,13,1,6,2.4,0.6,0.2,0,0.2,2.4,0.3,1.9,345.7
33,13,1,6,2.7,0.4,0,0,0.2,2.7,0.2,2.3,412.3
42,13,1,3,1.4,0.5,0,0,0.1,1.4,0.1,1.2,189.7
43,13,1,1,0.5,0.2,0,0,0,0.5,0,0.4,63.2
47,13,1,1,0.5,0.2,0,0,0,0.5,0,0.4,63.2
51,13,1,2,1,0.3,0,0,0,1,0.1,0.8,126.5
52,13,1,1,0.4,0.1,0,0,0,0.4,0,0.3,53.7
53,13,1,6,2.4,0.4,0.1,0,0,2.4,0.2,1.9,321.9
54,13,1,5.5,2.2,0.4,0.1,0,0,2.2,0.2,1.8,295.1
55,13,1,2,0.8,0.1,0,0,0,0.8,0.1,0.6,107.3
59,13,1,2,0.8,0.1,0,0,0,0.8,0.1,0.6,107.3
60,13,1,2,0.8,0.1,0,0,0,0.8,0.1,0.6,107.3
69,13,1,2,0.8,0.2,0.1,0,0.1,0.8,0,0.7,118
70,13,1,5,2,0.6,0.2,0,0.2,2,0.1,1.8,294.9
79,13,1,4,1.5,0.1,0,0,0.1,1.5,0.1,1.2,185.1
82,13,1,2,1.1,0.4,0,0,0,1.1,0.3,0.8,104.7
83,13,1,1,0.5,0.2,0,0,0,0.5,0.1,0.4,52.4
86,13,1,2,1.1,0.4,0,0,0,1.1,0.3,0.8,104.7
91,13,1,3,1.2,0.3,0,0,0.1,1.2,0.1,1,142.3
104,13,1,1,0.5,0.1,0,0,0.1,0.5,0.2,0.4,69.9
112,13,1,4,2,1,0.3,0,0.5,2,0.7,1.2,230.7
118,13,1,1,0.5,0.2,0.1,0,0.1,0.5,0.2,0.3,57.7
0,14,1,1,0.4,0.1,0.1,0,0.1,0.4,0.1,0.3,49.8
11,14,1,1,0.4,0.1,0,0,0,0.4,0,0.3,57.6
13,14,1,5,1.8,0.4,0.2,0,0.1,1.8,0.3,1.2,267.3
33,14,1,5,2.2,0.3,0,0,0.2,2.2,0.2,1.9,343.6
36,14,1,11,4.9,0.8,0,0,0.4,4.9,0.4,4.2,756
52,14,1,3,1.2,0.2,0.1,0,0,1.2,0.1,1,161
57,14,1,1,0.4,0.1,0,0,0,0.4,0,0.3,53.7
61,14,1,4,1.6,0.3,0.1,0,0,1.6,0.1,1.3,214.6
62,14,1,3,1.2,0.3,0.1,0,0.1,1.2,0.1,1.1,176.9
64,14,1,4,1.6,0.5,0.2,0,0.2,1.6,0.1,1.5,235.9
70,14,1,1,0.4,0.1,0,0,0,0.4,0,0.4,59
79,14,1,4,1.5,0.1,0,0,0.1,1.5,0.1,1.2,185.1
83,14,1,4,2.1,0.8,0,0,0,2.1,0.5,1.6,209.5
84,14,1,2,1.1,0.4,0,0,0,1.1,0.3,0.8,104.7
85,14,1,8,4.2,1.7,0,0,0,4.2,1.1,3.2,418.9
86,14,1,2,1.1,0.4,0,0,0,1.1,0.3,0.8,104.7
91,14,1,2,0.8,0.2,0,0,0.1,0.8,0.1,0.6,94.8
102,14,1,3,1.4,0.4,0,0,0.2,1.4,0.6,1.1,209.8
104,14,1,2,1,0.2,0,0,0.2,1,0.4,0.7,139.8
111,14,1,2,1,0.2,0,0,0.2,1,0.4,0.7,139.8
112,14,1,3,1.5,0.8,0.2,0,0.4,1.5,0.5,0.9,173
121,14,1,5,2.5,1.2,0.4,0,0.6,2.5,0.8,1.5,288.3
0,15,1,12,4.9,1.2,0.6,0.3,0.9,4.6,0.9,3.4,597.5
2,15,1,2,0.8,0.2,0.1,0,0.1,0.8,0.1,0.6,115.2
3,15,1,4,1.6,0.4,0.1,0,0.1,1.6,0.2,1.3,230.5
6,15,1,5,2,0.5,0.2,0,0.2,2,0.2,1.6,288.1
29,15,1,4,1.9,0.9,0.1,0,0,1.9,0.4,1.5,253.3
32,15,1,3,1.3,0.2,0,0,0.1,1.3,0.1,1.1,206.2
39,15,1,3,1.2,0.2,0.1,0,0.1,1.2,0.1,1.1,192.8
48,15,1,4,1.9,0.6,0,0,0.1,1.9,0.2,1.5,252.9
59,15,1,1,0.4,0.1,0,0,0,0.4,0,0.3,53.7
60,15,1,2,0.8,0.1,0,0,0,0.8,0.1,0.6,107.3
62,15,1,2,0.8,0.2,0.1,0,0.1,0.8,0,0.7,118
63,15,1,2,0.8,0.2,0.1,0,0.1,0.8,0,0.7,118
64,15,1,1,0.4,0.1,0,0,0,0.4,0,0.4,59
77,15,1,3,1.1,0.1,0,0,0.1,1.1,0.1,0.9,138.9
78,15,1,2,0.8,0,0,0,0,0.8,0,0.6,92.6
80,15,1,4,1.5,0.1,0,0,0.1,1.5,0.1,1.2,185.1
82,15,1,1,0.5,0.2,0,0,0,0.5,0.1,0.4,52.4
83,15,1,1,0.5,0.2,0,0,0,0.5,0.1,0.4,52.4
84,15,1,7,3.7,1.5,0,0,0,3.7,0.9,2.8,366.6
85,15,1,2,1.1,0.4,0,0,0,1.1,0.3,0.8,104.7
90,15,1,5,2,0.5,0.1,0,0.1,2,0.2,1.6,237.1
94,15,1,7,2.9,0.9,0.1,0,0,2.9,1,2.3,344.2
95,15,1,1,0.4,0.1,0,0,0,0.4,0.1,0.3,49.2
97,15,1,1,0.4,0.1,0,0,0,0.4,0.1,0.3,49.2
101,15,1,4,1.6,0.5,0.1,0,0,1.6,0.6,1.3,196.7
102,15,1,3,1.4,0.4,0,0,0.2,1.4,0.6,1.1,209.8
106,15,1,6,2.9,0.7,0,0,0.5,2.9,1.2,2.2,419.5
108,15,1,3,1.4,0.4,0,0,0.2,1.4,0.6,1.1,209.8
111,15,1,2,1,0.2,0,0,0.2,1,0.4,0.7,139.8
2,16,1,6,1.5,0.1,0.5,0,0.1,1.5,0.2,1.4,224.1
5,16,1,7,1.8,0.1,0.6,0,0.1,1.8,0.3,1.6,261.5
15,16,1,3,1.2,0.3,0,0,0.2,1.2,0.2,0.8,156.3
31,16,1,3,1.6,0.7,0.1,0,0.1,1.6,0.4,1.1,169.6
48,16,1,4,1.8,0.5,0,0,0.1,1.8,0.1,1.2,238.7
61,16,1,4,1.9,0.7,0,0,0.2,1.9,0.3,1.7,259.9
62,16,1,3,1.1,0.2,0.1,0,0,1.1,0.1,0.9,131
63,16,1,2,0.7,0.1,0.1,0,0,0.7,0,0.6,87.3
64,16,1,4,1.5,0.3,0.1,0,0,1.5,0.1,1.2,174.7
78,16,1,3,1.3,0.4,0.1,0,0.2,1.3,0.1,1,181.7
79,16,1,4,1.7,0.5,0.1,0,0.3,1.7,0.2,1.4,242.3
84,16,1,7,3.5,1.3,0,0,0.1,3.5,1,3.3,451.2
91,16,1,1,0.5,0.2,0,0,0,0.5,0.1,0.5,64.5
103,16,1,6,2.1,0.2,0.2,0,0,2.1,0.5,2.1,315
104,16,1,5,1.7,0.1,0.1,0,0,1.7,0.4,1.7,262.5
105,16,1,9,3.1,0.2,0.2,0,0,3.1,0.7,3.1,472.5
122,16,1,3,1.1,0.2,0.1,0,0,1.1,0,1.1,143.7
1,17,1,1,0.4,0.1,0,0,0,0.4,0,0.3,52.8
2,17,1,5,1.2,0.1,0.4,0,0.1,1.2,0.2,1.1,186.8
3,17,1,6,1.5,0.1,0.5,0,0.1,1.5,0.2,1.4,224.1
13,17,1,3,1.2,0.3,0,0,0.2,1.2,0.2,0.8,156.3
15,17,0,22,11,6,2,0,0,11,3,4,1167
30,17,1,12,6.2,2.9,0.4,0,0.4,6.2,1.7,4.6,678.2
31,17,1,6,3.1,1.4,0.2,0,0.2,3.1,0.8,2.3,339.1
38,17,1,4,1.5,0.2,0.2,0,0.1,1.5,0.4,1.4,219.8
39,17,1,4,1.5,0.2,0.2,0,0.1,1.5,0.4,1.4,219.8
47,17,1,5,2.3,0.6,0,0,0.1,2.3,0.2,1.5,298.4
59,17,1,2,1,0.3,0,0,0.1,1,0.2,0.9,129.9
60,17,1,1,0.5,0.2,0,0,0.1,0.5,0.1,0.4,65
61,17,1,3,1.5,0.5,0,0,0.2,1.5,0.2,1.3,194.9
62,17,1,17,6.3,1.2,0.6,0,0.2,6.3,0.4,4.9,742.5
64,17,1,4,1.5,0.3,0.1,0,0,1.5,0.1,1.2,174.7
81,17,1,2,0.9,0.2,0,0,0.2,0.9,0.1,0.7,121.1
83,17,1,5.5,2.7,1,0,0,0.1,2.7,0.8,2.6,354.5
91,17,1,1,0.5,0.2,0,0,0,0.5,0.1,0.5,64.5
100,17,1,4,1.5,0.2,0.1,0,0.2,1.5,0.2,1.2,181.7
113,17,1,3,1.1,0.1,0.1,0,0.1,1.1,0.1,1,153.5
114,17,1,5,1.9,0.2,0.2,0,0.1,1.9,0.2,1.6,255.8
3,18,1,1,0.2,0,0.1,0,0,0.2,0,0.2,37.4
4,18,1,4,1,0.1,0.3,0,0.1,1,0.2,0.9,149.4
14,18,1,1,0.4,0.1,0,0,0.1,0.4,0.1,0.3,52.1
25,18,1,2,0.9,0.2,0,0,0.1,0.9,0.2,0.8,117.8
30,18,1,4,2.1,1,0.1,0,0.1,2.1,0.6,1.5,226.1
32,18,1,5,1.9,0.2,0.2,0,0.1,1.9,0.5,1.8,274.8
48,18,1,3,1.4,0.4,0,0,0,1.4,0.1,0.9,179.1
49,18,1,1,0.5,0.1,0,0,0,0.5,0,0.3,59.7
59,18,1,3,1.5,0.5,0,0,0.2,1.5,0.2,1.3,194.9
60,18,1,6,2.9,1,0,0,0.3,2.9,0.5,2.6,389.8
61,18,1,4,1.9,0.7,0,0,0.2,1.9,0.3,1.7,259.9
62,18,1,19,7.1,1.3,0.7,0,0.2,7.1,0.4,5.5,829.8
64,18,1,2,0.7,0.1,0.1,0,0,0.7,0,0.6,87.3
78,18,1,1,0.4,0.1,0,0,0.1,0.4,0,0.3,60.6
79,18,1,2,0.9,0.2,0,0,0.2,0.9,0.1,0.7,121.1
83,18,1,2,1,0.4,0,0,0,1,0.3,0.9,128.9
84,18,1,2,1,0.4,0,0,0,1,0.3,0.9,128.9
87,18,1,1,0.5,0.2,0,0,0,0.5,0.1,0.5,64.5
96,18,1,4,1.5,0.2,0.1,0,0.2,1.5,0.2,1.2,181.7
100,18,1,1,0.4,0,0,0,0,0.4,0,0.3,45.4
102,18,1,4,1.4,0.1,0.1,0,0,1.4,0.3,1.4,210
104,18,1,5,1.7,0.1,0.1,0,0,1.7,0.4,1.7,262.5
114,18,1,2,0.8,0.1,0.1,0,0,0.8,0.1,0.6,102.3
115,18,1,1,0.4,0,0,0,0,0.4,0,0.3,51.2
116,18,1,5,1.9,0.2,0.2,0,0.1,1.9,0.2,1.6,255.8
4,19,1,3,0.8,0.1,0.2,0,0.1,0.8,0.1,0.7,112.1
11,19,1,3,0.8,0.1,0.2,0,0.1,0.8,0.1,0.7,112.1
13,19,1,4,1.6,0.3,0,0,0.2,1.6,0.2,1.1,208.3
14,19,1,3.5,1.4,0.3,0,0,0.2,1.4,0.2,1,182.3
21,19,1,4,1.8,0.7,0.2,0,0.2,1.8,0.2,1.5,248.5
25,19,1,3,1.4,0.3,0,0,0.2,1.4,0.3,1.2,176.8
32,19,1,3,1.1,0.1,0.1,0,0.1,1.1,0.3,1,164.8
33,19,1,2,0.8,0.1,0.1,0,0,0.8,0.2,0.7,109.9
34,19,1,4,1.5,0.2,0.2,0,0.1,1.5,0.4,1.4,219.8
47,19,1,4,1.8,0.5,0,0,0.1,1.8,0.1,1.2,238.7
48,19,1,9,4.1,1.1,0,0,0.1,4.1,0.3,2.7,537.2
49,19,1,13,5.9,1.6,0,0,0.2,5.9,0.4,3.9,775.9
57,19,1,3,1.5,0.5,0,0,0.2,1.5,0.2,1.3,194.9
59,19,1,8,3.9,1.4,0,0,0.5,3.9,0.6,3.4,519.8
60,19,1,7,3.4,1.2,0,0,0.4,3.4,0.5,3,454.8
62,19,1,13,4.8,0.9,0.5,0,0.2,4.8,0.3,3.8,567.8
74,19,1,1,0.4,0.1,0,0,0.1,0.4,0,0.3,60.6
75,19,1,2,0.9,0.2,0,0,0.2,0.9,0.1,0.7,121.1
83,19,1,1,0.5,0.2,0,0,0,0.5,0.1,0.5,64.5
84,19,1,1,0.5,0.2,0,0,0,0.5,0.1,0.5,64.5
91,19,1,2,1,0.4,0,0,0,1,0.3,0.9,128.9
98,19,1,3,1.1,0.1,0.1,0,0.1,1.1,0.1,0.9,136.2
99,19,1,6.5,2.4,0.3,0.2,0,0.3,2.4,0.3,2,295.2
103,19,1,5,1.7,0.1,0.1,0,0,1.7,0.4,1.7,262.5
104,19,1,2,0.7,0.1,0.1,0,0,0.7,0.2,0.7,105
106,19,1,2,0.7,0.1,0.1,0,0,0.7,0.2,0.7,105
115,19,1,1,0.4,0,0,0,0,0.4,0,0.3,51.2
124,19,1,7,2.7,0.5,0.3,0.1,0,2.6,0,2.5,335.2
5,20,1,2,0.5,0,0.2,0,0,0.5,0.1,0.5,74.7
12,20,1,5,2,0.4,0,0,0.3,2,0.3,1.4,260.4
13,20,1,12,4.7,1,0,0,0.7,4.7,0.7,3.4,625
15,20,1,4,1.6,0.3,0,0,0.2,1.6,0.2,1.1,208.3
28,20,1,1,0.5,0.2,0,0,0,0.5,0.1,0.4,56.5
30,20,1,3,1.6,0.7,0.1,0,0.1,1.6,0.4,1.1,169.6
33,20,1,2,0.8,0.1,0.1,0,0,0.8,0.2,0.7,109.9
48,20,1,8.5,3.9,1.1,0,0,0.1,3.9,0.3,2.5,507.3
49,20,1,14,6.4,1.8,0,0,0.2,6.4,0.4,4.2,835.6
50,20,1,1,0.5,0.1,0,0,0,0.5,0,0.3,59.7
51,20,1,1,0.5,0.1,0,0,0,0.5,0,0.3,59.7
53,20,1,2,0.8,0.1,0,0,0,0.8,0,0.6,104
54,20,1,4,1.5,0.1,0.1,0,0,1.5,0.1,1.3,208.1
56,20,1,9,3.4,0.3,0.2,0,0,3.4,0.2,2.9,468.1
57,20,1,2,1,0.3,0,0,0.1,1,0.2,0.9,129.9
58,20,1,2,1,0.3,0,0,0.1,1,0.2,0.9,129.9
59,20,1,1,0.5,0.2,0,0,0.1,0.5,0.1,0.4,65
60,20,1,5.5,2.7,1,0,0,0.3,2.7,0.4,2.3,357.3
65,20,1,2,0.7,0.1,0.1,0,0,0.7,0,0.6,87.3
92,20,1,2,0.7,0.1,0.1,0,0.1,0.7,0.1,0.6,90.8
99,20,1,4,1.5,0.2,0.1,0,0.2,1.5,0.2,1.2,181.7
112,20,1,22,8.4,0.9,0.9,0,0.4,8.4,0.9,7,1125.5
113,20,1,2,0.8,0.1,0.1,0,0,0.8,0.1,0.6,102.3
115,20,1,9,3.4,0.4,0.4,0,0.2,3.4,0.4,2.9,460.4
123,20,1,4,1.5,0.3,0.1,0.1,0,1.4,0,1.5,191.6
126,20,1,4,1.5,0.3,0.1,0.1,0,1.4,0,1.5,191.6
1,21,1,2,0.8,0.2,0.1,0,0.1,0.8,0.1,0.5,105.5
11,21,1,3,1.3,0.2,0.1,0,0.2,1.3,0.3,1.2,179.3
12,21,1,10,4.4,1.7,0.4,0,0.4,4.4,0.6,3.8,621.3
13,21,1,8,3.5,1.4,0.3,0,0.3,3.5,0.5,3.1,497.1
27,21,1,3,1.4,0.3,0,0,0.2,1.4,0.3,1.2,176.8
28,21,1,2,0.9,0.2,0,0,0.1,0.9,0.2,0.8,117.8
30,21,1,1,0.5,0.1,0,0,0.1,0.5,0.1,0.4,58.9
36,21,1,1,0.4,0.1,0,0,0,0.4,0,0.4,50.2
41,21,1,2,0.8,0.1,0.1,0,0,0.8,0.2,0.7,109.9
48,21,1,7,2.8,0.5,0.2,0,0.2,2.8,0,2.2,404.7
49,21,1,3,1.2,0.2,0.1,0,0.1,1.2,0,1,173.4
50,21,1,1,0.4,0.1,0,0,0,0.4,0,0.3,57.8
54,21,1,12,4.5,0.4,0.2,0,0,4.5,0.2,3.9,624.2
55,21,1,2,0.8,0.1,0,0,0,0.8,0,0.6,104
56,21,1,4,1.5,0.1,0.1,0,0,1.5,0.1,1.3,208.1
58,21,1,1,0.4,0,0,0,0,0.4,0,0.3,52
59,21,1,4,1.5,0.1,0.1,0,0,1.5,0.1,1.3,208.1
60,21,1,2,0.8,0.1,0,0,0,0.8,0,0.6,104
64,21,1,4,1.5,0.3,0.1,0,0,1.5,0.1,1.2,174.7
80,21,1,2,0.9,0.2,0,0,0.2,0.9,0.1,0.7,121.1
84,21,1,8,4,1.5,0,0,0.2,4,1.2,3.8,515.6
92,21,1,4,1.5,0.2,0.1,0,0.2,1.5,0.2,1.2,181.7
100,21,1,1,0.6,0.2,0,0.1,0,0.5,0.1,0.4,59.3
104,21,1,1,0.5,0.1,0,0,0.1,0.5,0,0.4,60.3
105,21,1,4,1.9,0.3,0,0,0.4,1.9,0.1,1.8,241.3
106,21,1,2.5,1.2,0.2,0,0,0.3,1.2,0.1,1.1,150.8
111,21,1,20,8.5,2.5,0.5,2.2,2.2,6.3,1.4,4.9,1001.1
112,21,1,8,2.9,0.5,0.4,0,0.2,2.9,0.4,2.2,380.4
114,21,1,8,2.9,0.5,0.4,0,0.2,2.9,0.4,2.2,380.4
115,21,1,9,3.3,0.6,0.4,0,0.2,3.3,0.4,2.5,427.9
116,21,1,6,2.2,0.4,0.3,0,0.1,2.2,0.3,1.6,285.3
127,21,1,6,2.9,1.1,0.1,0,0.1,2.9,0.4,2.6,312.6
1,22,1,6,2.4,0.6,0.2,0,0.2,2.4,0.3,1.6,316.6
6,22,1,8,2,0.2,0.7,0,0.2,2,0.3,1.8,298.8
13,22,1,3,1.3,0.5,0.1,0,0.1,1.3,0.2,1.2,186.4
30,22,1,2,0.9,0.2,0,0,0.1,0.9,0.2,0.8,117.8
38,22,1,1,0.4,0,0,0,0,0.4,0.1,0.4,55
39,22,1,2,0.8,0.1,0.1,0,0,0.8,0.2,0.7,109.9
40,22,1,4,1.5,0.2,0.2,0,0.1,1.5,0.4,1.4,219.8
41,22,1,5,1.9,0.2,0.2,0,0.1,1.9,0.5,1.8,274.8
50,22,1,1,0.4,0.1,0,0,0,0.4,0,0.3,57.8
51,22,1,2,0.8,0.1,0.1,0,0.1,0.8,0,0.6,115.6
54,22,1,3,1.1,0.1,0.1,0,0,1.1,0.1,1,156
56,22,1,2,0.8,0.1,0,0,0,0.8,0,0.6,104
60,22,1,7,2.6,0.2,0.1,0,0,2.6,0.1,2.2,364.1
63,22,1,1,0.4,0.1,0,0,0,0.4,0,0.3,43.7
66,22,1,6,2.2,0.4,0.2,0,0.1,2.2,0.1,1.7,262
84,22,1,3,1.5,0.6,0,0,0.1,1.5,0.4,1.4,193.4
86,22,1,2,1,0.4,0,0,0,1,0.3,0.9,128.9
88,22,1,4,2,0.7,0,0,0.1,2,0.6,1.9,257.8
92,22,1,2,0.7,0.1,0.1,0,0.1,0.7,0.1,0.6,90.8
100,22,1,1,0.6,0.2,0,0.1,0,0.5,0.1,0.4,59.3
101,22,1,7,3.9,1.7,0,0.4,0.2,3.5,0.6,3.1,415.2
104,22,1,2,0.9,0.2,0,0,0.2,0.9,0.1,0.9,120.7
111,22,1,10,4.2,1.2,0.3,1.1,1.1,3.1,0.7,2.5,500.5
114,22,1,2,0.7,0.1,0.1,0,0,0.7,0.1,0.5,95.1
7,23,1,3,1.3,0.2,0.1,0,0.2,1.3,0.3,1.2,179.3
11,23,1,2,0.8,0.1,0.1,0,0.1,0.8,0.2,0.8,119.5
19,23,1,4,1.8,0.7,0.2,0,0.2,1.8,0.2,1.5,248.5
29,23,1,2,0.9,0.2,0,0,0.1,0.9,0.2,0.8,117.8
33,23,1,3,1.2,0.2,0,0,0.1,1.2,0.1,1.1,150.6
34,23,1,5,2,0.4,0,0,0.2,2,0.1,1.8,251
40,23,1,2,0.8,0.1,0.1,0,0,0.8,0.2,0.7,109.9
75,23,1,2,0.9,0.2,0,0,0.2,0.9,0.1,0.7,121.1
83,23,1,1,0.5,0.2,0,0,0,0.5,0.1,0.5,64.5
92,23,1,11,4.1,0.5,0.4,0,0.5,4.1,0.5,3.4,499.6
93,23,1,5,1.9,0.2,0.2,0,0.2,1.9,0.2,1.5,227.1
94,23,1,2,0.7,0.1,0.1,0,0.1,0.7,0.1,0.6,90.8
100,23,1,1,0.6,0.2,0,0.1,0,0.5,0.1,0.4,59.3
101,23,1,5,2.8,1.2,0,0.3,0.1,2.5,0.4,2.2,296.6
102,23,1,3,1.4,0.2,0,0,0.3,1.4,0.1,1.3,181
103,23,1,2,0.9,0.2,0,0,0.2,0.9,0.1,0.9,120.7
109,23,1,2,0.8,0.2,0.1,0.2,0.2,0.6,0.1,0.5,100.1
110,23,1,5,2.1,0.6,0.1,0.5,0.5,1.6,0.3,1.2,250.3
111,23,1,7,3,0.9,0.2,0.8,0.8,2.2,0.5,1.7,350.4
114,23,1,4,1.5,0.3,0.2,0,0.1,1.5,0.2,1.1,190.2
7,24,1,4,1.7,0.2,0.1,0,0.2,1.7,0.4,1.6,239
8,24,1,7,3,0.4,0.2,0,0.4,3,0.6,2.8,418.3
10,24,1,3,1.3,0.2,0.1,0,0.2,1.3,0.3,1.2,179.3
20,24,1,6,2.7,1,0.2,0,0.2,2.7,0.3,2.3,372.8
22,24,1,2,0.9,0.2,0,0,0.1,0.9,0.2,0.8,117.8
30,24,1,5,2.4,0.6,0,0,0.3,2.4,0.6,1.9,294.6
31,24,1,4,1.9,0.4,0,0,0.2,1.9,0.4,1.6,235.7
32,24,1,5,2,0.4,0,0,0.2,2,0.1,1.8,251
33,24,1,10,4.1,0.8,0,0,0.4,4.1,0.2,3.7,502
34,24,1,6,2.4,0.5,0,0,0.2,2.4,0.1,2.2,301.2
54,24,1,4,1.5,0.1,0.1,0,0,1.5,0.1,1.3,208.1
62,24,1,6,2.2,0.4,0.2,0,0.1,2.2,0.1,1.7,262
64,24,1,1,0.4,0.1,0,0,0,0.4,0,0.3,43.7
74,24,1,3,1.3,0.4,0.1,0,0.2,1.3,0.1,1,181.7
76,24,1,4,1.7,0.5,0.1,0,0.3,1.7,0.2,1.4,242.3
77,24,1,7,3,0.9,0.1,0,0.6,3,0.3,2.4,424
79,24,1,5,2.1,0.6,0.1,0,0.4,2.1,0.2,1.7,302.9
80,24,1,2,0.9,0.2,0,0,0.2,0.9,0.1,0.7,121.1
82,24,1,2,1,0.4,0,0,0,1,0.3,0.9,128.9
89,24,1,2,1,0.4,0,0,0,1,0.3,0.9,128.9
92,24,1,6,2.2,0.3,0.2,0,0.3,2.2,0.3,1.9,272.5
93,24,1,7,2.6,0.3,0.2,0,0.3,2.6,0.3,2.2,317.9
98,24,1,10,5.5,2.4,0,0.5,0.3,5,0.8,4.5,593.2
101,24,1,5,2.8,1.2,0,0.3,0.1,2.5,0.4,2.2,296.6
103,24,1,5,2.3,0.4,0,0,0.5,2.3,0.1,2.2,301.6
104,24,1,4,1.9,0.3,0,0,0.4,1.9,0.1,1.8,241.3
107,24,1,4,1.7,0.5,0.1,0.4,0.4,1.3,0.3,1,200.2
108,24,1,3,1.3,0.4,0.1,0.3,0.3,1,0.2,0.7,150.2
109,24,1,6,2.5,0.7,0.2,0.6,0.7,1.9,0.4,1.5,300.3
110,24,1,5,2.1,0.6,0.1,0.5,0.5,1.6,0.3,1.2,250.3
114,24,1,2,0.7,0.1,0.1,0,0,0.7,0.1,0.5,95.1
125,24,1,7,2.7,0.5,0.3,0.1,0,2.6,0,2.5,335.2
126,24,1,10,3.8,0.7,0.4,0.2,0,3.6,0,3.6,478.9
127,24,1,19,9.3,3.4,0.4,0,0.4,9.3,1.1,8.2,989.9
0,25,1,4,1.6,0.4,0.1,0,0.1,1.6,0.2,1,211.1
2,25,1,3,0.8,0.1,0.2,0,0.1,0.8,0.1,0.7,112.1
8,25,1,2,0.8,0.1,0.1,0,0.1,0.8,0.2,0.8,119.5
9,25,1,9,3.8,0.5,0.3,0,0.5,3.8,0.8,3.5,537.8
12,25,1,1.5,0.7,0.3,0.1,0,0.1,0.7,0.1,0.6,93.2
19,25,1,11,4.9,1.9,0.4,0,0.4,4.9,0.6,4.2,683.5
20,25,1,4.5,2,0.8,0.2,0,0.2,2,0.3,1.7,279.6
22,25,1,1,0.5,0.1,0,0,0.1,0.5,0.1,0.4,58.9
23,25,1,3,1.4,0.3,0,0,0.2,1.4,0.3,1.2,176.8
24,25,1,2,0.9,0.2,0,0,0.1,0.9,0.2,0.8,117.8
25,25,1,4,1.9,0.4,0,0,0.2,1.9,0.4,1.6,235.7
33,25,1,19,7.8,1.6,0,0,0.8,7.8,0.4,7,953.9
48,25,1,2,0.8,0.1,0.1,0,0.1,0.8,0,0.6,115.6
49,25,1,12,4.7,0.9,0.4,0,0.4,4.7,0,3.9,693.7
65,25,1,2,0.7,0.1,0.1,0,0,0.7,0,0.6,87.3
77,25,1,3,1.3,0.4,0.1,0,0.2,1.3,0.1,1,181.7
78,25,1,3,1.3,0.4,0.1,0,0.2,1.3,0.1,1,181.7
79,25,1,3,1.3,0.4,0.1,0,0.2,1.3,0.1,1,181.7
89,25,1,3,1.5,0.6,0,0,0.1,1.5,0.4,1.4,193.4
97,25,1,2,1.1,0.5,0,0.1,0.1,1,0.2,0.9,118.6
99,25,1,2,1.1,0.5,0,0.1,0.1,1,0.2,0.9,118.6
100,25,1,4,2.2,0.9,0,0.2,0.1,2,0.3,1.8,237.3
102,25,1,5,2.3,0.4,0,0,0.5,2.3,0.1,2.2,301.6
104,25,1,2,0.9,0.2,0,0,0.2,0.9,0.1,0.9,120.7
105,25,1,6,2.8,0.5,0,0,0.7,2.8,0.2,2.6,362
106,25,0,33,17,6,0,3,1,14,2,11,1668
107,25,1,9,3.8,1.1,0.2,1,1,2.8,0.6,2.2,450.5
108,25,1,2,0.8,0.2,0.1,0.2,0.2,0.6,0.1,0.5,100.1
121,25,1,5,1.8,0.3,0.2,0,0.1,1.8,0.2,1.4,237.7
123,25,1,2,0.8,0.1,0.1,0.1,0,0.7,0,0.7,95.8
124,25,1,1,0.4,0.1,0,0,0,0.4,0,0.4,47.9
125,25,1,8,3.1,0.6,0.3,0.2,0,2.9,0,2.9,383.1
126,25,1,2,0.8,0.1,0.1,0.1,0,0.7,0,0.7,95.8
127,25,1,5,2.5,0.9,0.1,0,0.1,2.5,0.3,2.1,260.5
23,26,1,1,0.4,0.1,0,0,0,0.4,0.1,0.3,44.4
31,26,1,1,0.4,0.1,0,0,0,0.4,0.1,0.3,44.4
33,26,1,17,7.2,0.7,0,0,1.2,7.2,1.7,5,848.1
34,26,1,4,1.7,0.2,0,0,0.3,1.7,0.4,1.2,199.5
36,26,1,2,0.8,0.1,0,0,0.1,0.8,0.2,0.6,99.8
39,26,1,6,2.5,0.3,0,0,0.4,2.5,0.6,1.8,299.3
40,26,1,6,2.5,0.3,0,0,0.4,2.5,0.6,1.8,299.3
48,26,1,5,2.5,1,0,0,0,2.5,0.4,2.5,326.2
49,26,1,1,0.5,0.2,0,0,0,0.5,0.1,0.5,65.2
54,26,1,1,0.5,0.1,0,0,0.1,0.5,0.1,0.4,49.2
64,26,1,3,1.1,0.2,0.1,0,0.1,1.1,0.2,0.9,126.9
74,26,1,7,3.2,0.8,0,0,0.8,3.2,1.3,2.4,384.7
77,26,1,3,1.3,0.4,0,0.1,0,1.2,0.2,1,161.1
78,26,1,1,0.4,0.1,0,0,0,0.4,0.1,0.3,53.7
82,26,1,1,0.5,0.1,0,0,0,0.5,0.1,0.4,64.2
87,26,1,6,2.4,0.4,0.2,0,0.2,2.4,0,2.4,356.7
99,26,1,4,1.4,0.2,0.1,0,0.1,1.4,0.1,1.2,164
100,26,1,2,0.7,0.1,0.1,0,0.1,0.7,0,0.6,82
106,26,1,18,8.7,3.1,0,0,0,8.7,1.2,5.6,956.5
123,26,1,1,0.5,0.2,0,0.1,0,0.4,0.1,0.3,47.2
124,26,1,4,2,0.8,0,0.4,0.2,1.6,0.2,1.2,188.7
125,26,1,2,1,0.4,0,0.2,0.1,0.8,0.1,0.6,94.3
126,26,1,1,0.5,0.2,0,0.1,0,0.4,0.1,0.3,47.2
6,27,1,1,0.3,0.1,0.1,0,0,0.3,0,0.3,44.3
11,27,1,3,1,0.2,0.2,0,0.1,1,0.1,0.9,132.9
17,27,1,2,0.9,0.3,0,0,0.1,0.9,0.1,0.6,115.2
22,27,1,1,0.4,0.1,0,0,0,0.4,0.1,0.3,44.4
26,27,1,2,0.7,0.1,0.1,0,0,0.7,0.2,0.6,88.9
27,27,1,1,0.4,0.1,0,0,0,0.4,0.1,0.3,44.4
33,27,1,4,1.7,0.2,0,0,0.3,1.7,0.4,1.2,199.5
39,27,1,6,2.5,0.3,0,0,0.4,2.5,0.6,1.8,299.3
48,27,1,5,2.5,1,0,0,0,2.5,0.4,2.5,326.2
49,27,1,8,4,1.6,0,0,0,4,0.7,4,521.9
50,27,1,1,0.5,0.2,0,0,0,0.5,0.1,0.5,65.2
61,27,1,5,2.3,0.7,0,0,0.3,2.3,0.3,1.9,246.2
62,27,1,6,2.2,0.4,0.1,0,0.1,2.2,0.4,1.7,253.9
63,27,1,3,1.1,0.2,0.1,0,0.1,1.1,0.2,0.9,126.9
74,27,1,7,3.2,0.8,0,0,0.8,3.2,1.3,2.4,384.7
77,27,1,7,3.1,0.9,0.1,0.3,0.1,2.8,0.4,2.4,375.9
78,27,1,10,4.4,1.3,0.2,0.5,0.2,3.9,0.6,3.5,537
79,27,1,6,2.7,0.8,0.1,0.3,0.1,2.4,0.4,2.1,322.2
80,27,1,2,0.9,0.3,0,0.1,0,0.8,0.1,0.7,107.4
81,27,1,6,2.7,0.8,0.1,0.3,0.1,2.4,0.4,2.1,322.2
88,27,1,2,0.8,0.1,0.1,0,0.1,0.8,0,0.8,118.9
96,27,1,7,2.4,0.4,0.2,0,0.2,2.4,0.1,2,287
3,28,1,2,0.6,0.1,0.1,0,0,0.6,0,0.6,88.6
6,28,1,3,1,0.2,0.2,0,0.1,1,0.1,0.9,132.9
7,28,1,14,4.5,1,0.8,0,0.2,4.5,0.2,4,620.2
31,28,1,8,2.9,0.6,0.3,0,0,2.9,0.7,2.5,355.5
47,28,1,1,0.5,0.2,0,0,0,0.5,0.1,0.5,65.2
49,28,1,4,2,0.8,0,0,0,2,0.4,2,260.9
50,28,1,6,3,1.2,0,0,0,3,0.5,3,391.4
51,28,1,2,1,0.4,0,0,0,1,0.2,1,130.5
61,28,1,2,0.9,0.3,0,0,0.1,0.9,0.1,0.8,98.5
62,28,1,4,1.5,0.3,0.1,0,0.1,1.5,0.3,1.1,169.3
63,28,1,15,5.5,1,0.3,0,0.3,5.5,1,4.3,634.7
65,28,1,11.5,4.3,0.8,0.2,0,0.2,4.3,0.8,3.3,486.6
66,28,1,4,1.5,0.3,0.1,0,0.1,1.5,0.3,1.1,169.3
68,28,1,2,1,0.3,0,0,0,1,0.2,1,156.2
75,28,1,1,0.5,0.1,0,0,0.1,0.5,0.2,0.3,55
78,28,1,2,0.9,0.3,0,0.1,0,0.8,0.1,0.7,107.4
80,28,1,4,1.8,0.5,0.1,0.2,0.1,1.6,0.3,1.4,214.8
83,28,1,2,1,0.2,0,0,0,1,0.2,0.9,128.5
89,28,1,2,0.8,0.1,0.1,0,0.1,0.8,0,0.8,118.9
96,28,1,11,3.7,0.6,0.4,0,0.4,3.7,0.2,3.2,451
4,29,1,10,3.2,0.7,0.5,0,0.2,3.2,0.2,2.9,443
6,29,1,3,1,0.2,0.2,0,0.1,1,0.1,0.9,132.9
12,29,1,2,0.8,0.2,0.1,0.1,0.2,0.7,0.1,0.7,90.7
13,29,1,5,2.1,0.6,0.2,0.2,0.5,1.9,0.2,1.8,226.7
29,29,1,2,0.7,0.1,0.1,0,0,0.7,0.2,0.6,88.9
33,29,1,7,3,0.3,0,0,0.5,3,0.7,2.1,349.2
36,29,1,1,0.4,0,0,0,0.1,0.4,0.1,0.3,49.9
37,29,1,2,0.8,0.1,0,0,0.1,0.8,0.2,0.6,99.8
62,29,1,4,1.5,0.3,0.1,0,0.1,1.5,0.3,1.1,169.3
63,29,1,7,2.6,0.5,0.1,0,0.1,2.6,0.5,2,296.2
64,29,1,2,0.7,0.1,0,0,0,0.7,0.1,0.6,84.6
76,29,1,1,0.5,0.1,0,0,0.1,0.5,0.2,0.3,55
77,29,1,10,4.4,1.3,0.2,0.5,0.2,3.9,0.6,3.5,537
78,29,1,6,2.7,0.8,0.1,0.3,0.1,2.4,0.4,2.1,322.2
79,29,1,2,0.9,0.3,0,0.1,0,0.8,0.1,0.7,107.4
86,29,1,2,1,0.2,0,0,0,1,0.2,0.9,128.5
87,29,1,2,0.8,0.1,0.1,0,0.1,0.8,0,0.8,118.9
88,29,1,6,2.4,0.4,0.2,0,0.2,2.4,0,2.4,356.7
90,29,1,3,1.2,0.2,0.1,0,0.1,1.2,0,1.2,178.3
91,29,1,2.5,1,0.2,0.1,0,0.1,1,0,1,148.6
92,29,1,2,0.7,0.1,0.1,0,0.1,0.7,0,0.6,82
94,29,1,4,1.4,0.2,0.1,0,0.1,1.4,0.1,1.2,164
95,29,1,3,1,0.2,0.1,0,0.1,1,0.1,0.9,123
11,30,1,2,0.6,0.1,0.1,0,0,0.6,0,0.6,88.6
12,30,1,5,2.1,0.6,0.2,0.2,0.5,1.9,0.2,1.8,226.7
13,30,1,6,2.5,0.7,0.3,0.2,0.6,2.3,0.3,2.1,272
14,30,1,19,7.9,2.2,0.9,0.6,1.9,7.3,0.9,6.6,861.3
15,30,1,23,9.6,2.7,1.2,0.8,2.3,8.8,1.2,8.1,1042.7
19,30,1,3,1.4,0.4,0,0,0.1,1.4,0.2,1,172.7
32,30,1,7,3,0.3,0,0,0.5,3,0.7,2.1,349.2
33,30,1,4,1.7,0.2,0,0,0.3,1.7,0.4,1.2,199.5
48,30,1,1,0.5,0.2,0,0,0,0.5,0.1,0.5,65.2
55,30,1,5,2.3,0.7,0,0,0.3,2.3,0.3,1.9,246.2
57,30,1,3,1.4,0.4,0,0,0.2,1.4,0.2,1.1,147.7
76,30,1,2,0.9,0.2,0,0,0.2,0.9,0.4,0.7,109.9
77,30,1,2,0.9,0.3,0,0.1,0,0.8,0.1,0.7,107.4
79,30,1,2,0.9,0.3,0,0.1,0,0.8,0.1,0.7,107.4
89,30,1,6,2.4,0.4,0.2,0,0.2,2.4,0,2.4,356.7
91,30,1,3,1.2,0.2,0.1,0,0.1,1.2,0,1.2,178.3
92,30,1,6,2,0.3,0.2,0,0.2,2,0.1,1.7,246
93,30,1,3,1,0.2,0.1,0,0.1,1,0.1,0.9,123
95,30,1,9,3.1,0.5,0.3,0,0.3,3.1,0.2,2.6,369
109,30,1,2,1,0.3,0,0,0,1,0.1,0.6,106.3
11,31,1,5,1.6,0.4,0.3,0,0.1,1.6,0.1,1.4,221.5
12,31,1,12,4.6,0.9,0.3,0,0.3,4.6,0.1,4,533.9
13,31,0,34,16,6,0,0,2,16,2,10,1836
14,31,0,50,26,12,2,9,3,17,3,11,3092
15,31,0,33,15,5,1,2,3,13,2,9,1701
28,31,1,2,0.7,0.1,0.1,0,0,0.7,0.2,0.6,88.9
32,31,1,3,1.3,0.1,0,0,0.2,1.3,0.3,0.9,149.7
57,31,1,2,0.9,0.3,0,0,0.1,0.9,0.1,0.8,98.5
62,31,1,2,1,0.3,0,0,0,1,0.2,1,156.2
79,31,1,2,1,0.1,0,0,0.3,1,0.1,0.8,123.3
85,31,1,2,0.8,0.1,0.1,0,0.1,0.8,0.2,0.6,98.2
90,31,1,1,0.5,0.1,0,0,0,0.5,0.1,0.4,64.2
91,31,1,2,1,0.2,0,0,0,1,0.2,0.9,128.5
102,31,1,4,1.9,0.7,0,0,0,1.9,0.3,1.2,212.6
105,31,1,2,1,0.3,0,0,0,1,0.1,0.6,106.3
109,31,1,1,0.5,0.2,0,0,0,0.5,0.1,0.3,53.1
114,31,1,3,1.2,0.3,0,0,0,1.2,0,1.2,195.9
120,31,1,4,1.6,0.4,0,0,0,1.6,0,1.6,261.2
121,31,1,6,2.4,0.6,0,0,0,2.4,0,2.4,391.9
122,31,1,1,0.5,0.2,0,0,0,0.5,0,0.4,62.1
123,31,1,7,3.3,1.3,0.3,0,0.1,3.3,0.3,2.8,434.5
9,32,1,2,0.6,0.1,0.1,0,0,0.6,0,0.6,88.6
10,32,1,2,0.6,0.1,0.1,0,0,0.6,0,0.6,88.6
13,32,0,54,19,3,1,0,6,19,4,2,1520
14,32,0,121,60,27,3,24,10,36,19,28,5833
15,32,0,53,29,12,0,4,5,25,5,14,2703
16,32,1,10,3.9,0.7,0.3,0,0.3,3.9,0.1,3.3,444.9
27,32,1,2,0.7,0.1,0.1,0,0,0.7,0.2,0.6,88.9
32,32,1,2,0.8,0.1,0,0,0.1,0.8,0.2,0.6,99.8
79,32,1,4,1.9,0.3,0,0,0.6,1.9,0.3,1.5,246.6
86,32,1,2,0.8,0.1,0.1,0,0.1,0.8,0.2,0.6,98.2
87,32,1,2,1,0.2,0,0,0,1,0.2,0.9,128.5
89,32,1,1,0.5,0.1,0,0,0,0.5,0.1,0.4,64.2
95,32,1,4,1.4,0.2,0.1,0,0.1,1.4,0.1,1.2,164
120,32,1,4,1.6,0.4,0,0,0,1.6,0,1.6,261.2
121,32,0,21,11,4,1,0,1,11,3,9,867
122,32,1,21,10,3.8,0.8,0,0.3,10,1,8.5,1303.5
123,32,0,22,13,6,0,1,1,12,2,9,1710
124,32,1,5,2.4,0.9,0.2,0,0.1,2.4,0.2,2,310.4
7,33,1,2,0.6,0.1,0.1,0,0,0.6,0,0.6,88.6
13,33,1,14,5.4,1,0.4,0,0.4,5.4,0.1,4.6,622.8
14,33,0,30,14,5,1,0,0,14,1,11,1398
15,33,1,23,8.9,1.7,0.6,0,0.6,8.9,0.2,7.6,1023.2
16,33,1,4,1.5,0.3,0.1,0,0.1,1.5,0,1.3,178
23,33,1,2,0.7,0.1,0.1,0,0,0.7,0.2,0.6,88.9
26,33,1,2,0.7,0.1,0.1,0,0,0.7,0.2,0.6,88.9
27,33,1,4,1.5,0.3,0.1,0,0,1.5,0.4,1.2,177.7
57,33,1,2,0.9,0.3,0,0,0.1,0.9,0.1,0.8,98.5
58,33,1,1,0.5,0.1,0,0,0.1,0.5,0.1,0.4,49.2
62,33,1,2,1,0.3,0,0,0,1,0.2,1,156.2
63,33,1,3,1.6,0.5,0,0,0,1.6,0.3,1.6,234.3
65,33,1,3,1.6,0.5,0,0,0,1.6,0.3,1.6,234.3
74,33,1,1,0.5,0.1,0,0,0.1,0.5,0.2,0.3,55
75,33,1,2,0.9,0.2,0,0,0.2,0.9,0.4,0.7,109.9
76,33,1,3,1.4,0.3,0,0,0.3,1.4,0.6,1,164.9
79,33,1,2,1,0.1,0,0,0.3,1,0.1,0.8,123.3
80,33,1,1,0.5,0.1,0,0,0.1,0.5,0.1,0.4,61.7
81,33,1,2,1,0.1,0,0,0.3,1,0.1,0.8,123.3
82,33,1,12,5.1,0.4,0.4,0,0.4,5.1,1.3,3.8,589.1
83,33,1,8.5,3.6,0.3,0.3,0,0.3,3.6,0.9,2.7,417.2
87,33,1,3,1.4,0.4,0,0,0,1.4,0.4,1.3,192.7
89,33,1,5,2.4,0.6,0,0,0,2.4,0.6,2.2,321.2
90,33,1,4,1.9,0.5,0,0,0,1.9,0.5,1.8,257
103,33,1,2,1,0.3,0,0,0,1,0.1,0.6,106.3
120,33,1,1,0.4,0.1,0,0,0,0.4,0,0.4,65.3
121,33,1,6,2.4,0.6,0,0,0,2.4,0,2.4,391.9
122,33,1,11,5.2,2,0.4,0,0.1,5.2,0.5,4.4,682.8
123,33,1,10,4.8,1.8,0.4,0,0.1,4.8,0.5,4,620.7
124,33,1,8,3.8,1.5,0.3,0,0.1,3.8,0.4,3.2,496.6
6,34,1,5,1.6,0.4,0.3,0,0.1,1.6,0.1,1.4,221.5
12,34,1,14,5.4,1,0.4,0,0.4,5.4,0.1,4.6,622.8
13,34,1,10,3.9,0.7,0.3,0,0.3,3.9,0.1,3.3,444.9
14,34,1,2,0.8,0.1,0.1,0,0.1,0.8,0,0.7,89
15,34,1,13.5,5.2,1,0.4,0,0.4,5.2,0.1,4.5,600.6
16,34,1,2,0.8,0.1,0.1,0,0.1,0.8,0,0.7,89
17,34,1,20,9,2.6,0,0,0.6,9,1.3,6.5,1151.6
23,34,1,4,1.5,0.3,0.1,0,0,1.5,0.4,1.2,177.7
31,34,1,15,5.5,1.1,0.5,0,0,5.5,1.4,4.6,666.5
57,34,1,4,1.8,0.5,0,0,0.2,1.8,0.2,1.5,197
64,34,1,1,0.5,0.2,0,0,0,0.5,0.1,0.5,78.1
66,34,1,6,3.1,1,0,0,0,3.1,0.5,3.1,468.5
67,34,1,4,2.1,0.7,0,0,0,2.1,0.3,2.1,312.3
77,34,1,5,2.4,0.3,0,0,0.7,2.4,0.3,1.9,308.3
78,34,1,4,1.9,0.3,0,0,0.6,1.9,0.3,1.5,246.6
82,34,1,2,0.8,0.1,0.1,0,0.1,0.8,0.2,0.6,98.2
86,34,1,2,0.8,0.1,0.1,0,0.1,0.8,0.2,0.6,98.2
100,34,1,2,0.7,0.1,0.1,0,0.1,0.7,0,0.6,82
120,34,1,4,1.6,0.4,0,0,0,1.6,0,1.6,261.2
123,34,1,19,9,3.5,0.7,0,0.2,9,0.9,7.6,1179.4
124,34,0,29,12,0,0,0,2,12,0,5,1123.7
2,35,1,1,0.3,0.1,0.1,0,0,0.3,0,0.3,44.3
3,35,1,1,0.3,0.1,0.1,0,0,0.3,0,0.3,44.3
13,35,1,4,1.5,0.3,0.1,0,0.1,1.5,0,1.3,178
19,35,1,5,2.3,0.6,0,0,0.2,2.3,0.3,1.6,287.9
21,35,1,1,0.5,0.1,0,0,0,0.5,0.1,0.3,57.6
30,35,1,4,1.5,0.3,0.1,0,0,1.5,0.4,1.2,177.7
31,35,1,4,1.5,0.3,0.1,0,0,1.5,0.4,1.2,177.7
57,35,1,10,4.6,1.4,0,0,0.5,4.6,0.5,3.8,492.4
58,35,1,2,0.9,0.3,0,0,0.1,0.9,0.1,0.8,98.5
74,35,1,2,0.9,0.2,0,0,0.2,0.9,0.4,0.7,109.9
77,35,1,2,1,0.1,0,0,0.3,1,0.1,0.8,123.3
80,35,1,4,1.9,0.3,0,0,0.6,1.9,0.3,1.5,246.6
81,35,1,3,1.4,0.2,0,0,0.4,1.4,0.2,1.1,185
87,35,1,2,1,0.2,0,0,0,1,0.2,0.9,128.5
101,35,1,2,0.7,0.1,0.1,0,0.1,0.7,0,0.6,82
113,35,1,4,1.6,0.4,0,0,0,1.6,0,1.6,261.2
1,36,1,2,1,0.3,0,0,0,1,0.2,1,122.4
3,36,1,6,2.7,0.5,0.1,0,0.4,2.7,0.4,1.8,344.9
4,36,1,4,1.8,0.3,0.1,0,0.3,1.8,0.3,1.2,230
5,36,1,5,2.2,0.4,0.1,0,0.3,2.2,0.3,1.5,287.4
7,36,1,2,0.9,0.2,0,0,0.1,0.9,0.1,0.6,115
10,36,1,5,2.2,0.4,0.1,0,0.3,2.2,0.3,1.5,287.4
13,36,1,8.5,3.8,0.8,0,0,0,3.8,0.5,3.8,468.6
16,36,1,3,1.3,0.3,0,0,0,1.3,0.2,1.3,165.4
22,36,1,3,1.4,0.5,0.1,0,0,1.4,0.4,0.9,164.9
23,36,1,8,3.7,1.4,0.2,0,0,3.7,1.2,2.3,439.6
31,36,1,6,2.8,1,0.1,0,0,2.8,0.9,1.8,329.7
57,36,1,12,3.7,0,0.7,0.4,1,3.3,1.3,3,527
62,36,1,6,2.9,0.5,0,0,0.5,2.9,0,2.9,363.8
68,36,1,5,1.8,0,0.2,0,0.1,1.8,0.1,1.6,240.4
76,36,1,5,2.3,1.1,0.2,0,0.1,2.3,0.5,1.7,262.5
77,36,1,8,3.2,0.9,0.3,0,0.3,3.2,0.3,3,414
78,36,1,7,2.8,0.8,0.2,0,0.3,2.8,0.2,2.6,362.3
80,36,1,4,1.6,0.5,0.1,0,0.2,1.6,0.1,1.5,207
97,36,1,2,0.8,0.1,0.1,0,0.1,0.8,0.1,0.6,90
102,36,1,3,1.2,0.3,0.1,0,0.1,1.2,0.1,1,124
115,36,1,2,0.8,0.3,0.1,0,0,0.8,0.1,0.7,85.6
6,37,1,7,3.1,0.6,0.1,0,0.4,3.1,0.4,2.1,402.4
7,37,1,4,1.8,0.3,0.1,0,0.3,1.8,0.3,1.2,230
16,37,1,2,0.9,0.2,0,0,0,0.9,0.1,0.9,110.3
21,37,1,1,0.5,0.1,0,0,0,0.5,0.1,0.3,49.2
22,37,1,2,0.9,0.3,0,0,0,0.9,0.3,0.6,109.9
29,37,1,4,1.9,0.7,0.1,0,0,1.9,0.6,1.2,219.8
37,37,1,2,0.8,0.1,0,0,0.2,0.8,0,0.8,95.4
49,37,1,5,2,0.3,0.2,0,0.1,2,0.2,1.7,269.8
56,37,1,3,0.9,0,0.2,0.1,0.2,0.8,0.3,0.8,131.8
64,37,1,4,1.9,0.3,0,0,0.3,1.9,0,1.9,242.6
65,37,1,5,2.4,0.4,0,0,0.4,2.4,0,2.4,303.2
74,37,1,5,2.3,1.1,0.2,0,0.1,2.3,0.5,1.7,262.5
79,37,1,3,1.2,0.4,0.1,0,0.1,1.2,0.1,1.1,155.3
80,37,1,23,9.3,2.7,0.7,0,1,9.3,0.7,8.6,1190.4
81,37,1,3,1.2,0.4,0.1,0,0.1,1.2,0.1,1.1,155.3
83,37,1,4,2.2,0.8,0,0,0,2.2,0,2,292.2
84,37,1,3,1.6,0.6,0,0,0,1.6,0,1.5,219.1
98,37,1,2,0.8,0.1,0.1,0,0.1,0.8,0.1,0.6,90
9,38,1,2,0.9,0.2,0,0,0.1,0.9,0.1,0.6,115
15,38,1,2,0.9,0.2,0,0,0,0.9,0.1,0.9,110.3
16,38,1,6,2.7,0.6,0,0,0,2.7,0.3,2.7,330.8
21,38,1,2,1,0.3,0,0,0.1,1,0.1,0.6,98.4
35,38,1,3,1.2,0.1,0.1,0,0.3,1.2,0.1,1.1,143.1
51,38,1,2,0.8,0.1,0.1,0,0,0.8,0.1,0.7,107.9
68,38,1,3,1.1,0,0.1,0,0.1,1.1,0.1,0.9,144.3
77,38,1,2,0.8,0.2,0.1,0,0.1,0.8,0.1,0.7,103.5
79,38,1,1,0.4,0.1,0,0,0,0.4,0,0.4,51.8
9,39,1,5,2.2,0.4,0.1,0,0.3,2.2,0.3,1.5,287.4
16,39,1,3,1.3,0.3,0,0,0,1.3,0.2,1.3,165.4
18,39,1,6,2.9,0.8,0,0,0.3,2.9,0.4,1.8,295.1
19,39,1,2,1,0.3,0,0,0.1,1,0.1,0.6,98.4
21,39,1,2,1,0.3,0,0,0.1,1,0.1,0.6,98.4
26,39,1,4,1.9,0.7,0.1,0,0,1.9,0.6,1.2,219.8
28,39,1,2,0.9,0.3,0,0,0,0.9,0.3,0.6,109.9
29,39,1,2,0.9,0.3,0,0,0,0.9,0.3,0.6,109.9
35,39,1,1.5,0.6,0.1,0,0,0.1,0.6,0,0.6,71.5
37,39,1,1,0.4,0,0,0,0.1,0.4,0,0.4,47.7
38,39,1,2,0.8,0.1,0,0,0.2,0.8,0,0.8,95.4
49,39,1,2,0.8,0.1,0.1,0,0,0.8,0.1,0.7,107.9
66,39,1,3,1.4,0.2,0,0,0.2,1.4,0,1.4,181.9
67,39,1,3,1.1,0,0.1,0,0.1,1.1,0.1,0.9,144.3
78,39,1,2,0.8,0.2,0.1,0,0.1,0.8,0.1,0.7,103.5
79,39,1,20,8.1,2.3,0.6,0,0.9,8.1,0.6,7.4,1035.1
80,39,1,3,1.2,0.4,0.1,0,0.1,1.2,0.1,1.1,155.3
82,39,1,3,1.6,0.6,0,0,0,1.6,0,1.5,219.1
95,39,1,6,2.3,0.3,0.2,0,0.2,2.3,0.2,1.7,269.9
107,39,1,9,3.6,0.8,0.3,0,0.3,3.6,0.3,3,371.9
114,39,1,4,1.7,0.6,0.1,0,0,1.7,0.3,1.4,171.1
115,39,1,5,2.1,0.8,0.2,0,0,2.1,0.3,1.7,213.9
123,39,1,4,1.7,0.6,0.1,0,0,1.7,0.1,1.5,219.1
124,39,1,3,1.3,0.5,0.1,0,0,1.3,0.1,1.1,164.3
125,39,1,3,1.3,0.5,0.1,0,0,1.3,0.1,1.1,164.3
9,40,1,4,1.8,0.3,0.1,0,0.3,1.8,0.3,1.2,230
11,40,1,3,1.3,0.3,0.1,0,0.2,1.3,0.2,0.9,172.5
12,40,1,6,2.7,0.6,0,0,0,2.7,0.3,2.7,330.8
13,40,1,2,0.9,0.2,0,0,0,0.9,0.1,0.9,110.3
16,40,1,3,1.3,0.3,0,0,0,1.3,0.2,1.3,165.4
17,40,1,3,1.4,0.4,0,0,0.1,1.4,0.2,0.9,147.5
18,40,1,19,9.1,2.6,0,0,0.9,9.1,1.3,5.6,934.5
19,40,1,7,3.3,1,0,0,0.3,3.3,0.5,2.1,344.3
20,40,1,2,1,0.3,0,0,0.1,1,0.1,0.6,98.4
27,40,1,3,1.4,0.5,0.1,0,0,1.4,0.4,0.9,164.9
35,40,1,2,0.8,0.1,0,0,0.2,0.8,0,0.8,95.4
52,40,1,5,1.5,0,0.3,0.1,0.4,1.4,0.6,1.2,219.6
57,40,1,4,1.2,0,0.2,0.1,0.3,1.1,0.4,1,175.7
66,40,1,7,3.4,0.6,0,0,0.6,3.4,0,3.4,424.5
69,40,1,5,1.8,0,0.2,0,0.1,1.8,0.1,1.6,240.4
74,40,1,1,0.5,0.2,0,0,0,0.5,0.1,0.3,52.5
78,40,1,7,2.8,0.8,0.2,0,0.3,2.8,0.2,2.6,362.3
79,40,1,11,4.4,1.3,0.4,0,0.5,4.4,0.4,4.1,569.3
83,40,1,5,2.7,1,0,0,0,2.7,0,2.5,365.2
84,40,1,2,1.1,0.4,0,0,0,1.1,0,1,146.1
108,40,1,12,4.8,1.1,0.4,0,0.4,4.8,0.4,4.1,495.9
110,40,1,4.5,1.8,0.4,0.1,0,0.1,1.8,0.1,1.5,186
111,40,1,4,1.6,0.4,0.1,0,0.1,1.6,0.1,1.4,165.3
112,40,1,5,2.1,0.8,0.2,0,0,2.1,0.3,1.7,213.9
113,40,0,27,14,8,1,0,4,14,7,4,1186
114,40,1,18,7.4,2.8,0.6,0,0,7.4,1.2,6.2,770
115,40,1,13,5.4,2,0.4,0,0,5.4,0.9,4.5,556.1
116,40,1,11,4.6,1.7,0.4,0,0,4.6,0.8,3.8,470.5
117,40,1,14.5,6.1,2.4,0.3,0,0.3,6.1,0.3,5.5,863.9
118,40,1,10,4.2,1.6,0.2,0,0.2,4.2,0.2,3.8,595.8
119,40,1,5,2.1,0.8,0.1,0,0.1,2.1,0.1,1.9,297.9
121,40,1,9,3.8,1.5,0.2,0,0.2,3.8,0.2,3.4,536.2
122,40,1,1,0.4,0.2,0,0,0,0.4,0,0.4,54.8
123,40,1,2,0.8,0.3,0.1,0,0,0.8,0.1,0.7,109.5
5,41,1,10,5,1.6,0.2,0.4,0.6,4.6,0.8,3.5,632.2
6,41,1,2,1,0.3,0,0.1,0.1,0.9,0.2,0.7,126.4
10,41,1,2,0.8,0.3,0,0,0,0.8,0.1,0.7,96.2
13,41,1,2,0.9,0.2,0,0,0,0.9,0.1,0.9,110.3
36,41,1,3,1.2,0.1,0.1,0,0.3,1.2,0.1,1.1,143.1
38,41,1,2,0.8,0.1,0,0,0.2,0.8,0,0.8,95.4
40,41,1,16,6.4,0.7,0.3,0,1.3,6.4,0.3,6.1,762.9
57,41,1,2,0.8,0.1,0,0.1,0.1,0.7,0,0.7,78.5
58,41,1,2,0.8,0.1,0,0.1,0.1,0.7,0,0.7,78.5
66,41,1,5,1.8,0,0.2,0,0.1,1.8,0.1,1.6,240.4
68,41,1,2,0.7,0,0.1,0,0,0.7,0,0.6,96.2
69,41,1,4,1.4,0,0.1,0,0.1,1.4,0.1,1.3,192.4
74,41,1,1,0.5,0.2,0,0,0,0.5,0.1,0.3,52.5
77,41,1,1,0.5,0.2,0,0,0,0.5,0.1,0.3,52.5
79,41,1,9,4.1,1.9,0.4,0,0.2,4.1,0.9,3,472.5
82,41,1,1,0.5,0.2,0,0,0,0.5,0,0.5,73
104,41,1,7.5,3.6,1.3,0.3,0.7,0.4,2.9,0.1,2.3,420.1
105,41,1,7,3.4,1.2,0.3,0.7,0.4,2.7,0.1,2.2,392.1
107,41,1,4,2.1,0.8,0,0.1,0.2,2,0.5,1.4,215.8
108,41,1,8.5,4.5,1.6,0,0.1,0.5,4.4,1.1,2.9,458.6
109,41,0,28,18,10,0,3,1,15,2,7,1598
110,41,0,23,11,3,0,0,0,11,2,6,1460
111,41,1,14,7.4,2.7,0,0.2,0.8,7.2,1.9,4.7,755.4
112,41,1,16,6.8,1,0.1,0.3,1,6.5,1.3,5.5,750
113,41,1,5,2.1,0.3,0,0.1,0.3,2,0.4,1.7,234.4
115,41,1,2,0.9,0.1,0,0.1,0.1,0.8,0.2,0.7,93.8
126,41,1,4,1.7,0.6,0.1,0,0,1.7,0.1,1.5,219.1
0,42,1,2,1,0.3,0,0,0,1,0.2,1,122.4
3,42,1,4,2,0.6,0.1,0.1,0.2,1.9,0.3,1.4,252.9
6,42,1,1,0.5,0.2,0,0,0.1,0.5,0.1,0.3,63.2
7,42,1,9,3.6,1.4,0,0,0,3.6,0.2,3.4,432.7
8,42,1,13,5.2,2.1,0,0,0,5.2,0.3,4.9,625
9,42,1,4,1.6,0.6,0,0,0,1.6,0.1,1.5,192.3
17,42,1,2,0.9,0.2,0,0,0,0.9,0.1,0.9,110.3
19,42,1,3,1.3,0.3,0,0,0,1.3,0.2,1.3,165.4
20,42,1,4,1.8,0.4,0,0,0,1.8,0.2,1.8,220.5
23,42,1,2,0.7,0.2,0.1,0,0.1,0.7,0.1,0.4,68.2
25,42,1,12.5,4.2,1.2,0.8,0,0.4,4.2,0.8,2.7,426.2
33,42,1,7,2.8,0.3,0.1,0,0.6,2.8,0.1,2.7,333.8
35,42,1,4,1.6,0.2,0.1,0,0.3,1.6,0.1,1.5,190.7
37,42,1,2,0.8,0.1,0,0,0.2,0.8,0,0.8,95.4
38,42,1,2,0.8,0.1,0,0,0.2,0.8,0,0.8,95.4
48,42,1,1,0.4,0.1,0,0,0,0.4,0,0.3,54
49,42,1,3,1.2,0.2,0.1,0,0.1,1.2,0.1,1,161.9
56,42,1,2,0.6,0,0.1,0.1,0.2,0.5,0.2,0.5,87.8
57,42,1,2,0.8,0.1,0,0.1,0.1,0.7,0,0.7,78.5
74,42,1,4,1.8,0.9,0.2,0,0.1,1.8,0.4,1.3,210
77,42,1,1,0.5,0.2,0,0,0,0.5,0.1,0.3,52.5
78,42,1,5,2.3,1.1,0.2,0,0.1,2.3,0.5,1.7,262.5
79,42,1,1,0.5,0.2,0,0,0,0.5,0.1,0.3,52.5
80,42,1,1,0.5,0.2,0,0,0,0.5,0.1,0.3,52.5
81,42,1,3,1.4,0.6,0.1,0,0.1,1.4,0.3,1,157.5
82,42,1,3,1.6,0.6,0,0,0,1.6,0,1.5,219.1
91,42,1,3,1.6,0.6,0,0,0,1.6,0,1.5,219.1
92,42,1,10,4.6,1.5,0.2,0,0.4,4.6,0.4,4,590.9
93,42,1,1,0.5,0.2,0,0,0,0.5,0,0.4,59.1
95,42,1,7,3.2,1.1,0.1,0,0.3,3.2,0.3,2.8,413.6
103,42,1,6,2.9,1,0.2,0.6,0.3,2.3,0.1,1.9,336.1
104,42,1,6,2.9,1,0.2,0.6,0.3,2.3,0.1,1.9,336.1
105,42,1,10,4.9,1.7,0.4,1,0.6,3.9,0.2,3.1,560.2
108,42,1,2,1.1,0.4,0,0.1,0.1,1,0.3,0.7,107.9
109,42,1,14,7.4,2.7,0,0.2,0.8,7.2,1.9,4.7,755.4
110,42,1,6.5,3.4,1.2,0,0.1,0.4,3.3,0.9,2.2,350.7
111,42,1,19,10.1,3.6,0,0.3,1.1,9.8,2.5,6.4,1025.2
112,42,1,8,3.4,0.5,0.1,0.1,0.5,3.3,0.7,2.8,375
113,42,1,14,6,0.9,0.1,0.2,0.9,5.8,1.1,4.8,656.3
125,42,1,2,0.8,0.3,0.1,0,0,0.8,0.1,0.7,109.5
126,42,1,3,1.3,0.5,0.1,0,0,1.3,0.1,1.1,164.3
0,43,1,2,1,0.3,0,0,0,1,0.2,1,122.4
3,43,1,2,1,0.3,0,0.1,0.1,0.9,0.2,0.7,126.4
4,43,1,11.5,5.8,1.8,0.2,0.4,0.7,5.4,0.9,4,727.1
5,43,1,13,6.6,2,0.3,0.5,0.8,6.1,1,4.5,821.9
6,43,1,2,1,0.3,0,0.1,0.1,0.9,0.2,0.7,126.4
8,43,1,3,1.2,0.5,0,0,0,1.2,0.1,1.1,144.2
9,43,1,3,1.2,0.5,0,0,0,1.2,0.1,1.1,144.2
26,43,1,11,3.7,1,0.7,0,0.3,3.7,0.7,2.4,375
48,43,1,4.5,1.8,0.3,0.2,0,0.1,1.8,0.2,1.6,242.8
50,43,1,4,1.6,0.3,0.2,0,0.1,1.6,0.2,1.4,215.8
55,43,1,2,0.6,0,0.1,0.1,0.2,0.5,0.2,0.5,87.8
56,43,1,8,2.4,0,0.4,0.2,0.7,2.2,0.9,2,351.3
57,43,1,19,7.3,1,0,0.5,1,6.8,0,6.8,745.9
58,43,1,7,2.7,0.4,0,0.2,0.4,2.5,0,2.5,274.8
66,43,1,4,1.4,0,0.1,0,0.1,1.4,0.1,1.3,192.4
67,43,1,5,1.8,0,0.2,0,0.1,1.8,0.1,1.6,240.4
78,43,1,5,2.3,1.1,0.2,0,0.1,2.3,0.5,1.7,262.5
91,43,1,2,1.1,0.4,0,0,0,1.1,0,1,146.1
92,43,1,9,4.2,1.4,0.2,0,0.3,4.2,0.3,3.6,531.8
93,43,1,14,6.5,2.2,0.3,0,0.5,6.5,0.5,5.7,827.3
96,43,1,5,2.3,0.8,0.1,0,0.2,2.3,0.2,2,295.5
102,43,1,2,1,0.3,0.1,0.2,0.1,0.8,0,0.6,112
105,43,1,4,1.9,0.7,0.2,0.4,0.2,1.5,0.1,1.2,224.1
112,43,1,9,3.8,0.6,0.1,0.1,0.6,3.7,0.7,3.1,421.9
113,43,1,12,5.1,0.8,0.1,0.2,0.8,4.9,1,4.1,562.5
120,43,1,1,0.4,0.2,0,0,0,0.4,0,0.4,59.6
124,43,1,5,2.1,0.8,0.1,0,0,2.1,0.1,1.8,273.8
126,43,1,3,1.3,0.5,0.1,0,0,1.3,0.1,1.1,164.3
0,44,1,3,1.5,0.4,0,0,0,1.5,0.3,1.5,183.6
1,44,1,1,0.5,0.2,0,0,0,0.5,0.1,0.5,61.2
5,44,1,4,2,0.6,0.1,0.1,0.2,1.9,0.3,1.4,252.9
13,44,1,2,0.9,0.2,0,0,0,0.9,0.1,0.9,110.3
26,44,1,7,2.4,0.6,0.4,0,0.2,2.4,0.4,1.5,238.6
50,44,1,2,0.8,0.1,0.1,0,0,0.8,0.1,0.7,107.9
51,44,1,3,1.2,0.2,0.1,0,0.1,1.2,0.1,1,161.9
58,44,1,1,0.4,0.1,0,0,0.1,0.4,0,0.4,39.3
67,44,1,3,1.1,0,0.1,0,0.1,1.1,0.1,0.9,144.3
92,44,1,1,0.5,0.2,0,0,0,0.5,0,0.4,59.1
96,44,1,3,1.4,0.5,0.1,0,0.1,1.4,0.1,1.2,177.3
98,44,1,1,0.4,0.1,0,0,0,0.4,0,0.3,45
100,44,1,5,1.9,0.3,0.1,0,0.1,1.9,0.1,1.4,224.9
102,44,1,3,1.5,0.5,0.1,0.3,0.2,1.2,0.1,0.9,168.1
103,44,1,1,0.5,0.2,0,0.1,0.1,0.4,0,0.3,56
104,44,1,5,2.4,0.9,0.2,0.5,0.3,1.9,0.1,1.6,280.1
112,44,1,11,4.7,0.7,0.1,0.2,0.7,4.5,0.9,3.8,515.6
113,44,1,14,6,0.9,0.1,0.2,0.9,5.8,1.1,4.8,656.3
124,44,1,4,1.7,0.6,0.1,0,0,1.7,0.1,1.5,219.1
127,44,1,3,1.1,0.3,0.2,0,0.1,1.1,0.3,0.9,127.5
2,45,1,2,1,0.3,0,0.1,0.1,0.9,0.2,0.7,126.4
11,45,1,3.5,1.4,0.6,0,0,0,1.4,0.1,1.3,168.3
12,45,1,3,1.3,0.3,0,0,0,1.3,0.2,1.3,165.4
28,45,1,1,0.5,0.2,0,0,0,0.5,0.1,0.3,55
30,45,1,6,2.8,1,0.1,0,0,2.8,0.9,1.8,329.7
49,45,1,1,0.4,0.1,0,0,0,0.4,0,0.3,54
50,45,1,1,0.4,0.1,0,0,0,0.4,0,0.3,54
51,45,1,2,0.8,0.1,0.1,0,0,0.8,0.1,0.7,107.9
58,45,1,2,0.8,0.1,0,0.1,0.1,0.7,0,0.7,78.5
60,45,1,4,1.5,0.2,0,0.1,0.2,1.4,0,1.4,157
63,45,1,12,4.2,0,0.4,0,0.2,4.2,0.2,3.8,577.1
67,45,1,6,2.1,0,0.2,0,0.1,2.1,0.1,1.9,288.5
95,45,1,1,0.5,0.2,0,0,0,0.5,0,0.4,59.1
96,45,1,1,0.5,0.2,0,0,0,0.5,0,0.4,59.1
97,45,1,7,2.6,0.4,0.2,0,0.2,2.6,0.2,2,314.9
98,45,1,2,0.8,0.1,0.1,0,0.1,0.8,0.1,0.6,90
99,45,1,9.5,3.6,0.6,0.3,0,0.3,3.6,0.3,2.8,427.4
113,45,1,18,7.7,1.2,0.1,0.3,1.2,7.4,1.5,6.2,843.8
114,45,1,9,3.8,0.6,0.1,0.1,0.6,3.7,0.7,3.1,421.9
115,45,1,4,1.7,0.3,0,0.1,0.3,1.6,0.3,1.4,187.5
121,45,1,3,1.3,0.5,0.1,0,0.1,1.3,0.1,1.1,178.7
123,45,1,2,0.8,0.3,0.1,0,0,0.8,0.1,0.7,109.5
126,45,1,1,0.4,0.2,0,0,0,0.4,0,0.4,54.8
127,45,1,9,3.4,0.8,0.6,0,0.2,3.4,0.8,2.6,382.6
29,46,1,6,2.3,0.5,0.3,0,0.1,2.3,0.3,1.8,277.7
31,46,1,7,2.7,0.6,0.4,0,0.1,2.7,0.4,2.1,323.9
50,46,1,2,0.7,0.2,0.1,0,0,0.7,0.1,0.7,102.2
51,46,1,5,1.9,0.5,0.2,0.1,0,1.8,0.2,1.7,255.6
56,46,1,1,0.4,0.1,0,0,0,0.4,0,0.3,44.1
61,46,1,4,2.2,0.8,0.1,0,0,2.2,0,2.1,241.7
62,46,1,17,7.6,1.7,0,0,0.3,7.6,0.7,6.9,961.7
63,46,1,2,0.9,0.2,0,0,0,0.9,0.1,0.8,113.1
64,46,1,1,0.4,0.1,0,0,0,0.4,0,0.4,56.6
67,46,1,3,1.3,0.3,0.1,0,0.1,1.3,0.2,1.3,175.3
88,46,1,5.5,2.2,0.5,0.2,0,0.2,2.2,0.6,1.8,276.8
94,46,1,7,2.5,0.5,0.2,0,0,2.5,0.4,2.3,307.1
98,46,1,4,1.4,0.3,0.1,0,0,1.4,0.2,1.3,175.5
99,46,1,3,1.1,0.2,0.1,0,0,1.1,0.2,1,131.6
113,46,1,4,1.5,0.4,0.1,0,0.1,1.5,0.2,1,164
120,46,1,2,0.8,0.2,0,0,0,0.8,0.1,0.7,92.4
124,46,1,2,0.8,0.2,0,0,0,0.8,0,0.7,101.7
16,47,1,3,1.2,0.2,0,0,0.1,1.2,0.1,0.9,131.8
24,47,1,5,2.2,0.5,0.1,0,0.4,2.2,0.2,1.2,229.4
27,47,1,1,0.4,0.1,0.1,0,0,0.4,0.1,0.3,46.3
28,47,1,5,1.9,0.4,0.3,0,0.1,1.9,0.3,1.5,231.4
44,47,1,3,1.1,0.3,0.1,0.1,0,1,0.1,1,153.4
51,47,1,2,0.7,0.2,0.1,0,0,0.7,0.1,0.7,102.2
56,47,1,7,2.7,0.7,0.2,0,0.2,2.7,0.2,2.3,308.5
60,47,1,3,1.6,0.6,0.1,0,0,1.6,0,1.5,181.3
67,47,1,6,2.6,0.5,0.1,0,0.2,2.6,0.4,2.5,350.6
97,47,1,8,2.8,0.6,0.2,0,0,2.8,0.5,2.6,351
117,47,1,8,3.1,0.7,0.2,0,0.2,3.1,0.5,2.8,369.5
118,47,1,1,0.4,0.1,0,0,0,0.4,0.1,0.3,46.2
121,47,1,3,1.2,0.3,0.1,0,0.1,1.2,0.2,1,138.6
8,48,1,2,1,0.3,0,0,0.1,1,0,0.9,125.2
14,48,1,4,1.6,0.3,0,0,0.1,1.6,0.1,1.2,175.7
24,48,1,12.5,5.4,1.3,0.2,0,0.9,5.4,0.4,3.1,573.5
25,48,1,25,10.8,2.5,0.4,0,1.8,10.8,0.9,6.1,1146.9
26,48,1,4,1.7,0.4,0.1,0,0.3,1.7,0.1,1,183.5
27,48,1,11,4.2,0.9,0.6,0,0.2,4.2,0.6,3.2,509
28,48,1,6,2.3,0.5,0.3,0,0.1,2.3,0.3,1.8,277.7
29,48,1,4,1.5,0.3,0.2,0,0.1,1.5,0.2,1.2,185.1
45,48,1,4,1.5,0.4,0.2,0.1,0,1.4,0.2,1.3,204.5
49,48,1,6,2.2,0.6,0.2,0.1,0,2.1,0.2,2,306.7
51,48,1,8,3,0.8,0.3,0.2,0,2.8,0.3,2.7,408.9
56,48,1,2,0.8,0.2,0.1,0,0.1,0.8,0.1,0.7,88.1
57,48,1,4,2.2,0.8,0.1,0,0,2.2,0,2.1,241.7
58,48,1,1,0.5,0.2,0,0,0,0.5,0,0.5,60.4
63,48,1,3,1.3,0.3,0,0,0.1,1.3,0.1,1.2,169.7
86,48,1,2,1.2,0.8,0,0,0.1,1.2,0.2,1.2,147.4
87,48,1,4,1.6,0.3,0.1,0,0.1,1.6,0.5,1.3,201.3
88,48,1,3,1.2,0.3,0.1,0,0.1,1.2,0.3,1,151
91,48,1,1,0.4,0.1,0,0,0,0.4,0.1,0.3,50.3
93,48,1,1,0.4,0.1,0,0,0,0.4,0.1,0.3,43.9
94,48,1,2,0.7,0.2,0.1,0,0,0.7,0.1,0.6,87.8
97,48,1,3,1.1,0.2,0.1,0,0,1.1,0.2,1,131.6
115,48,1,3,1.1,0.3,0.1,0,0.1,1.1,0.2,0.8,123
116,48,1,9,3.4,0.8,0.3,0,0.3,3.4,0.6,2.2,369
117,48,1,1.5,0.6,0.1,0,0,0,0.6,0.1,0.5,69.3
6,49,1,2,1,0.3,0,0,0.1,1,0,0.9,125.2
11,49,1,4,1.9,0.5,0,0,0.1,1.9,0,1.8,250.4
12,49,1,2,0.8,0.2,0,0,0.1,0.8,0.1,0.6,87.8
13,49,1,3,1.2,0.2,0,0,0.1,1.2,0.1,0.9,131.8
14,49,1,2,0.8,0.2,0,0,0.1,0.8,0.1,0.6,87.8
20,49,1,4,1.6,0.3,0,0,0.1,1.6,0.1,1.2,175.7
23,49,1,14,6,1.4,0.2,0,1,6,0.5,3.4,642.3
24,49,1,8,3.5,0.8,0.1,0,0.6,3.5,0.3,2,367
25,49,1,21,9.1,2.1,0.3,0,1.5,9.1,0.8,5.1,963.4
26,49,1,8,3.5,0.8,0.1,0,0.6,3.5,0.3,2,367
28,49,1,8,3,0.7,0.4,0,0.1,3,0.4,2.3,370.2
29,49,1,8,3,0.7,0.4,0,0.1,3,0.4,2.3,370.2
50,49,1,5,1.9,0.5,0.2,0.1,0,1.8,0.2,1.7,255.6
56,49,1,6,2.3,0.6,0.2,0,0.2,2.3,0.2,2,264.4
57,49,1,9,4.9,1.9,0.3,0,0,4.9,0,4.6,543.8
62,49,1,9,4,0.9,0,0,0.2,4,0.4,3.7,509.1
89,49,1,6,2.4,0.5,0.2,0,0.2,2.4,0.7,1.9,301.9
91,49,1,6,2.4,0.5,0.2,0,0.2,2.4,0.7,1.9,301.9
93,49,1,1,0.4,0.1,0,0,0,0.4,0.1,0.3,43.9
115,49,1,5,1.9,0.5,0.2,0,0.2,1.9,0.3,1.2,205
116,49,1,2,0.8,0.2,0.1,0,0.1,0.8,0.1,0.5,82
119,49,1,6,2.3,0.5,0.1,0,0.1,2.3,0.4,2.1,277.1
6,50,1,2,1,0.3,0,0,0.1,1,0,0.9,125.2
7,50,1,2,1,0.3,0,0,0.1,1,0,0.9,125.2
10,50,1,2,1,0.3,0,0,0.1,1,0,0.9,125.2
18,50,1,4,1.6,0.3,0,0,0.1,1.6,0.1,1.2,175.7
19,50,1,11,4.3,0.9,0,0,0.3,4.3,0.3,3.4,483.1
20,50,1,3,1.2,0.2,0,0,0.1,1.2,0.1,0.9,131.8
23,50,1,9,3.9,0.9,0.1,0,0.6,3.9,0.3,2.2,412.9
25,50,1,13.5,5.8,1.4,0.2,0,1,5.8,0.5,3.3,619.3
26,50,1,19,8.2,1.9,0.3,0,1.4,8.2,0.7,4.6,871.7
30,50,1,2,0.8,0.2,0.1,0,0,0.8,0.1,0.6,92.6
45,50,1,5,1.9,0.5,0.2,0.1,0,1.8,0.2,1.7,255.6
52,50,1,5,1.9,0.5,0.2,0,0.2,1.9,0.2,1.7,220.3
56,50,1,39,15,3.9,1.3,0,1.3,15,1.3,13,1718.6
57,50,1,11,6,2.3,0.3,0,0,6,0,5.7,664.7
58,50,1,1,0.5,0.2,0,0,0,0.5,0,0.5,60.4
62,50,1,17,7.6,1.7,0,0,0.3,7.6,0.7,6.9,961.7
75,50,1,2,0.9,0.2,0,0,0.1,0.9,0.2,0.7,106.2
79,50,1,3,1.3,0.3,0,0,0.1,1.3,0.3,1,159.3
81,50,1,4,1.8,0.5,0,0,0.2,1.8,0.4,1.3,212.4
91,50,1,9,3.7,0.8,0.3,0,0.3,3.7,1,2.9,452.9
93,50,1,3,1.1,0.2,0.1,0,0,1.1,0.2,1,131.6
95,50,1,2,0.7,0.2,0.1,0,0,0.7,0.1,0.6,87.8
102,50,1,2,1.2,0.4,0,0.3,0.2,0.9,0.2,0.8,148.8
114,50,1,1,0.4,0.1,0,0,0,0.4,0.1,0.2,41
115,50,1,4,1.5,0.4,0.1,0,0.1,1.5,0.2,1,164
116,50,1,4,1.5,0.4,0.1,0,0.1,1.5,0.2,1,164
120,50,1,2,0.8,0.2,0,0,0,0.8,0.1,0.7,92.4
121,50,1,7,2.7,0.6,0.2,0,0.2,2.7,0.5,2.4,323.3
0,51,1,2,0.9,0.2,0,0,0.1,0.9,0.1,0.6,105.1
1,51,1,9,4,1,0.1,0.1,0.5,3.9,0.7,2.7,472.8
9,51,1,5,2.4,0.7,0,0,0.1,2.4,0,2.3,313
19,51,1,9,3.8,0.5,0,0,0,3.8,0.5,3.3,454.1
24,51,1,7,2.3,0.3,0.4,0,0,2.3,0.3,1.6,243.4
25,51,1,3,1,0.1,0.2,0,0,1,0.1,0.7,104.3
26,51,1,24,7.9,0.9,1.5,0,0,7.9,0.9,5.6,834.4
28,51,1,9,3,0.3,0.5,0,0,3,0.3,2.1,312.9
45,51,1,8,3,0.8,0.3,0.2,0,2.8,0.3,2.7,408.9
47,51,1,7,3.1,1,0,0.3,0,2.8,0,2.6,369.2
51,51,1,1,0.4,0.1,0,0,0,0.4,0,0.4,52.7
56,51,1,12,5.1,0.9,0.4,0,0.9,5.1,0.4,4.3,505.7
57,51,1,24,10.7,2.3,0.2,0.2,1.2,10.5,0.8,8.7,1156.9
58,51,1,9,4,0.9,0.1,0.1,0.4,3.9,0.3,3.3,433.9
62,51,1,1,0.3,0,0,0,0,0.3,0,0.3,47.9
63,51,1,21,7.3,0.8,0.8,0,0.6,7.3,0.1,6.8,1005.5
64,51,1,4,1.4,0.1,0.1,0,0.1,1.4,0,1.3,191.5
66,51,1,2,0.7,0.1,0.1,0,0.1,0.7,0,0.7,95.8
67,51,1,7,3.1,0.6,0.1,0,0.3,3.1,0.5,2.9,409.1
68,51,1,2,0.9,0.2,0,0,0.1,0.9,0.1,0.8,116.9
69,51,1,2,0.9,0.2,0,0,0.1,0.9,0.1,0.8,116.9
70,51,1,6,2.6,0.5,0.1,0,0.2,2.6,0.4,2.5,350.6
72,51,1,6,2.7,0.7,0,0,0.2,2.7,0.6,2,318.6
75,51,1,2,0.9,0.2,0,0,0.1,0.9,0.2,0.7,106.2
88,51,1,1,0.6,0.4,0,0,0,0.6,0.1,0.6,73.7
90,51,1,9,5.6,3.4,0,0,0.4,5.6,1.1,5.6,663.4
115,51,1,1,0.4,0.1,0,0,0,0.4,0.1,0.3,46.2
118,51,1,1,0.5,0.1,0,0,0.1,0.5,0.1,0.5,52.2
121,51,1,5,2.6,0.7,0,0.2,0.5,2.4,0.5,2.4,260.9
122,51,1,7,2.9,0.9,0.1,0,0,2.9,0,2.5,355.8
123,51,1,15,6.2,1.9,0.3,0,0,6.2,0,5.3,762.5
0,52,1,4,1.8,0.4,0,0.1,0.2,1.7,0.3,1.2,210.1
1,52,1,18,8.1,2,0.1,0.3,1,7.8,1.3,5.5,945.5
2,52,1,2,0.7,0.1,0,0,0,0.7,0,0.5,76.4
6,52,1,11,3.8,0.4,0.2,0,0.2,3.8,0.2,2.9,420
7,52,1,10,4.9,1.4,0,0,0.3,4.9,0,4.6,625.9
25,52,1,14,4.6,0.5,0.9,0,0,4.6,0.5,3.2,486.8
26,52,1,8,2.6,0.3,0.5,0,0,2.6,0.3,1.9,278.1
29,52,1,2,0.7,0.1,0.1,0,0,0.7,0.1,0.5,69.5
39,52,1,6,2.3,0.4,0.3,0,0.1,2.3,0.3,2.1,323.7
40,52,1,2,0.8,0.1,0.1,0,0,0.8,0.1,0.7,107.9
50,52,1,2,0.9,0.3,0,0.1,0,0.8,0,0.7,105.5
51,52,1,5,2.2,0.7,0,0.2,0,2,0,1.9,263.7
55,52,1,1,0.4,0.1,0,0,0.1,0.4,0,0.4,42.1
56,52,1,9,3.9,0.6,0.3,0,0.6,3.9,0.3,3.2,379.3
57,52,1,20,8.9,1.9,0.1,0.1,1,8.8,0.7,7.3,964.1
58,52,1,11,4.9,1.1,0.1,0.1,0.5,4.8,0.4,4,530.3
59,52,1,4,1.8,0.4,0,0,0.2,1.8,0.1,1.5,192.8
63,52,1,12,4.2,0.4,0.4,0,0.4,4.2,0.1,3.9,574.6
64,52,1,13,4.5,0.5,0.5,0,0.4,4.5,0.1,4.2,622.4
65,52,1,6,2.1,0.2,0.2,0,0.2,2.1,0,2,287.3
66,52,1,7,2.4,0.3,0.3,0,0.2,2.4,0,2.3,335.2
68,52,1,1,0.4,0.1,0,0,0,0.4,0.1,0.4,58.4
69,52,1,2,0.9,0.2,0,0,0.1,0.9,0.1,0.8,116.9
72,52,1,1,0.4,0.1,0,0,0,0.4,0.1,0.3,53.1
73,52,1,3,1.3,0.3,0,0,0.1,1.3,0.3,1,159.3
74,52,1,3,1.3,0.3,0,0,0.1,1.3,0.3,1,159.3
76,52,1,3,1.3,0.3,0,0,0.1,1.3,0.3,1,159.3
87,52,1,3,1.9,1.1,0,0,0.1,1.9,0.4,1.9,221.1
88,52,1,1,0.6,0.4,0,0,0,0.6,0.1,0.6,73.7
89,52,1,1,0.6,0.4,0,0,0,0.6,0.1,0.6,73.7
109,52,1,4,2.3,0.8,0,0.5,0.5,1.8,0.3,1.5,297.5
116,52,1,2,0.8,0.2,0,0,0,0.8,0.1,0.7,92.4
117,52,1,8,4.1,1.1,0,0.3,0.8,3.8,0.8,3.9,417.4
0,53,1,9,4,1,0.1,0.1,0.5,3.9,0.7,2.7,472.8
1,53,1,14.5,6.5,1.6,0.1,0.2,0.8,6.3,1.1,4.4,761.7
2,53,1,4,1.4,0.1,0.1,0,0.1,1.4,0.1,1.1,152.7
4,53,1,2,0.7,0.1,0,0,0,0.7,0,0.5,76.4
5,53,1,11,3.8,0.4,0.2,0,0.2,3.8,0.2,2.9,420
6,53,1,4,1.4,0.1,0.1,0,0.1,1.4,0.1,1.1,152.7
8,53,1,4,1.9,0.5,0,0,0.1,1.9,0,1.8,250.4
17,53,1,6,2.5,0.4,0,0,0,2.5,0.4,2.2,302.7
18,53,1,5,2.1,0.3,0,0,0,2.1,0.3,1.8,252.3
26,53,1,2,0.7,0.1,0.1,0,0,0.7,0.1,0.5,69.5
27,53,1,3,1,0.1,0.2,0,0,1,0.1,0.7,104.3
46,53,1,1,0.4,0.1,0,0,0,0.4,0,0.3,51.1
50,53,1,7,3.1,1,0,0.3,0,2.8,0,2.6,369.2
56,53,1,6,2.6,0.4,0.2,0,0.4,2.6,0.2,2.1,252.9
57,53,1,1,0.4,0.1,0,0,0,0.4,0,0.4,48.2
58,53,0,24,12,3,0,2,5,10,2,7,1208
59,53,0,20,11,3,0,0,0,11,0,6,1447
60,53,1,12,5.4,1.2,0.1,0.1,0.6,5.3,0.4,4.4,578.5
61,53,1,13,5.8,1.3,0.1,0.1,0.6,5.7,0.4,4.7,626.7
64,53,1,14,4.9,0.5,0.5,0,0.4,4.9,0.1,4.6,670.3
65,53,1,15,5.2,0.5,0.5,0,0.5,5.2,0.1,4.9,718.2
66,53,1,22,7.7,0.8,0.8,0,0.7,7.7,0.1,7.2,1053.3
67,53,1,1,0.4,0.1,0,0,0,0.4,0.1,0.4,58.4
69,53,1,2,0.9,0.2,0,0,0.1,0.9,0.1,0.8,116.9
88,53,1,3,1.9,1.1,0,0,0.1,1.9,0.4,1.9,221.1
90,53,1,1,0.6,0.4,0,0,0,0.6,0.1,0.6,73.7
105,53,1,3,1.7,0.6,0,0.3,0.3,1.4,0.2,1.2,223.2
106,53,1,1,0.6,0.2,0,0.1,0.1,0.5,0.1,0.4,74.4
107,53,1,8,4.6,1.5,0,0.9,0.9,3.7,0.6,3.1,595.1
108,53,1,2,1.2,0.4,0,0.3,0.2,0.9,0.2,0.8,148.8
116,53,1,7,2.7,0.6,0.2,0,0.2,2.7,0.5,2.4,323.3
117,53,1,6,3.1,0.8,0,0.2,0.6,2.9,0.6,2.9,313
123,53,1,2,0.8,0.2,0,0,0,0.8,0,0.7,101.7
124,53,1,2,0.8,0.2,0,0,0,0.8,0,0.7,101.7
127,53,1,2,0.8,0.2,0,0,0,0.8,0,0.7,101.7
0,54,1,17,7.6,1.8,0.1,0.2,0.9,7.4,1.3,5.2,893
1,54,1,16,7.2,1.7,0.1,0.2,0.9,7,1.2,4.9,840.5
2,54,1,8,2.8,0.3,0.1,0,0.1,2.8,0.1,2.1,305.5
3,54,1,7,2.4,0.2,0.1,0,0.1,2.4,0.1,1.9,267.3
8,54,1,4,1.9,0.5,0,0,0.1,1.9,0,1.8,250.4
17,54,1,4,1.7,0.2,0,0,0,1.7,0.2,1.5,201.8
19,54,1,4,1.7,0.2,0,0,0,1.7,0.2,1.5,201.8
25,54,1,2,0.7,0.1,0.1,0,0,0.7,0.1,0.5,69.5
28,54,1,2,0.7,0.1,0.1,0,0,0.7,0.1,0.5,69.5
40,54,1,2,0.8,0.1,0.1,0,0,0.8,0.1,0.7,107.9
57,54,1,17,7.6,1.6,0.1,0.1,0.8,7.5,0.6,6.2,819.5
58,54,1,4,1.8,0.4,0,0,0.2,1.8,0.1,1.5,192.8
59,54,0,46,16,4,3,7,2,9,0,6,1654
60,54,0,71.5,33,12,4,13,5,20,6,12,2691
61,54,1,2,0.9,0.2,0,0,0.1,0.9,0.1,0.7,96.4
64,54,1,4,1.4,0.1,0.1,0,0.1,1.4,0,1.3,191.5
65,54,1,5,1.7,0.2,0.2,0,0.2,1.7,0,1.6,239.4
66,54,1,18,6.3,0.7,0.7,0,0.5,6.3,0.1,5.9,861.8
67,54,1,3,1.3,0.3,0.1,0,0.1,1.3,0.2,1.3,175.3
68,54,1,1,0.4,0.1,0,0,0,0.4,0.1,0.4,58.4
101,54,1,1,0.4,0.1,0,0,0,0.4,0.1,0.3,43.9
104,54,1,2,1.2,0.4,0,0.3,0.2,0.9,0.2,0.8,148.8
108,54,1,2,1.2,0.4,0,0.3,0.2,0.9,0.2,0.8,148.8
116,54,1,2,0.8,0.2,0,0,0,0.8,0.1,0.7,92.4
118,54,1,2,1,0.3,0,0.1,0.2,0.9,0.2,1,104.3
125,54,1,1,0.4,0.1,0,0,0,0.4,0,0.4,50.8
0,55,1,3,1.3,0.3,0,0,0.2,1.3,0.2,0.9,157.6
1,55,1,6,2.7,0.7,0,0.1,0.3,2.6,0.4,1.8,315.2
3,55,1,11.5,4,0.4,0.2,0,0.2,4,0.2,3,439.1
17,55,1,5,2.1,0.3,0,0,0,2.1,0.3,1.8,252.3
24,55,1,1,0.3,0,0.1,0,0,0.3,0,0.2,34.8
25,55,1,2,0.7,0.1,0.1,0,0,0.7,0.1,0.5,69.5
29,55,1,3,1,0.1,0.2,0,0,1,0.1,0.7,104.3
40,55,1,3,1.2,0.2,0.1,0,0.1,1.2,0.1,1,161.9
46,55,1,2,0.7,0.2,0.1,0,0,0.7,0.1,0.7,102.2
47,55,1,2,0.9,0.3,0,0.1,0,0.8,0,0.7,105.5
51,55,1,3,1.3,0.4,0,0.1,0,1.2,0,1.1,158.2
57,55,0,36,13,2,0,0,0,13,0,10,1466
58,55,1,12,5.4,1.2,0.1,0.1,0.6,5.3,0.4,4.4,578.5
59,55,1,2,0.9,0.2,0,0,0.1,0.9,0.1,0.7,96.4
60,55,1,14.5,6.5,1.4,0.1,0.1,0.7,6.4,0.5,5.3,699
61,55,0,32,15,6,0,6,1,9,0,10,1542
63,55,1,9,3.1,0.3,0.3,0,0.3,3.1,0.1,2.9,430.9
64,55,1,8,2.8,0.3,0.3,0,0.2,2.8,0,2.6,383
65,55,1,5,1.7,0.2,0.2,0,0.2,1.7,0,1.6,239.4
66,55,0,40,22,8,0,12,2,10,0,16,1889
67,55,1,13,5.7,1.2,0.2,0,0.5,5.7,0.9,5.4,759.7
69,55,1,6,2.6,0.5,0.1,0,0.2,2.6,0.4,2.5,350.6
73,55,1,2,0.9,0.2,0,0,0.1,0.9,0.2,0.7,106.2
74,55,1,16,7.1,1.8,0,0,0.6,7.1,1.5,5.2,849.5
75,55,1,4,1.8,0.5,0,0,0.2,1.8,0.4,1.3,212.4
77,55,1,3,1.3,0.3,0,0,0.1,1.3,0.3,1,159.3
82,55,1,1,0.6,0.4,0,0,0,0.6,0.1,0.6,73.7
83,55,1,1,0.6,0.4,0,0,0,0.6,0.1,0.6,73.7
85,55,1,1,0.6,0.4,0,0,0,0.6,0.1,0.6,73.7
96,55,1,8,2.8,0.6,0.2,0,0,2.8,0.5,2.6,351
97,55,1,4,1.4,0.3,0.1,0,0,1.4,0.2,1.3,175.5
98,55,1,4,1.4,0.3,0.1,0,0,1.4,0.2,1.3,175.5
99,55,1,4,1.4,0.3,0.1,0,0,1.4,0.2,1.3,175.5
100,55,1,4,1.4,0.3,0.1,0,0,1.4,0.2,1.3,175.5
101,55,1,6,2.1,0.5,0.2,0,0,2.1,0.4,1.9,263.3
111,55,1,2,1.2,0.4,0,0.3,0.2,0.9,0.2,0.8,148.8
112,55,1,4,1.5,0.3,0.1,0,0.1,1.5,0.3,1.4,184.7
118,55,1,2,1,0.3,0,0.1,0.2,0.9,0.2,1,104.3
119,55,1,2,1,0.3,0,0.1,0.2,0.9,0.2,1,104.3
120,55,1,3,1.6,0.4,0,0.1,0.3,1.5,0.3,1.4,156.5
0,56,1,4,1.8,0.4,0,0,0.2,1.8,0.4,1.5,187.1
3,56,1,7,2.5,0.3,0.3,0,0.3,2.5,0.2,2.4,315.8
16,56,1,17,7.1,1.9,0.3,0.8,0.5,6.3,1.6,6,841.2
17,56,1,3,1.3,0.3,0,0,0.1,1.3,0.2,1.1,153
28,56,1,2,0.7,0,0,0.1,0.1,0.6,0.1,0.6,90.8
58,56,0,33,15,5,1,0,0,15,1,12,1543
59,56,0,56,30,11,0,12,10,18,7,3,2307
61,56,0,46,27,16,1,11,2,16,2,15,2266
62,56,1,17,7.1,2,0.6,0.2,0.2,6.9,0.7,5.5,746
63,56,1,12,5,1.4,0.4,0.2,0.2,4.8,0.5,3.9,526.6
64,56,1,21,8.8,2.5,0.7,0.3,0.3,8.5,0.9,6.9,921.5
65,56,1,12,5,1.4,0.4,0.2,0.2,4.8,0.5,3.9,526.6
66,56,1,10,4.2,1.2,0.4,0.1,0.1,4.1,0.4,3.3,438.8
67,56,0,85.5,57,33,0,39,10,18,8,6,3179
68,56,1,2,1.2,0.6,0,0.1,0.1,1.1,0.1,1,112.1
69,56,1,1,0.6,0.3,0,0.1,0.1,0.5,0,0.5,56
73,56,1,2,1,0.4,0,0,0.1,1,0.1,0.9,98.9
74,56,0,55,26,8,2,0,6,26,3,15,2528
75,56,0,22,11,3,0,0,0,11,0,10,986
76,56,0,26,12,2,0,0,0,12,1,11,1114
79,56,1,2,0.9,0.3,0.1,0,0,0.9,0,0.7,106
80,56,1,4,1.8,0.5,0.1,0,0,1.8,0.1,1.4,212.1
83,56,1,2,1.1,0.4,0,0,0,1.1,0.1,1.1,135
84,56,1,2,1.1,0.4,0,0,0,1.1,0.1,1.1,135
89,56,1,4,2.2,0.9,0,0,0.1,2.2,0.3,2.2,270
93,56,1,1,0.3,0.1,0.1,0,0,0.3,0,0.3,44.7
94,56,1,15.5,5.2,1.1,1.1,0,0,5.2,0,5.2,692.8
96,56,1,6,2,0.4,0.4,0,0,2,0,2,268.2
97,56,1,4,1.8,0.4,0,0,0.2,1.8,0.2,1.5,192
99,56,1,1,0.4,0.1,0,0,0.1,0.4,0.1,0.4,48
100,56,1,9,3.9,1,0,0,0.6,3.9,0.6,3.4,432
111,56,1,11,5.4,2.1,0,0,1,5.4,0.3,4.1,521.8
119,56,1,2,0.9,0.2,0,0,0.1,0.9,0.2,0.8,105.2
121,56,1,2,0.9,0.2,0,0,0.1,0.9,0.2,0.8,105.2
0,57,1,2,0.9,0.2,0,0,0.1,0.9,0.2,0.8,93.6
3,57,1,4,1.5,0.2,0.2,0,0.2,1.5,0.1,1.4,180.5
16,57,1,2,0.8,0.2,0,0.1,0.1,0.7,0.2,0.7,99
39,57,1,2,0.8,0.2,0.1,0,0,0.8,0,0.6,89.3
50,57,1,1,0.4,0.2,0.1,0,0,0.4,0,0.3,46.9
58,57,0,65,34,11,0,1,3,33,0,31,3326
59,57,1,14,6.8,1.2,0,0,1.2,6.8,0.6,6.5,868.3
61,57,1,10,4.8,0.9,0,0,0.9,4.8,0.4,4.6,620.2
62,57,0,44,34,26,0,29,5,5,17,4,1700
63,57,0,79.5,51,30,0,39,10,12,14,11,3857
64,57,1,16,6.7,1.9,0.6,0.2,0.2,6.5,0.7,5.2,702.1
65,57,1,10,4.2,1.2,0.4,0.1,0.1,4.1,0.4,3.3,438.8
67,57,0,88,42,20,3,0,2,42,7,25,3854
68,57,0,22,11,4,0,2,3,9,1,6,1118
69,57,0,32,17,9,1,15,3,2,6,2,1317
74,57,0,38,18,5,1,0,1,18,4,13,2071
75,57,0,31,16,5,0,0,1,16,2,10,1784
76,57,1,9,4.6,1.8,0.1,0.1,0.4,4.5,0.6,4,445
78,57,1,17,7.6,2.2,0.5,0,0,7.6,0.2,6.2,901.2
79,57,1,8,3.6,1,0.2,0,0,3.6,0.1,2.9,424.1
80,57,1,2,0.9,0.3,0.1,0,0,0.9,0,0.7,106
81,57,1,1,0.4,0.1,0,0,0,0.4,0,0.4,53
83,57,1,6,3.3,1.3,0,0,0.1,3.3,0.4,3.3,404.9
84,57,1,2,1.1,0.4,0,0,0,1.1,0.1,1.1,135
93,57,1,3,1,0.2,0.2,0,0,1,0,1,134.1
94,57,1,4,1.3,0.3,0.3,0,0,1.3,0,1.3,178.8
95,57,1,10,3.4,0.7,0.7,0,0,3.4,0,3.4,447
97,57,1,5,2.2,0.5,0,0,0.3,2.2,0.3,1.9,240
98,57,1,4,1.8,0.4,0,0,0.2,1.8,0.2,1.5,192
99,57,1,5,2.2,0.5,0,0,0.3,2.2,0.3,1.9,240
100,57,1,5,2.2,0.5,0,0,0.3,2.2,0.3,1.9,240
101,57,1,4,1.8,0.4,0,0,0.2,1.8,0.2,1.5,192
109,57,1,1,0.5,0.2,0,0,0.1,0.5,0,0.4,47.4
110,57,1,5,2.5,0.9,0,0,0.5,2.5,0.1,1.9,237.2
111,57,1,5,2.5,0.9,0,0,0.5,2.5,0.1,1.9,237.2
114,57,1,1,0.4,0.1,0,0,0,0.4,0.1,0.4,52.6
0,58,1,6,2.7,0.7,0,0,0.3,2.7,0.5,2.3,280.7
3,58,1,3,1.1,0.1,0.1,0,0.1,1.1,0.1,1,135.3
4,58,1,5,1.8,0.2,0.2,0,0.2,1.8,0.1,1.7,225.6
15,58,1,1,0.4,0.1,0,0,0,0.4,0.1,0.4,49.5
16,58,1,10,4.2,1.1,0.2,0.5,0.3,3.7,1,3.5,494.8
27,58,1,3,1.1,0.1,0.1,0.1,0.1,1,0.2,0.9,136.2
58,58,0,34,14,3,1,0,0,14,1,12,1432
59,58,0,27,13,3,0,0,0,13,0,13,1509
60,58,1,8.5,4.1,0.7,0,0,0.7,4.1,0.4,3.9,527.2
62,58,0,60,36,19,0,9,2,27,4,21,3732
63,58,0,135,80,42,2,47,12,33,21,25,6622
64,58,0,89.5,64,43,1,53,10,11,21,8,4678
65,58,0,22,17,12,0,15,0,2,4,5,1173
66,58,0,57.5,32,15,0,10,2,22,7,22,2987
67,58,0,54,30,15,0,1,3,29,5,23,2516
68,58,0,35,13,1,1,1,2,12,1,7,1295
69,58,1,7,4.2,2,0,0.4,0.4,3.8,0.2,3.5,392.3
73,58,1,19,9.8,3.8,0.3,0.3,0.8,9.5,1.4,8.4,939.4
74,58,0,28,11,3,0,0,0,11,0,8,1099.1
75,58,0,95.5,53,25,0,15,8,38,13,21,5026
76,58,0,90,35,8,2,4,6,31,7,20,4276
77,58,0,30.5,16,8,1,3,2,13,5,9,1445
78,58,0,27,12,5,1,0,2,12,1,5,1095
79,58,1,3,1.3,0.4,0.1,0,0,1.3,0,1.1,159
80,58,1,6,2.7,0.8,0.2,0,0,2.7,0.1,2.2,318.1
83,58,1,5,2.8,1.1,0,0,0.1,2.8,0.3,2.8,337.4
84,58,1,7,3.9,1.6,0,0,0.2,3.9,0.5,3.9,472.4
97,58,1,1,0.4,0.1,0,0,0.1,0.4,0.1,0.4,48
98,58,1,3,1.3,0.3,0,0,0.2,1.3,0.2,1.1,144
99,58,1,8,3.5,0.9,0,0,0.5,3.5,0.5,3,384
100,58,1,11,4.8,1.2,0,0,0.7,4.8,0.7,4.1,528
101,58,1,1,0.4,0.1,0,0,0.1,0.4,0.1,0.4,48
110,58,1,6,3,1.1,0,0,0.6,3,0.1,2.3,284.6
111,58,1,1,0.5,0.2,0,0,0.1,0.5,0,0.4,47.4
114,58,1,3,1.3,0.3,0,0,0.1,1.3,0.4,1.2,157.8
14,59,1,2,0.8,0.2,0,0.1,0.1,0.7,0.2,0.7,99
15,59,1,6,2.5,0.7,0.1,0.3,0.2,2.2,0.6,2.1,296.9
16,59,1,16,6.7,1.8,0.3,0.8,0.5,5.9,1.5,5.7,791.7
18,59,1,2,0.8,0.2,0,0,0.1,0.8,0.1,0.8,102
27,59,1,3,1.1,0.1,0.1,0.1,0.1,1,0.2,0.9,136.2
39,59,1,2,0.8,0.2,0.1,0,0,0.8,0,0.6,89.3
40,59,1,4,1.5,0.3,0.2,0,0.1,1.5,0,1.3,178.6
41,59,1,17,6.5,1.4,1,0,0.3,6.5,0,5.4,758.9
60,59,1,5,2.4,0.4,0,0,0.4,2.4,0.2,2.3,310.1
61,59,1,2,1,0.2,0,0,0.2,1,0.1,0.9,124
62,59,1,17,7.1,2,0.6,0.2,0.2,6.9,0.7,5.5,746
63,59,0,82,65,50,0,59,2,6,8,12,3622
64,59,0,95.5,59,37,1,42,8,17,10,21,4323
65,59,0,127,87,60,1,71,10,16,22,14,5750.4
66,59,1,14,5.9,1.7,0.5,0.2,0.2,5.7,0.6,4.6,614.3
67,59,0,40,22,12,0,8,4,14,1,10,1681
68,59,0,34.5,19,10,0,1,0,18,1,17,1619
70,59,1,6,3.6,1.7,0,0.4,0.4,3.2,0.2,3,336.3
71,59,1,7,4.2,2,0,0.4,0.4,3.8,0.2,3.5,392.3
72,59,1,8,4.1,1.6,0.1,0.1,0.3,4,0.6,3.5,395.5
73,59,0,39.5,22,10,1,5,1,17,4,16,1977
74,59,0,32,14,6,2,10,2,4,3,5,1356
75,59,0,50.5,24,11,2,3,4,21,3,14,2644
76,59,0,46,21,6,1,2,1,19,3,18,2162
77,59,0,55,29,11,0,11,2,18,1,18,2349
78,59,0,33.5,17,8,0,0,4,17,4,6,1496
79,59,1,22,9.9,2.9,0.6,0,0,9.9,0.3,8,1166.3
83,59,1,4,2.2,0.9,0,0,0.1,2.2,0.3,2.2,270
84,59,1,2,1.1,0.4,0,0,0,1.1,0.1,1.1,135
101,59,1,3,1.3,0.3,0,0,0.2,1.3,0.2,1.1,144
111,59,1,4,2,0.8,0,0,0.4,2,0.1,1.5,189.7
116,59,1,3,1.3,0.3,0,0,0.1,1.3,0.4,1.2,157.8
117,59,1,4,1.7,0.4,0,0,0.2,1.7,0.5,1.6,210.4
9,60,1,4,1.5,0.2,0.2,0,0.2,1.5,0.1,1.4,180.5
10,60,1,2,0.7,0.1,0.1,0,0.1,0.7,0,0.7,90.2
13,60,1,2,0.8,0.2,0,0.1,0.1,0.7,0.2,0.7,99
14,60,1,2,0.8,0.2,0,0.1,0.1,0.7,0.2,0.7,99
16,60,1,4,1.7,0.5,0.1,0.2,0.1,1.5,0.4,1.4,197.9
18,60,1,2,0.8,0.2,0,0,0.1,0.8,0.1,0.8,102
19,60,1,7,2.9,0.7,0,0,0.3,2.9,0.4,2.6,357.1
20,60,1,5,2.1,0.5,0,0,0.2,2.1,0.3,1.9,255.1
21,60,1,32,13.4,3.2,0,0,1.4,13.4,1.9,12.1,1632.5
22,60,1,16,5.9,0.4,0.4,0.8,0.8,5.1,1.2,4.7,726.6
25,60,1,2,0.7,0,0,0.1,0.1,0.6,0.1,0.6,90.8
27,60,1,4,1.5,0.1,0.1,0.2,0.2,1.3,0.3,1.2,181.7
28,60,1,1,0.4,0,0,0.1,0,0.3,0.1,0.3,45.4
41,60,1,4,1.5,0.3,0.2,0,0.1,1.5,0,1.3,178.6
42,60,1,2,0.9,0.3,0.1,0,0.1,0.9,0.1,0.7,93.9
52,60,1,5,2.5,0.7,0,0,0.3,2.5,0.2,2.2,345.8
59,60,1,2,1,0.2,0,0,0.2,1,0.1,0.9,124
61,60,1,4,1.9,0.4,0,0,0.4,1.9,0.2,1.8,248.1
62,60,0,37,19,6,0,0,3,19,2,13,1742
63,60,1,12,5,1.4,0.4,0.2,0.2,4.8,0.5,3.9,526.6
64,60,0,68,36,17,1,6,6,30,5,25,3762
65,60,0,34,20,13,2,14,1,6,6,7,1253
66,60,0,16,11,7,0,3,1,8,1,5,980
67,60,1,8,4.8,2.3,0,0.5,0.5,4.3,0.2,4,448.4
68,60,1,19.5,11.7,5.6,0,1.2,1.2,10.5,0.6,9.7,1092.9
69,60,0,29,18,9,0,6,1,12,1,8,1487
70,60,0,36,20,9,0,0,1,20,2,17,1605
71,60,1,16,9.6,4.6,0,1,1,8.6,0.5,7.9,896.7
72,60,0,32,15,6,1,0,0,15,5,9,1315
73,60,1,6,3.1,1.2,0.1,0.1,0.3,3,0.4,2.7,296.7
74,60,1,8,4.1,1.6,0.1,0.1,0.3,4,0.6,3.5,395.5
75,60,1,18,9.3,3.6,0.3,0.3,0.8,9,1.3,8,890
76,60,0,53,27,9,0,2,4,25,6,21,2980
77,60,0,38.5,17,6,2,0,2,17,5,6,1620
78,60,0,40,12,2,4,0,2,12,2,3,1143
79,60,1,4,1.8,0.5,0.1,0,0,1.8,0.1,1.4,212.1
111,60,1,3,1.5,0.6,0,0,0.3,1.5,0.1,1.1,142.3
112,60,1,4.5,2,0.4,0,0,0.2,2,0.5,1.8,236.7
6,61,1,2,0.7,0.1,0.1,0,0.1,0.7,0,0.7,90.2
13,61,1,11,4.6,1.1,0,0,0.5,4.6,0.6,4.1,561.2
16,61,1,1,0.4,0.1,0,0,0,0.4,0.1,0.4,51
18,61,1,4,2.3,1,0,0.7,0.2,1.6,0.2,1.5,243.5
19,61,1,12.5,7.1,3.1,0,2.3,0.5,4.8,0.7,4.7,761
20,61,1,2,1.1,0.5,0,0.3,0.1,0.8,0.1,0.8,121.8
23,61,1,3,1.4,0.4,0,0,0.3,1.4,0.4,1,164.9
24,61,1,2,0.9,0.3,0,0,0.2,0.9,0.3,0.6,109.9
26,61,1,2,0.9,0.3,0,0,0.2,0.9,0.3,0.6,109.9
30,61,1,3,1.1,0.1,0.1,0.1,0.1,1,0.2,0.9,136.2
41,61,1,15,5.7,1.2,0.9,0,0.3,5.7,0,4.8,669.6
53,61,1,2,1,0.3,0,0,0.1,1,0.1,0.9,138.3
55,61,1,4,2,0.5,0,0,0.3,2,0.1,1.8,276.6
61,61,1,4,2,0.5,0,0,0.3,2,0.1,1.8,276.6
62,61,1,15,6.9,2,0.3,0.4,0.4,6.5,1.4,5.3,665.8
63,61,0,57,33,17,0,0,5,33,3,27,2805
64,61,1,18,8.3,2.4,0.4,0.5,0.5,7.8,1.7,6.4,799
65,61,0,80,44,17,0,15,5,29,7,26,4591
66,61,0,167.5,84,44,5,48,17,36,24,27,7584.1
67,61,0,133,62,26,4,29,13,33,17,28,5159
68,61,0,95,62,41,1,36,7,26,16,13,4509
69,61,1,8,3.6,1.3,0.1,0,0,3.6,0.1,3.2,430.3
75,61,1,13,5.7,1.7,0.4,0,0,5.7,0.6,4.3,646.2
76,61,0,37,18,4,1,0,1,18,0,17,1850
77,61,1,17,8.1,3,0.3,0.3,0.3,7.8,0.3,7.5,874.1
78,61,1,7.5,3.6,1.3,0.1,0.1,0.1,3.5,0.1,3.3,385.6
88,61,1,5,1.9,0.4,0.1,0,0.2,1.9,0.2,1.6,202.9
90,61,1,2,0.8,0.1,0,0,0.1,0.8,0.1,0.6,81.2
124,61,1,1,0.4,0.1,0,0,0,0.4,0.1,0.4,52.6
4,62,1,2,0.7,0.1,0.1,0,0.1,0.7,0,0.7,90.2
5,62,1,4,1.5,0.2,0.2,0,0.2,1.5,0.1,1.4,180.5
11,62,1,2,1,0.3,0.1,0,0,1,0,0.8,96.7
12,62,1,1,0.4,0.1,0,0,0,0.4,0.1,0.4,51
17,62,1,4,2.3,1,0,0.7,0.2,1.6,0.2,1.5,243.5
18,62,1,6,3.4,1.5,0,1.1,0.2,2.3,0.3,2.3,365.3
19,62,1,5,2.8,1.2,0,0.9,0.2,1.9,0.3,1.9,304.4
20,62,1,8,4.5,2,0,1.4,0.3,3.1,0.5,3,487
42,62,1,1,0.4,0.2,0.1,0,0,0.4,0,0.3,46.9
43,62,1,5,2.2,0.8,0.3,0,0.2,2.2,0.2,1.7,234.7
52,62,1,2,1,0.3,0,0,0.1,1,0.1,0.9,138.3
62,62,1,12,5.6,1.6,0.3,0.4,0.4,5.2,1.1,4.2,532.7
63,62,1,14,6.5,1.9,0.3,0.4,0.4,6.1,1.3,4.9,621.5
64,62,1,16,7.4,2.1,0.4,0.5,0.5,6.9,1.5,5.6,710.2
65,62,0,34,19,8,0,5,2,14,4,11,1708
66,62,0,106,71,48,2,41,4,30,11,22,5043
67,62,0,39,20,8,0,0,3,20,3,11,1853
68,62,1,4,1.8,0.6,0.1,0,0,1.8,0.1,1.6,215.2
72,62,1,5,2.2,0.7,0.1,0,0,2.2,0.2,1.7,248.6
76,62,1,1,0.4,0.1,0,0,0,0.4,0,0.3,49.7
77,62,0,31,12,3,0,0,1,12,1,10,1262
80,62,1,1,0.5,0.2,0,0,0,0.5,0,0.4,51.4
82,62,1,2,1.1,0.4,0,0,0,1.1,0.1,1.1,135
87,62,1,4,1.6,0.3,0.1,0,0.2,1.6,0.2,1.3,162.3
103,62,1,2.5,1.2,0.5,0,0,0.2,1.2,0.1,0.9,118.6
122,62,1,3,1.3,0.3,0,0,0.1,1.3,0.4,1.2,157.8
4,63,1,9,3.3,0.4,0.4,0,0.4,3.3,0.2,3.1,406
5,63,1,1,0.4,0,0,0,0,0.4,0,0.3,45.1
6,63,1,1,0.4,0,0,0,0,0.4,0,0.3,45.1
7,63,1,2,1,0.3,0.1,0,0,1,0,0.8,96.7
8,63,1,5,2.4,0.9,0.1,0,0,2.4,0,2,241.7
9,63,1,14,6.8,2.4,0.4,0,0,6.8,0,5.6,676.8
10,63,1,2,1,0.3,0.1,0,0,1,0,0.8,96.7
12,63,1,1,0.4,0.1,0,0,0,0.4,0.1,0.4,51
18,63,1,7.5,4.2,1.8,0,1.3,0.3,2.9,0.4,2.8,456.6
19,63,1,19,10.8,4.7,0,3.4,0.7,7.4,1.1,7.2,1156.7
26,63,1,3,1.4,0.4,0,0,0.3,1.4,0.4,1,164.9
42,63,1,1,0.4,0.2,0.1,0,0,0.4,0,0.3,46.9
61,63,1,4,2,0.5,0,0,0.3,2,0.1,1.8,276.6
62,63,1,22,10.2,2.9,0.5,0.7,0.6,9.5,2.1,7.8,976.6
64,63,1,9,4.2,1.2,0.2,0.3,0.3,3.9,0.9,3.2,399.5
65,63,0,45,22,7,1,2,1,20,0,17,1906
66,63,0,69.5,36,18,2,10,3,26,4,16,3058
67,63,0,48,24,11,0,4,2,20,1,13,2203
68,63,0,29,16,5,0,3,3,13,2,11,1327
78,63,1,15,7.2,2.7,0.3,0.3,0.3,6.9,0.3,6.6,771.2
82,63,1,1,0.6,0.2,0,0,0,0.6,0.1,0.6,67.5
83,63,1,2,1.1,0.4,0,0,0,1.1,0.1,1.1,135
86,63,1,5,2.8,1.1,0,0,0.1,2.8,0.3,2.8,337.4
87,63,1,3,1.2,0.2,0.1,0,0.1,1.2,0.1,0.9,121.7
89,63,1,6,2.3,0.4,0.1,0,0.2,2.3,0.3,1.9,243.5
90,63,1,10,3.9,0.7,0.2,0,0.4,3.9,0.5,3.1,405.8
91,63,1,30.5,11.8,2.3,0.8,0,1.3,11.8,1.5,9.6,1237.6
92,63,1,6,3,1.3,0,0,0.3,3,0.3,2.3,300.9
112,63,1,2,0.9,0.2,0,0,0.1,0.9,0.2,0.8,105.2
118,63,1,2,0.9,0.2,0,0,0.1,0.9,0.2,0.8,105.2
121,63,1,3,1.3,0.3,0,0,0.1,1.3,0.4,1.2,157.8
125,63,1,1,0.4,0.1,0,0,0,0.4,0.1,0.4,52.6
7,64,1,2,1,0.3,0.1,0,0,1,0,0.8,96.7
8,64,1,1,0.5,0.2,0,0,0,0.5,0,0.4,48.3
12,64,1,3,1.3,0.3,0,0,0.1,1.3,0.2,1.1,153
16,64,1,1,0.4,0.1,0,0,0,0.4,0.1,0.4,51
17,64,1,2,1.1,0.5,0,0.3,0.1,0.8,0.1,0.8,121.8
18,64,1,5,2.8,1.2,0,0.9,0.2,1.9,0.3,1.9,304.4
19,64,1,10,5.7,2.5,0,1.8,0.4,3.9,0.6,3.8,608.8
21,64,1,3,1.7,0.7,0,0.5,0.1,1.2,0.2,1.1,182.6
22,64,1,4,1.8,0.5,0,0,0.4,1.8,0.5,1.3,219.9
23,64,1,8,3.6,1,0,0,0.8,3.6,1,2.6,439.7
25,64,1,4,1.8,0.5,0,0,0.4,1.8,0.5,1.3,219.9
28,64,1,4,1.5,0.1,0.1,0.2,0.2,1.3,0.3,1.2,181.7
35,64,1,2,0.8,0.2,0.1,0,0,0.8,0,0.6,89.3
42,64,1,1,0.4,0.2,0.1,0,0,0.4,0,0.3,46.9
43,64,1,2,0.9,0.3,0.1,0,0.1,0.9,0.1,0.7,93.9
44,64,1,6,2.6,1,0.4,0,0.2,2.6,0.2,2,281.7
53,64,1,2,1,0.3,0,0,0.1,1,0.1,0.9,138.3
61,64,1,2,1,0.3,0,0,0.1,1,0.1,0.9,138.3
62,64,1,2,0.9,0.3,0,0,0.1,0.9,0.2,0.7,88.8
64,64,0,86,40,17,3,0,6,40,11,14,3435
65,64,0,55,30,15,1,2,2,28,4,19,2521
66,64,0,43,24,9,0,5,3,19,3,17,2338
67,64,0,38,20,5,0,0,1,20,2,18,1646
68,64,1,4,1.8,0.6,0.1,0,0,1.8,0.1,1.6,215.2
70,64,1,7,3.2,1.1,0.1,0,0,3.2,0.1,2.8,376.5
75,64,1,4,1.7,0.5,0.1,0,0,1.7,0.2,1.3,198.8
76,64,1,7,3,0.9,0.2,0,0,3,0.3,2.3,348
78,64,1,3,1.4,0.5,0.1,0,0.1,1.4,0.1,1.3,154.2
89,64,1,12,4.7,0.9,0.3,0,0.5,4.7,0.6,3.8,486.9
90,64,1,11.5,4.5,0.9,0.3,0,0.5,4.5,0.6,3.6,466.7
91,64,1,14,5.4,1,0.3,0,0.6,5.4,0.7,4.4,568.1
92,64,1,18,9,3.9,0,0,0.8,9,0.8,7,902.7
93,64,1,7,3.5,1.5,0,0,0.3,3.5,0.3,2.7,351.1
101,64,1,2,0.7,0.1,0.1,0,0,0.7,0,0.7,89.4
102,64,1,2,1,0.4,0,0,0.2,1,0,0.8,94.9
111,64,1,2,1,0.4,0,0,0.2,1,0,0.8,94.9
112,64,1,8,3.5,0.8,0,0,0.3,3.5,1,3.2,420.8
113,64,1,2,0.9,0.2,0,0,0.1,0.9,0.2,0.8,105.2
117,64,1,2,0.9,0.2,0,0,0.1,0.9,0.2,0.8,105.2
118,64,1,2,0.9,0.2,0,0,0.1,0.9,0.2,0.8,105.2
11,65,1,7,3.4,1.2,0.2,0,0,3.4,0,2.8,338.4
17,65,1,8,4.5,2,0,1.4,0.3,3.1,0.5,3,487
18,65,1,2,1.1,0.5,0,0.3,0.1,0.8,0.1,0.8,121.8
20,65,1,8,4.5,2,0,1.4,0.3,3.1,0.5,3,487
23,65,1,3,1.4,0.4,0,0,0.3,1.4,0.4,1,164.9
26,65,1,2,0.9,0.3,0,0,0.2,0.9,0.3,0.6,109.9
28,65,1,3,1.1,0.1,0.1,0.1,0.1,1,0.2,0.9,136.2
34,65,1,4,1.5,0.3,0.2,0,0.1,1.5,0,1.3,178.6
42,65,1,7.5,3.3,1.3,0.5,0,0.3,3.3,0.3,2.5,352.1
44,65,1,3,1.3,0.5,0.2,0,0.1,1.3,0.1,1,140.8
54,65,1,1.5,0.8,0.2,0,0,0.1,0.8,0.1,0.7,103.7
57,65,1,1,0.5,0.1,0,0,0.1,0.5,0,0.4,69.2
58,65,1,2,1,0.3,0,0,0.1,1,0.1,0.9,138.3
64,65,1,5,2.3,0.7,0.1,0.1,0.1,2.2,0.5,1.8,221.9
65,65,1,8,3.7,1.1,0.2,0.2,0.2,3.5,0.8,2.8,355.1
66,65,1,15,6.9,2,0.3,0.4,0.4,6.5,1.4,5.3,665.8
68,65,1,23,10.4,3.7,0.4,0,0,10.4,0.4,9.3,1237.2
69,65,1,1,0.5,0.2,0,0,0,0.5,0,0.4,53.8
70,65,1,6,2.7,1,0.1,0,0,2.7,0.1,2.4,322.7
71,65,1,9,4.1,1.5,0.1,0,0,4.1,0.1,3.6,484.1
72,65,1,6,2.6,0.8,0.2,0,0,2.6,0.3,2,298.3
73,65,1,22,9.6,2.9,0.6,0,0,9.6,1,7.3,1093.6
74,65,0,39,18,4,0,0,1,18,1,11,1827
75,65,0,37,13,2,2,0,1,13,0,10,1403
76,65,1,11,4.8,1.4,0.3,0,0,4.8,0.5,3.7,546.8
77,65,1,10,4.8,1.8,0.2,0.2,0.2,4.6,0.2,4.4,514.2
78,65,1,2,1,0.4,0,0.1,0,0.9,0,0.9,102.8
80,65,1,1,0.5,0.2,0,0,0,0.5,0,0.4,51.4
85,65,1,1,0.6,0.2,0,0,0,0.6,0.1,0.6,67.5
90,65,1,4,1.6,0.3,0.1,0,0.2,1.6,0.2,1.3,162.3
91,65,1,19,7.4,1.4,0.5,0,0.8,7.4,0.9,6,771
92,65,0,22,13,8,0,0,0,13,2,8,1355
93,65,1,3,1.5,0.7,0,0,0.1,1.5,0.1,1.2,150.5
94,65,1,6,3,1.3,0,0,0.3,3,0.3,2.3,300.9
95,65,1,3,1.5,0.7,0,0,0.1,1.5,0.1,1.2,150.5
96,65,1,3,1.5,0.7,0,0,0.1,1.5,0.1,1.2,150.5
116,65,1,2,0.9,0.2,0,0,0.1,0.9,0.2,0.8,105.2
124,65,1,1,0.4,0.1,0,0,0,0.4,0.1,0.4,52.6
4,66,1,2,0.8,0.2,0,0,0,0.8,0.1,0.7,110.3
10,66,1,3,1.3,0.4,0,0,0.1,1.3,0.1,1.1,163.4
16,66,1,5,2.4,0.4,0,0,0.2,2.4,0.2,1.3,260.4
17,66,1,5,2.8,1.2,0,0.7,0.5,2.1,0.6,1.5,285.1
19,66,1,2,1.1,0.5,0,0.3,0.2,0.8,0.2,0.6,114
20,66,1,18.5,10.2,4.5,0,2.7,1.8,7.5,2.1,5.4,1054.9
22,66,1,2,0.7,0.1,0,0,0.2,0.7,0,0.5,85
34,66,1,2,0.9,0.2,0,0,0.4,0.9,0.3,0.7,108.4
36,66,1,2,0.9,0.2,0,0,0.4,0.9,0.3,0.7,108.4
51,66,1,2,0.9,0.2,0,0,0.1,0.9,0.1,0.8,110
52,66,1,2,1,0.3,0,0,0.2,1,0.2,0.8,120.4
57,66,1,9,4.5,1.5,0,0,0.8,4.5,1,3.5,541.8
66,66,1,30,12.8,4.3,1.5,0.6,0.6,12.2,1.5,7.9,1133.9
67,66,1,10,4.6,1.3,0.1,0,0.2,4.6,0.4,4.2,537.2
68,66,0,46,20,1,1,0,1,20,0,19,2377
69,66,1,17,7.9,2.2,0.2,0,0.3,7.9,0.6,7.1,913.2
71,66,1,2,0.9,0.3,0,0,0,0.9,0.1,0.8,107.4
72,66,0,25,11,3,0,0,0,11,0,9,1188
73,66,0,42.5,18,3,1,0,2,18,2,10,1956
74,66,0,32,16,4,0,0,1,16,0,15,1678
75,66,1,18,7.7,1.3,0.5,0,0.3,7.7,0.5,6.5,1031.2
78,66,1,4,1.6,0.3,0.1,0,0.1,1.6,0,1.3,207.2
79,66,1,3,1.2,0.2,0,0,0,1.2,0,1,155.4
84,66,1,3,1.4,0.4,0.1,0,0.1,1.4,0.1,1.2,184.2
86,66,1,1,0.5,0.1,0,0,0,0.5,0,0.4,61.4
92,66,1,13,4.9,0.6,0.4,0,0.4,4.9,0.5,4.3,578.8
93,66,1,11,4.2,0.5,0.3,0,0.3,4.2,0.4,3.6,489.8
94,66,1,16,6.1,0.8,0.5,0,0.5,6.1,0.6,5.3,712.4
95,66,1,5,1.9,0.2,0.1,0,0.1,1.9,0.2,1.7,222.6
96,66,1,4,1.5,0.2,0.1,0,0.1,1.5,0.2,1.3,178.1
99,66,1,4,1.5,0.2,0.1,0,0.1,1.5,0.2,1.3,178.1
126,66,1,2,0.8,0.2,0,0,0.1,0.8,0.1,0.8,96
0,67,1,12,4.6,1.4,0.5,0,0.2,4.6,0.5,3.9,595.6
1,67,1,10,3.8,1.2,0.4,0,0.2,3.8,0.4,3.3,496.3
2,67,1,10,4.2,1.2,0,0,0,4.2,0.4,3.5,551.5
5,67,1,5,2.1,0.6,0,0,0,2.1,0.2,1.7,275.8
6,67,1,2,0.8,0.2,0,0,0,0.8,0.1,0.7,110.3
14,67,1,1,0.5,0.1,0,0,0,0.5,0,0.3,52.1
16,67,1,2,1,0.2,0,0,0.1,1,0.1,0.5,104.2
18,67,1,11,6.1,2.7,0,1.6,1.1,4.5,1.3,3.2,627.2
19,67,1,7,3.9,1.7,0,1,0.7,2.9,0.8,2,399.1
20,67,1,2,1.1,0.5,0,0.3,0.2,0.8,0.2,0.6,114
21,67,1,1,0.6,0.2,0,0.2,0.1,0.4,0.1,0.3,57
31,67,1,2,0.7,0.1,0,0,0.2,0.7,0,0.5,85
48,67,1,2,0.9,0.2,0,0,0.1,0.9,0.1,0.8,110
49,67,1,2,0.9,0.2,0,0,0.1,0.9,0.1,0.8,110
50,67,1,2,0.9,0.2,0,0,0.1,0.9,0.1,0.8,110
51,67,1,5,2.3,0.6,0,0,0.2,2.3,0.2,2.1,275
55,67,1,1,0.5,0.2,0,0,0.1,0.5,0.1,0.4,60.2
57,67,1,3,1.5,0.5,0,0,0.2,1.5,0.3,1.2,180.6
65,67,1,3.5,1.5,0.5,0.2,0.1,0.1,1.4,0.2,0.9,132.3
66,67,1,11,4.7,1.6,0.6,0.2,0.2,4.5,0.6,2.9,415.8
68,67,1,3,1.4,0.4,0,0,0.1,1.4,0.1,1.3,161.2
69,67,1,10,4.6,1.3,0.1,0,0.2,4.6,0.4,4.2,537.2
70,67,1,24,11.1,3.1,0.2,0,0.4,11.1,0.9,10,1289.2
71,67,0,20,12,4,0,0,0,12,0,11,1636
72,67,1,17,7.2,1.3,0.5,0,0.3,7.2,0.5,6.1,973.9
73,67,0,34,14,4,1,0,0,14,1,9,1507
75,67,1,7,3,0.5,0.2,0,0.1,3,0.2,2.5,401
79,67,1,2,0.8,0.1,0,0,0,0.8,0,0.6,103.6
95,67,1,11,4.2,0.5,0.3,0,0.3,4.2,0.4,3.6,489.8
96,67,1,16,6.1,0.8,0.5,0,0.5,6.1,0.6,5.3,712.4
111,67,1,1,0.5,0.1,0,0,0,0.5,0.1,0.5,66
112,67,1,4,1.9,0.8,0,0,0.2,1.9,0.4,1.4,188.7
114,67,1,2,0.9,0.4,0,0,0.1,0.9,0.2,0.7,94.3
115,67,1,2,0.9,0.4,0,0,0.1,0.9,0.2,0.7,94.3
118,67,1,3,1.4,0.6,0,0,0.1,1.4,0.3,1.1,141.5
0,68,1,5,1.9,0.6,0.2,0,0.1,1.9,0.2,1.6,248.2
6,68,1,2,0.8,0.2,0,0,0,0.8,0.1,0.7,110.3
16,68,1,3,1.4,0.3,0,0,0.1,1.4,0.1,0.8,156.3
20,68,1,5,2.8,1.2,0,0.7,0.5,2.1,0.6,1.5,285.1
31,68,1,13,4.7,0.6,0,0,1.1,4.7,0.3,3.3,552.2
33,68,1,2,0.9,0.2,0,0,0.4,0.9,0.3,0.7,108.4
34,68,1,1,0.4,0.1,0,0,0.2,0.4,0.1,0.3,54.2
39,68,1,4,1.7,0.4,0,0,0.7,1.7,0.6,1.3,216.7
45,68,1,5,2.3,0.6,0,0,0.2,2.3,0.2,2.1,275
49,68,1,4,1.8,0.5,0,0,0.2,1.8,0.2,1.7,220
50,68,1,1,0.5,0.1,0,0,0,0.5,0,0.4,55
51,68,1,8,3.7,1,0,0,0.4,3.7,0.4,3.4,440
54,68,1,2,1,0.3,0,0,0.2,1,0.2,0.8,120.4
63,68,1,3,1.3,0.4,0.2,0.1,0.1,1.2,0.2,0.8,113.4
64,68,1,4,1.7,0.6,0.2,0.1,0.1,1.6,0.2,1.1,151.2
65,68,0,25,12,5,1,0,3,12,4,5,997
66,68,1,12,5.1,1.7,0.6,0.2,0.2,4.9,0.6,3.2,453.6
69,68,0,45,14,2,4,0,0,14,0,14,1668
70,68,0,27,12,4,1,0,0,12,0,11,1267
71,68,1,16,7.4,2,0.1,0,0.3,7.4,0.6,6.7,859.5
72,68,1,17,7.2,1.3,0.5,0,0.3,7.2,0.5,6.1,973.9
73,68,1,6,2.6,0.4,0.2,0,0.1,2.6,0.2,2.2,343.7
74,68,1,2,0.9,0.1,0.1,0,0,0.9,0.1,0.7,114.6
76,68,1,6,2.6,0.4,0.2,0,0.1,2.6,0.2,2.2,343.7
77,68,1,3,1.2,0.2,0,0,0,1.2,0,1,155.4
78,68,1,12,4.7,0.8,0.2,0,0.2,4.7,0,3.9,621.7
80,68,1,4,1.6,0.3,0.1,0,0.1,1.6,0,1.3,207.2
81,68,1,9,3.5,0.6,0.1,0,0.1,3.5,0,2.9,466.2
82,68,1,4,1.9,0.6,0.1,0,0.1,1.9,0.1,1.6,245.6
96,68,1,8,3,0.4,0.2,0,0.2,3,0.3,2.6,356.2
97,68,1,3,1.1,0.1,0.1,0,0.1,1.1,0.1,1,133.6
100,68,1,5,1.9,0.2,0.1,0,0.1,1.9,0.2,1.7,222.6
110,68,1,10,4.8,1.5,0,0,0.4,4.8,1.1,4.8,659.6
111,68,1,2,1,0.3,0,0,0.1,1,0.2,1,131.9
114,68,1,1,0.5,0.2,0,0,0,0.5,0.1,0.4,47.2
119,68,1,2,0.9,0.4,0,0,0.1,0.9,0.2,0.7,94.3
3,69,1,1,0.4,0.1,0,0,0,0.4,0,0.3,55.2
4,69,1,3,1.3,0.3,0,0,0,1.3,0.1,1,165.5
16,69,1,2,1,0.2,0,0,0.1,1,0.1,0.5,104.2
31,69,1,4,1.4,0.2,0,0,0.3,1.4,0.1,1,169.9
34,69,1,4,1.7,0.4,0,0,0.7,1.7,0.6,1.3,216.7
49,69,1,18,8.3,2.2,0,0,0.9,8.3,0.9,7.6,990.1
50,69,1,21,9.7,2.6,0,0,1,9.7,1,8.9,1155.1
65,69,1,10,4.3,1.4,0.5,0.2,0.2,4.1,0.5,2.6,378
66,69,1,8,3.4,1.1,0.4,0.2,0.2,3.2,0.4,2.1,302.4
68,69,1,1,0.5,0.1,0,0,0,0.5,0,0.4,53.7
69,69,0,32,11,2,2,0,2,11,0,7,1219
70,69,1,23,10.7,2.9,0.2,0,0.4,10.7,0.8,9.6,1235.5
76,69,1,2,0.9,0.1,0.1,0,0,0.9,0.1,0.7,114.6
77,69,1,17,6.6,1.1,0.2,0,0.2,6.6,0,5.5,880.7
78,69,1,18,7,1.2,0.2,0,0.2,7,0,5.8,932.5
82,69,1,5,2.3,0.7,0.1,0,0.1,2.3,0.1,2,307.1
84,69,1,1,0.5,0.1,0,0,0,0.5,0,0.4,61.4
85,69,1,2,0.9,0.3,0,0,0,0.9,0,0.8,122.8
96,69,1,2,0.8,0.1,0.1,0,0.1,0.8,0.1,0.7,89
100,69,1,1,0.4,0,0,0,0,0.4,0,0.3,44.5
101,69,1,2,0.8,0.1,0.1,0,0.1,0.8,0.1,0.7,89
106,69,1,2,1,0.3,0,0,0.1,1,0.2,1,131.9
110,69,1,1,0.5,0.1,0,0,0,0.5,0.1,0.5,66
113,69,1,3,1.4,0.6,0,0,0.1,1.4,0.3,1.1,141.5
115,69,1,1,0.5,0.2,0,0,0,0.5,0.1,0.4,47.2
2,70,1,1,0.4,0.1,0,0,0,0.4,0,0.3,55.2
7,70,1,11,4.8,1.3,0,0,0.4,4.8,0.4,4,599.3
8,70,1,4,1.8,0.5,0,0,0.2,1.8,0.2,1.4,217.9
19,70,1,8,4.4,2,0,1.2,0.8,3.2,0.9,2.3,456.2
21,70,1,2,1.1,0.5,0,0.3,0.2,0.8,0.2,0.6,114
31,70,1,13,4.7,0.6,0,0,1.1,4.7,0.3,3.3,552.2
40,70,1,3,1.3,0.3,0,0,0.5,1.3,0.4,1,162.5
42,70,1,3,1.4,0.4,0,0,0.1,1.4,0.1,1.3,165
53,70,1,2,1,0.3,0,0,0.2,1,0.2,0.8,120.4
56,70,1,3,1.5,0.5,0,0,0.2,1.5,0.3,1.2,180.6
57,70,1,4,2,0.7,0,0,0.3,2,0.4,1.6,240.8
58,70,1,1,0.5,0.2,0,0,0.1,0.5,0.1,0.4,60.2
65,70,1,15,6.4,2.1,0.8,0.3,0.3,6.1,0.8,4,567
66,70,1,2,0.9,0.3,0.1,0.1,0,0.8,0.1,0.5,75.6
67,70,1,1,0.5,0.1,0,0,0,0.5,0,0.4,53.7
70,70,1,3,1.4,0.4,0,0,0.1,1.4,0.1,1.3,161.2
74,70,1,6,2.6,0.4,0.2,0,0.1,2.6,0.2,2.2,343.7
75,70,1,5,2.1,0.4,0.1,0,0.1,2.1,0.1,1.8,286.4
76,70,1,22,9.4,1.6,0.6,0,0.4,9.4,0.6,7.9,1260.3
78,70,1,3,1.2,0.2,0,0,0,1.2,0,1,155.4
81,70,1,2,0.8,0.1,0,0,0,0.8,0,0.6,103.6
82,70,1,6,2.8,0.9,0.1,0,0.1,2.8,0.1,2.4,368.5
84,70,1,12.5,5.8,1.8,0.3,0,0.3,5.8,0.3,5,767.6
85,70,1,1,0.5,0.1,0,0,0,0.5,0,0.4,61.4
102,70,1,2,1,0.3,0,0,0.1,1,0.2,1,131.9
105,70,1,2,1,0.3,0,0,0.1,1,0.2,1,131.9
108,70,1,3,1.4,0.4,0,0,0.1,1.4,0.3,1.4,197.9
117,70,1,4,1.9,0.8,0,0,0.2,1.9,0.4,1.4,188.7
1,71,1,2,1.1,0.4,0,0.1,0.1,1,0.2,0.4,96.5
2,71,1,8,3,0.7,0.2,0.1,0.3,2.9,0.2,2.3,339.9
5,71,1,4,1.5,0.4,0.1,0,0.2,1.5,0.1,1.2,170
8,71,1,2,0.9,0.2,0,0,0.1,0.9,0.1,0.7,109
16,71,1,3,1.2,0.2,0,0,0.2,1.2,0.4,1,187.3
17,71,1,2,1,0.2,0,0,0.1,1,0.1,0.5,104.2
18,71,1,2,1,0.2,0,0,0.1,1,0.1,0.5,104.2
19,71,1,2,1,0.2,0,0,0.1,1,0.1,0.5,104.2
22,71,1,3,1.1,0.1,0,0,0.3,1.1,0.1,0.8,127.4
23,71,1,2,0.7,0.1,0,0,0.2,0.7,0,0.5,85
31,71,1,4,1.4,0.2,0,0,0.3,1.4,0.1,1,169.9
32,71,1,18.5,6.5,1,0.5,0,1,6.5,1.5,5.5,761
40,71,1,4,1.7,0.4,0,0,0.7,1.7,0.6,1.3,216.7
42,71,1,3,1.2,0.3,0.1,0,0,1.2,0.1,1.1,130.3
47,71,1,3,1.4,0.4,0,0,0.1,1.4,0.1,1.3,165
50,71,1,1,0.5,0.1,0,0,0,0.5,0,0.4,55
58,71,1,3,1.5,0.5,0,0,0.2,1.5,0.3,1.2,180.6
66,71,1,2,1.2,0.7,0,0.1,0,1.1,0.2,0.7,105.8
67,71,1,1,0.4,0.1,0,0,0,0.4,0,0.4,46.6
71,71,1,4,1.8,0.6,0,0,0.1,1.8,0.2,1.5,186.6
74,71,1,2,0.8,0.2,0,0,0.1,0.8,0.1,0.7,87.2
76,71,1,1,0.4,0.1,0,0,0,0.4,0.1,0.4,43.6
77,71,1,10,4.2,0.9,0.2,0,0.4,4.2,0.6,3.6,436
78,71,1,3,1.2,0.3,0.1,0,0.1,1.2,0.2,1.1,130.8
79,71,1,4,1.7,0.4,0.1,0,0.2,1.7,0.2,1.4,174.4
84,71,1,4,2.1,0.7,0,0,0.4,2.1,0.5,1.8,247.6
85,71,1,4,2.1,0.7,0,0,0.4,2.1,0.5,1.8,247.6
86,71,1,6,3.1,1.1,0,0,0.6,3.1,0.8,2.8,371.4
102,71,1,4,1.9,0.6,0,0,0.1,1.9,0.4,1.9,263.9
108,71,1,6,2.4,0,0,0,0.2,2.4,0.4,2,248.2
109,71,1,11,4.4,0,0,0,0.4,4.4,0.7,3.7,455
111,71,1,2,0.8,0,0,0,0.1,0.8,0.1,0.7,82.7
114,71,1,4,1.9,0.8,0,0,0.2,1.9,0.4,1.4,188.7
115,71,1,3,1.4,0.6,0,0,0.1,1.4,0.3,1.1,141.5
116,71,1,2,0.9,0.4,0,0,0.1,0.9,0.2,0.7,94.3
117,71,1,5,2.6,0.7,0,0,0,2.6,0.5,1.9,348.3
121,71,1,4,2.1,0.6,0,0,0,2.1,0.4,1.5,278.6
1,72,1,9,4.7,2,0,0.4,0.4,4.3,1,2,434.4
2,72,1,11,4.2,1,0.3,0.1,0.4,4.1,0.3,3.2,467.4
3,72,1,12,4.6,1.1,0.4,0.1,0.5,4.5,0.4,3.5,509.9
5,72,1,4,1.5,0.4,0.1,0,0.2,1.5,0.1,1.2,170
6,72,1,20,7.6,1.8,0.6,0.2,0.8,7.4,0.6,5.9,849.8
12,72,1,3,1.2,0.2,0,0,0.2,1.2,0.4,1,187.3
13,72,1,1,0.4,0.1,0,0,0.1,0.4,0.1,0.3,62.4
14,72,1,5,2,0.3,0,0,0.3,2,0.6,1.7,312.2
18,72,1,4,1.9,0.3,0,0,0.2,1.9,0.2,1,208.3
31,72,1,4,1.4,0.2,0,0,0.3,1.4,0.1,1,169.9
32,72,1,2,0.7,0.1,0.1,0,0.1,0.7,0.2,0.6,82.3
41,72,1,1,0.4,0.1,0,0,0.2,0.4,0.1,0.3,54.2
46,72,1,16,6.2,1.5,0.8,0,0.3,6.2,0.8,5.9,695
58,72,1,2,1,0.3,0,0,0.2,1,0.2,0.8,120.4
67,72,0,19,11,5,0,0,2,11,3,6,1125
72,72,1,1,0.4,0.1,0,0,0,0.4,0.1,0.4,43.6
79,72,1,3,1.2,0.3,0.1,0,0.1,1.2,0.2,1.1,130.8
83,72,1,1,0.5,0.2,0,0,0.1,0.5,0.1,0.5,61.9
84,72,1,2,1,0.4,0,0,0.2,1,0.3,0.9,123.8
90,72,1,2,0.9,0.3,0,0,0,0.9,0,0.8,122.8
101,72,1,2,0.8,0.1,0.1,0,0.1,0.8,0.1,0.7,89
110,72,1,2,0.8,0,0,0,0.1,0.8,0.1,0.7,82.7
111,72,1,7,2.8,0,0,0,0.2,2.8,0.5,2.3,289.6
112,72,1,1,0.5,0.2,0,0,0,0.5,0.1,0.4,47.2
113,72,1,1,0.5,0.2,0,0,0,0.5,0.1,0.4,47.2
114,72,1,6.5,3.1,1.3,0,0,0.3,3.1,0.7,2.3,306.6
116,72,1,4,1.9,0.8,0,0,0.2,1.9,0.4,1.4,188.7
117,72,1,4,2.1,0.6,0,0,0,2.1,0.4,1.5,278.6
118,72,1,5,2.6,0.7,0,0,0,2.6,0.5,1.9,348.3
119,72,1,2,1,0.3,0,0,0,1,0.2,0.8,139.3
1,73,1,1,0.5,0.2,0,0,0,0.5,0.1,0.2,48.3
2,73,0,32,17,7,1,3,1,14,3,12,1624
3,73,1,4,1.5,0.4,0.1,0,0.2,1.5,0.1,1.2,170
5,73,1,6,2.3,0.5,0.2,0.1,0.2,2.2,0.2,1.8,254.9
6,73,1,23,8.8,2,0.7,0.2,0.9,8.6,0.7,6.7,977.2
12,73,1,4,1.6,0.2,0,0,0.2,1.6,0.5,1.4,249.8
14,73,1,3,1.2,0.2,0,0,0.2,1.2,0.4,1,187.3
41,73,1,1,0.4,0.1,0,0,0.2,0.4,0.1,0.3,54.2
44,73,1,3,1.2,0.3,0.1,0,0,1.2,0.1,1.1,130.3
45,73,1,10,3.9,1,0.5,0,0.2,3.9,0.5,3.7,434.4
46,73,1,7,2.7,0.7,0.3,0,0.1,2.7,0.3,2.6,304
55,73,1,2,1,0.3,0,0,0.2,1,0.2,0.8,120.4
66,73,1,6.5,4,2.4,0,0.4,0,3.6,0.8,2.4,343.8
67,73,1,9,4,1.3,0,0,0.3,4,0.4,3.4,419.8
68,73,1,17,7.5,2.5,0,0,0.6,7.5,0.8,6.4,792.9
76,73,1,2,0.8,0.2,0,0,0.1,0.8,0.1,0.7,87.2
83,73,1,1,0.5,0.2,0,0,0.1,0.5,0.1,0.5,61.9
84,73,1,4,2.1,0.7,0,0,0.4,2.1,0.5,1.8,247.6
88,73,1,5,2.3,0.7,0.1,0,0.1,2.3,0.1,2,307.1
110,73,1,2,0.8,0,0,0,0.1,0.8,0.1,0.7,82.7
118,73,1,1,0.5,0.1,0,0,0,0.5,0.1,0.4,69.7
119,73,1,2,1,0.3,0,0,0,1,0.2,0.8,139.3
121,73,1,3,1.6,0.4,0,0,0,1.6,0.3,1.1,209
123,73,1,1,0.4,0.1,0,0,0,0.4,0,0.4,48
2,74,1,2,0.8,0.2,0.1,0,0.1,0.8,0.1,0.6,85
4,74,1,2,0.8,0.2,0.1,0,0.1,0.8,0.1,0.6,85
5,74,1,3.5,1.3,0.3,0.1,0,0.1,1.3,0.1,1,148.7
10,74,1,5,2.2,0.6,0,0,0.2,2.2,0.2,1.8,272.4
32,74,1,1.5,0.5,0.1,0,0,0.1,0.5,0.1,0.4,61.7
36,74,1,9,3.2,0.5,0.2,0,0.5,3.2,0.7,2.7,370.2
42,74,0,28,12,3,0,0,1,12,1,10,1351
43,74,0,32,12,2,1,0,3,12,2,6,1169
44,74,1,12,4.6,1.2,0.6,0,0.2,4.6,0.6,4.5,521.2
45,74,1,8,3.1,0.8,0.4,0,0.1,3.1,0.4,3,347.5
47,74,1,1.5,0.7,0.2,0,0,0.1,0.7,0.1,0.6,82.5
58,74,1,2,1,0.3,0,0,0.2,1,0.2,0.8,120.4
65,74,1,5,3.1,1.8,0,0.3,0,2.8,0.6,1.8,264.5
66,74,1,15,9.2,5.5,0,0.9,0,8.3,1.8,5.5,793.4
68,74,1,11,4.9,1.6,0,0,0.4,4.9,0.5,4.1,513
69,74,1,4,1.8,0.6,0,0,0.1,1.8,0.2,1.5,186.6
71,74,1,3,1.3,0.4,0,0,0.1,1.3,0.1,1.1,139.9
73,74,1,2,0.8,0.2,0,0,0.1,0.8,0.1,0.7,87.2
76,74,1,8,3.3,0.8,0.2,0,0.3,3.3,0.5,2.9,348.8
77,74,1,7,2.9,0.7,0.1,0,0.3,2.9,0.4,2.5,305.2
80,74,1,2,0.8,0.2,0,0,0.1,0.8,0.1,0.7,87.2
83,74,1,11,5.6,2,0,0,1.1,5.6,1.4,5.1,680.9
87,74,1,1,0.5,0.1,0,0,0,0.5,0,0.4,61.4
88,74,1,4,1.9,0.6,0.1,0,0.1,1.9,0.1,1.6,245.6
116,74,1,1,0.5,0.2,0,0,0,0.5,0.1,0.4,47.2
118,74,1,3,1.6,0.4,0,0,0,1.6,0.3,1.1,209
124,74,1,4,1.6,0.5,0.1,0,0.2,1.6,0.2,1.5,192
125,74,1,5,2,0.6,0.1,0,0.2,2,0.2,1.9,240.1
126,74,1,1,0.4,0.1,0,0,0,0.4,0,0.4,48
5,75,1,3,1.1,0.3,0.1,0,0.1,1.1,0.1,0.9,127.5
13,75,1,8,3.2,0.5,0,0,0.5,3.2,1,2.8,499.5
14,75,1,5,2,0.3,0,0,0.3,2,0.6,1.7,312.2
33,75,1,2,0.7,0.1,0.1,0,0.1,0.7,0.2,0.6,82.3
36,75,1,4,1.4,0.2,0.1,0,0.2,1.4,0.3,1.2,164.5
41,75,1,3.5,1.5,0.4,0,0,0.6,1.5,0.5,1.1,189.6
42,75,0,52,19,5,1,2,1,17,3,11,2284
43,75,1,3,1.2,0.3,0.1,0,0,1.2,0.1,1.1,130.3
49,75,1,2,0.9,0.2,0,0,0.1,0.9,0.1,0.8,110
64,75,1,4,2.5,1.5,0,0.3,0,2.2,0.5,1.5,211.6
67,75,1,2,0.9,0.3,0,0,0.1,0.9,0.1,0.8,93.3
68,75,1,3,1.3,0.4,0,0,0.1,1.3,0.1,1.1,139.9
69,75,1,7,3.1,1,0,0,0.2,3.1,0.3,2.6,326.5
75,75,1,2,0.8,0.2,0,0,0.1,0.8,0.1,0.7,87.2
77,75,1,5,2.1,0.5,0.1,0,0.2,2.1,0.3,1.8,218
80,75,1,1,0.4,0.1,0,0,0,0.4,0.1,0.4,43.6
82,75,1,1,0.5,0.2,0,0,0.1,0.5,0.1,0.5,61.9
84,75,1,2,1,0.4,0,0,0.2,1,0.3,0.9,123.8
85,75,1,3,1.5,0.5,0,0,0.3,1.5,0.4,1.4,185.7
124,75,1,4,1.6,0.5,0.1,0,0.2,1.6,0.2,1.5,192
125,75,1,2,0.8,0.2,0,0,0.1,0.8,0.1,0.8,96
126,75,1,4,1.6,0.5,0.1,0,0.2,1.6,0.2,1.5,192
4,76,1,4,1.7,0.5,0.2,0,0.2,1.7,0.5,1.2,223.3
6,76,1,5,2.1,0.6,0.2,0,0.3,2.1,0.6,1.6,279.2
7,76,1,1,0.4,0.1,0,0,0.1,0.4,0.1,0.3,55.8
9,76,1,6,2.5,0.8,0.2,0,0.4,2.5,0.8,1.9,335
13,76,1,11,4.1,0.3,0.2,0,0.5,4.1,0.3,3.4,457.6
26,76,1,3,1.2,0.1,0,0,0.4,1.2,0.2,1.2,205.2
38,76,1,2,0.9,0.2,0,0,0,0.9,0,0.7,97.8
40,76,1,1,0.4,0.1,0,0,0,0.4,0,0.4,48.9
41,76,1,17,7.6,1.8,0.4,0,0,7.6,0,6.1,831.2
42,76,1,10.5,5.6,1.8,0,0,0.3,5.6,1,4.5,590.5
43,76,1,2,1.1,0.3,0,0,0.1,1.1,0.2,0.9,112.5
48,76,1,3,1.6,0.5,0,0,0.1,1.6,0.3,1.3,168.7
54,76,1,3,1.5,0.7,0,0,0,1.5,0.1,1.3,175.8
65,76,1,6,2.8,0.9,0.2,0,0,2.8,1.1,2.1,306.9
68,76,1,1,0.5,0.2,0,0,0,0.5,0,0.3,55.2
76,76,1,4,1.5,0.2,0,0,0.1,1.5,0.1,1.2,161.1
77,76,1,11,5.1,1,0,0.2,1,4.9,0.3,4.6,642.1
80,76,1,2,0.9,0.2,0,0,0.2,0.9,0.1,0.8,116.7
98,76,1,2,0.9,0.2,0.1,0.1,0.1,0.8,0.1,0.7,94.4
119,76,1,3,1.1,0.2,0,0,0.1,1.1,0.2,1,154.2
126,76,1,1,0.5,0.1,0,0,0,0.5,0.1,0.4,52.7
127,76,1,2,1.1,0.6,0.1,0,0,1.1,0.1,0.9,108.8
11,77,1,5,2.1,0.6,0.2,0,0.3,2.1,0.6,1.6,279.2
12,77,1,6,2.2,0.2,0.1,0,0.3,2.2,0.2,1.8,249.6
13,77,0,30.5,12,3,1,0,2,12,1,9,1225
14,77,1,2,0.7,0.1,0,0,0.1,0.7,0.1,0.6,83.2
35,77,1,2,0.9,0.2,0,0,0,0.9,0,0.6,102.6
42,77,1,3,1.6,0.5,0,0,0.1,1.6,0.3,1.3,168.7
46,77,1,3,1.6,0.5,0,0,0.1,1.6,0.3,1.3,168.7
47,77,1,2,1.1,0.3,0,0,0.1,1.1,0.2,0.9,112.5
53,77,1,4,2,0.9,0,0,0,2,0.1,1.8,234.4
55,77,1,2,1,0.4,0,0,0,1,0.1,0.9,117.2
64,77,1,3,1.4,0.5,0.1,0,0,1.4,0.6,1,153.5
65,77,1,6,2.8,0.9,0.2,0,0,2.8,1.1,2.1,306.9
76,77,1,1,0.4,0.1,0,0,0,0.4,0,0.3,40.3
77,77,1,2,0.9,0.2,0,0,0.2,0.9,0.1,0.8,116.7
78,77,1,2,0.9,0.2,0,0,0.2,0.9,0.1,0.8,116.7
118,77,1,4,1.4,0.2,0,0,0.1,1.4,0.3,1.3,205.6
119,77,1,1,0.4,0.1,0,0,0,0.4,0.1,0.3,51.4
123,77,1,2,1,0.3,0,0,0.1,1,0.1,0.8,105.3
1,78,1,1,0.4,0.1,0,0,0,0.4,0,0.4,56.6
8,78,1,4,1.7,0.5,0.2,0,0.2,1.7,0.5,1.2,223.3
9,78,1,1,0.4,0.1,0,0,0.1,0.4,0.1,0.3,55.8
12,78,1,8,3,0.2,0.1,0,0.4,3,0.2,2.5,332.8
13,78,1,25,9.2,0.8,0.4,0,1.2,9.2,0.8,7.7,1040
14,78,1,7,2.6,0.2,0.1,0,0.3,2.6,0.2,2.2,291.2
33,78,1,3,1.3,0.4,0,0,0.1,1.3,0.1,1,153.9
41,78,1,3,1.3,0.3,0.1,0,0,1.3,0,1.1,146.7
42,78,1,6,3.2,1,0,0,0.2,3.2,0.5,2.6,337.4
43,78,1,3,1.6,0.5,0,0,0.1,1.6,0.3,1.3,168.7
45,78,1,2,1.1,0.3,0,0,0.1,1.1,0.2,0.9,112.5
52,78,1,1,0.5,0.2,0,0,0,0.5,0,0.4,58.6
54,78,1,1,0.5,0.2,0,0,0,0.5,0,0.4,58.6
65,78,1,3,1.4,0.5,0.1,0,0,1.4,0.6,1,153.5
66,78,1,3,1.4,0.5,0.1,0,0,1.4,0.6,1,153.5
71,78,1,4,2,0.8,0,0,0,2,0.1,1.2,220.6
72,78,1,3,1.1,0.2,0,0,0.1,1.1,0.1,0.9,120.8
73,78,1,7,2.6,0.4,0,0,0.2,2.6,0.2,2.2,282
74,78,1,4,1.5,0.2,0,0,0.1,1.5,0.1,1.2,161.1
126,78,1,2,1,0.3,0,0,0.1,1,0.1,0.8,105.3
0,79,1,2,0.8,0.2,0.1,0,0.1,0.8,0.1,0.8,113.2
5,79,1,3,1.2,0.4,0.1,0,0.2,1.2,0.4,0.9,167.5
7,79,1,4,1.7,0.5,0.2,0,0.2,1.7,0.5,1.2,223.3
11,79,1,2,0.8,0.2,0.1,0,0.1,0.8,0.2,0.6,111.7
21,79,1,2,0.7,0.1,0,0,0.1,0.7,0.1,0.6,83.2
39,79,1,7,3.1,0.7,0.1,0,0,3.1,0,2.5,342.3
40,79,1,3,1.3,0.3,0.1,0,0,1.3,0,1.1,146.7
41,79,1,14,6.3,1.5,0.3,0,0,6.3,0,5.1,684.5
42,79,1,15,8,2.5,0,0,0.5,8,1.4,6.4,843.6
45,79,1,2,1.1,0.3,0,0,0.1,1.1,0.2,0.9,112.5
50,79,1,3,1.6,0.5,0,0,0.1,1.6,0.3,1.3,168.7
60,79,1,12,4.5,0.8,0.4,0,0.8,4.5,0,4.1,492.8
63,79,1,2,0.9,0.3,0.1,0,0,0.9,0.4,0.7,102.3
64,79,1,4,1.9,0.6,0.1,0,0,1.9,0.8,1.4,204.6
66,79,1,4,1.9,0.6,0.1,0,0,1.9,0.8,1.4,204.6
67,79,1,2,1,0.4,0,0,0,1,0.1,0.6,110.3
73,79,1,6,2.2,0.4,0,0,0.2,2.2,0.2,1.9,241.7
74,79,1,2,0.8,0.1,0,0,0.1,0.8,0.1,0.6,80.6
97,79,1,3,1.4,0.4,0.1,0.1,0.2,1.3,0.1,1,141.5
122,79,1,5,2.5,0.7,0.1,0,0.2,2.5,0.3,2,263.4
0,80,1,12,5,1.3,0.3,0,0.3,5,0.3,4.7,679.3
2,80,1,2,0.8,0.2,0.1,0,0.1,0.8,0.2,0.6,111.7
9,80,1,3,1.2,0.4,0.1,0,0.2,1.2,0.4,0.9,167.5
33,80,1,1,0.4,0.1,0,0,0,0.4,0,0.3,51.3
35,80,1,1,0.4,0.1,0,0,0,0.4,0,0.3,51.3
36,80,1,2,0.9,0.2,0,0,0,0.9,0,0.6,102.6
44,80,1,2,1.1,0.3,0,0,0.1,1.1,0.2,0.9,112.5
50,80,1,2,1.1,0.3,0,0,0.1,1.1,0.2,0.9,112.5
51,80,1,3,1.6,0.5,0,0,0.1,1.6,0.3,1.3,168.7
60,80,1,13,4.9,0.8,0.4,0,0.8,4.9,0,4.5,533.8
61,80,1,7,2.6,0.4,0.2,0,0.4,2.6,0,2.4,287.4
66,80,1,1,0.5,0.2,0,0,0,0.5,0.2,0.3,51.2
74,80,1,2,0.8,0.1,0,0,0.1,0.8,0.1,0.6,80.6
75,80,1,3,1.1,0.2,0,0,0.1,1.1,0.1,0.9,120.8
77,80,1,3,1.4,0.3,0,0.1,0.3,1.3,0.1,1.2,175.1
107,80,1,2.5,1.2,0.4,0.1,0,0.2,1.2,0.2,1.1,147
111,80,1,5,2.4,0.8,0.2,0,0.5,2.4,0.3,2.2,294
122,80,1,8,4,1.1,0.2,0,0.3,4,0.5,3.2,421.4
123,80,1,4,2,0.5,0.1,0,0.2,2,0.2,1.6,210.7
2,81,1,5,1.8,0.1,0.1,0,0,1.8,0,1.8,199
22,81,1,2,0.8,0.1,0,0,0.3,0.8,0.1,0.8,136.8
36,81,1,3,1.3,0.4,0,0,0.1,1.3,0.1,1,153.9
60,81,1,7,3.5,1.5,0,0,0,3.5,0.2,3.1,410.2
61,81,1,4,2,0.9,0,0,0,2,0.1,1.8,234.4
69,81,1,2,1,0.4,0,0,0,1,0.1,0.6,110.3
76,81,1,2,0.9,0.2,0,0,0.2,0.9,0.1,0.8,116.7
77,81,1,2,0.9,0.2,0,0,0.2,0.9,0.1,0.8,116.7
122,81,1,2,1,0.3,0,0,0.1,1,0.1,0.8,105.3
123,81,1,6,3,0.8,0.1,0,0.2,3,0.3,2.4,316
1,82,1,7,2.5,0.8,0.4,0,0.2,2.5,0.6,2.3,276.2
5,82,1,6,2.2,0.1,0.1,0,0,2.2,0,2.2,238.8
6,82,1,7,2.6,0.2,0.2,0,0,2.6,0,2.6,278.6
10,82,1,2,0.8,0.2,0.1,0,0.1,0.8,0.2,0.6,111.7
11,82,1,3,1.2,0.4,0.1,0,0.2,1.2,0.4,0.9,167.5
22,82,1,9,3.7,0.3,0,0,1.3,3.7,0.7,3.7,615.7
39,82,1,2,0.9,0.2,0,0,0,0.9,0,0.6,102.6
42,82,1,1,0.5,0.2,0,0,0,0.5,0.1,0.4,56.2
59,82,1,7,3.5,1.5,0,0,0,3.5,0.2,3.1,410.2
60,82,1,1,0.5,0.2,0,0,0,0.5,0,0.4,58.6
68,82,1,5,2.5,0.9,0,0,0,2.5,0.2,1.6,275.8
69,82,1,2,1,0.4,0,0,0,1,0.1,0.6,110.3
76,82,1,6,2.8,0.6,0,0.1,0.6,2.7,0.2,2.5,350.2
77,82,1,3,1.4,0.3,0,0.1,0.3,1.3,0.1,1.2,175.1
100,82,1,1,0.5,0.1,0,0.1,0.1,0.4,0,0.3,47.2
106,82,1,1,0.5,0.2,0,0,0.1,0.5,0.1,0.4,58.8
110,82,1,5,2.4,0.8,0.2,0,0.5,2.4,0.3,2.2,294
119,82,1,4,1.4,0.2,0,0,0.1,1.4,0.3,1.3,205.6
120,82,1,4,1.4,0.2,0,0,0.1,1.4,0.3,1.3,205.6
127,82,1,2,1,0.3,0,0,0.1,1,0.1,0.8,105.3
5,83,1,20,7.4,0.4,0.4,0,0,7.4,0,7.4,796.1
6,83,1,8,3,0.2,0.2,0,0,3,0,3,318.4
8,83,1,1,0.4,0.1,0,0,0.1,0.4,0.1,0.3,55.8
28,83,1,2,0.8,0.1,0,0,0.3,0.8,0.1,0.8,136.8
30,83,1,1,0.4,0,0,0,0.1,0.4,0.1,0.4,68.4
31,83,1,4,1.6,0.1,0,0,0.6,1.6,0.3,1.6,273.6
35,83,1,1,0.4,0.1,0,0,0,0.4,0,0.3,51.3
38,83,1,3,1.3,0.4,0,0,0.1,1.3,0.1,1,153.9
41,83,1,9,4,1.1,0,0,0.2,4,0.2,2.9,461.8
68,83,1,2,1,0.4,0,0,0,1,0.1,0.6,110.3
79,83,1,4,1.8,0.4,0,0,0.4,1.8,0.1,1.7,233.5
93,83,1,1,0.5,0.1,0,0.1,0.1,0.4,0,0.3,47.2
106,83,1,4,1.9,0.6,0.1,0,0.4,1.9,0.3,1.8,235.2
114,83,1,10,3.6,0.5,0,0,0.3,3.6,0.8,3.3,514.1
115,83,1,4,1.4,0.2,0,0,0.1,1.4,0.3,1.3,205.6
0,84,1,5,1.8,0.6,0.3,0,0.2,1.8,0.5,1.7,197.3
9,84,1,2,0.8,0.2,0.1,0,0.1,0.8,0.2,0.6,111.7
21,84,1,4,1.5,0.1,0.1,0,0.2,1.5,0.1,1.2,166.4
27,84,1,2,0.8,0.1,0,0,0.3,0.8,0.1,0.8,136.8
30,84,1,2,0.8,0.1,0,0,0.3,0.8,0.1,0.8,136.8
31,84,1,2,0.8,0.1,0,0,0.3,0.8,0.1,0.8,136.8
32,84,1,2,0.9,0.2,0,0,0,0.9,0,0.6,102.6
39,84,1,6,2.6,0.7,0,0,0.1,2.6,0.1,1.9,307.9
48,84,1,1,0.5,0.2,0,0,0,0.5,0.1,0.4,56.2
58,84,1,2,1,0.4,0,0,0,1,0.1,0.9,117.2
65,84,1,1,0.5,0.2,0,0,0,0.5,0,0.3,55.2
76,84,1,4,1.8,0.4,0,0,0.4,1.8,0.1,1.7,233.5
93,84,1,3,1.4,0.4,0.1,0.1,0.2,1.3,0.1,1,141.5
94,84,1,6,2.7,0.7,0.2,0.2,0.4,2.5,0.2,2,283.1
106,84,1,6,2.9,1,0.2,0,0.6,2.9,0.4,2.7,352.8
119,84,1,4,1.4,0.2,0,0,0.1,1.4,0.3,1.3,205.6
34,85,1,4,1.8,0.5,0,0,0.1,1.8,0.1,1.3,205.2
37,85,1,2,0.9,0.2,0,0,0,0.9,0,0.6,102.6
45,85,1,2,1.1,0.3,0,0,0.1,1.1,0.2,0.9,112.5
65,85,1,8,4,1.5,0,0,0,4,0.2,2.5,441.2
67,85,1,1,0.5,0.2,0,0,0,0.5,0,0.3,55.2
69,85,1,4,2,0.8,0,0,0,2,0.1,1.2,220.6
75,85,1,2,0.9,0.2,0,0,0.2,0.9,0.1,0.8,116.7
77,85,1,4,1.8,0.4,0,0,0.4,1.8,0.1,1.7,233.5
89,85,1,1,0.5,0.1,0,0,0.1,0.5,0,0.4,58.4
91,85,1,3,1.4,0.3,0,0.1,0.3,1.3,0.1,1.2,175.1
93,85,1,9,4.1,1.1,0.3,0.3,0.5,3.8,0.3,3,424.6
94,85,1,8,3.6,1,0.2,0.2,0.5,3.4,0.2,2.7,377.5
102,85,1,2,1,0.3,0.1,0,0.2,1,0.1,0.9,117.6
105,85,1,3,1.4,0.5,0.1,0,0.3,1.4,0.2,1.3,176.4
106,85,1,3,1.4,0.5,0.1,0,0.3,1.4,0.2,1.3,176.4
114,85,1,5,1.8,0.3,0,0,0.1,1.8,0.4,1.7,257.1
123,85,1,2,1,0.3,0,0,0.1,1,0.1,0.8,105.3
124,85,1,1,0.5,0.1,0,0,0,0.5,0.1,0.4,52.7
125,85,1,2,1,0.3,0,0,0.1,1,0.1,0.8,105.3
32,86,1,2,0.8,0.2,0.1,0,0,0.8,0.1,0.7,91.8
39,86,1,1,0.4,0.1,0,0,0,0.4,0.1,0.3,45.9
44,86,1,4,1.7,0.4,0,0.1,0,1.6,0.4,1.3,199.2
45,86,1,2,0.8,0.2,0,0,0,0.8,0.2,0.6,99.6
61,86,1,10,3.9,0.8,0.6,0.4,0.2,3.5,0.6,2.7,441.6
75,86,1,1,0.5,0.1,0,0,0.1,0.5,0,0.4,58.4
76,86,1,2,0.9,0.2,0,0,0.2,0.9,0.1,0.8,116.7
95,86,1,25,9.1,1.6,0.8,0,0.8,9.1,1.6,6.6,988.5
96,86,1,20,7.3,1.3,0.7,0,0.7,7.3,1.3,5.3,790.8
97,86,1,7,2.7,0.7,0.3,0,0,2.7,0.3,2.3,359.7
106,86,1,6,2.9,0.7,0,0,0.3,2.9,0.3,2.4,323.7
113,86,1,2,1,0.3,0.1,0,0.1,1,0.2,0.7,110.6
123,86,1,4,2,0.7,0.1,0,0.2,2,0.2,1.8,233.1
124,86,1,7,3.5,1.2,0.1,0,0.4,3.5,0.4,3.1,407.9
125,86,1,3,1.5,0.5,0,0,0.2,1.5,0.2,1.3,174.8
126,86,1,1,0.5,0.2,0,0,0.1,0.5,0.1,0.4,58.3
127,86,1,3,1.7,0.7,0,0,0.1,1.7,0.6,1.6,173.1
10,87,1,5,2.4,1.2,0.2,0,0,2.4,0.2,2,315.8
18,87,1,9,3.3,0.6,0.2,0,0.7,3.3,0.7,1.8,365.7
26,87,1,3,1,0.2,0.2,0,0,1,0.2,1,127.4
27,87,1,1,0.4,0.1,0.1,0,0,0.4,0.1,0.2,39.7
31,87,1,1,0.4,0.1,0.1,0,0,0.4,0.1,0.2,39.7
33,87,1,4,1.6,0.4,0.2,0,0.1,1.6,0.2,1.4,183.6
54,87,1,3,1.2,0.2,0.2,0.1,0.1,1.1,0.2,0.8,132.5
65,87,1,2,0.9,0.2,0,0,0,0.9,0.1,0.8,86.2
93,87,1,8,2.9,0.5,0.3,0,0.3,2.9,0.5,2.1,316.3
94,87,1,19,6.9,1.3,0.6,0,0.6,6.9,1.3,5,751.2
95,87,1,7,2.5,0.5,0.2,0,0.2,2.5,0.5,1.8,276.8
96,87,1,2,0.7,0.1,0.1,0,0.1,0.7,0.1,0.5,79.1
105,87,1,4,1.9,0.5,0,0,0.2,1.9,0.2,1.6,215.8
106,87,1,9,4.4,1,0,0,0.5,4.4,0.5,3.6,485.5
125,87,1,3,1.5,0.5,0,0,0.2,1.5,0.2,1.3,174.8
127,87,1,10,5.7,2.4,0,0,0.5,5.7,1.9,5.2,577.1
15,88,1,3,1.1,0.2,0.1,0,0.2,1.1,0.2,0.6,121.9
19,88,1,1,0.4,0.1,0,0,0.1,0.4,0.1,0.2,40.6
20,88,1,3,1.1,0.2,0.1,0,0.2,1.1,0.2,0.6,121.9
21,88,1,5,1.8,0.3,0.1,0,0.4,1.8,0.4,1,203.2
30,88,1,20,7.3,2.1,1.2,0.3,0.3,7,1.2,4.5,793.6
32,88,1,1,0.4,0.1,0,0,0,0.4,0.1,0.3,45.9
42,88,1,4,1.7,0.4,0,0.1,0,1.6,0.4,1.3,199.2
44,88,1,4,1.7,0.4,0,0.1,0,1.6,0.4,1.3,199.2
53,88,1,3,1.2,0.2,0.2,0.1,0.1,1.1,0.2,0.8,132.5
58,88,1,1.5,0.6,0.1,0.1,0.1,0,0.5,0.1,0.4,66.2
59,88,1,1,0.4,0.1,0.1,0,0,0.4,0.1,0.3,44.2
65,88,1,5,2.2,0.6,0.1,0,0.1,2.2,0.3,1.9,215.5
91,88,1,1,0.5,0.1,0,0,0.1,0.5,0,0.4,58.4
92,88,1,4,1.5,0.3,0.1,0,0.1,1.5,0.3,1.1,158.2
93,88,1,1,0.4,0.1,0,0,0,0.4,0.1,0.3,39.5
96,88,1,1,0.4,0.1,0,0,0,0.4,0.1,0.3,39.5
97,88,1,10,3.8,1,0.5,0,0,3.8,0.5,3.3,513.8
98,88,1,1,0.4,0.1,0,0,0,0.4,0,0.3,51.4
106,88,1,1,0.5,0.1,0,0,0.1,0.5,0.1,0.4,53.9
111,88,1,2,0.8,0.3,0,0,0,0.8,0.1,0.7,97.3
124,88,1,3,1.5,0.5,0,0,0.2,1.5,0.2,1.3,174.8
125,88,1,6,3,1,0.1,0,0.3,3,0.3,2.6,349.6
126,88,1,9,4.4,1.6,0.1,0,0.5,4.4,0.5,4,524.4
127,88,1,2,1.1,0.5,0,0,0.1,1.1,0.4,1,115.4
20,89,1,2,0.7,0.1,0,0,0.2,0.7,0.2,0.4,81.3
22,89,1,8,2.7,0.6,0.4,0,0,2.7,0.4,2.7,339.6
29,89,1,9,3.3,1,0.5,0.2,0.1,3.1,0.5,2,357.1
30,89,1,1,0.4,0.1,0.1,0,0,0.4,0.1,0.2,39.7
31,89,1,14,5.1,1.5,0.8,0.2,0.2,4.9,0.8,3.2,555.5
32,89,1,2,0.8,0.2,0.1,0,0,0.8,0.1,0.7,91.8
34,89,1,1,0.4,0.1,0,0,0,0.4,0.1,0.3,45.9
54,89,1,2,0.8,0.2,0.1,0.1,0,0.7,0.1,0.5,88.3
58,89,1,2,0.8,0.2,0.1,0.1,0,0.7,0.1,0.5,88.3
64,89,1,2,0.9,0.2,0,0,0,0.9,0.1,0.8,86.2
68,89,1,3,1.3,0.4,0.1,0,0.1,1.3,0.2,1.2,129.3
89,89,1,2,0.9,0.2,0,0,0.2,0.9,0.1,0.8,116.7
97,89,1,2,0.8,0.2,0.1,0,0,0.8,0.1,0.7,102.8
100,89,1,2,0.8,0.2,0.1,0,0,0.8,0.1,0.7,102.8
106,89,1,8,3.9,0.9,0,0,0.5,3.9,0.5,3.2,431.5
109,89,1,1,0.4,0.1,0,0,0,0.4,0.1,0.4,48.7
123,89,1,8,3.9,1.4,0.1,0,0.4,3.9,0.4,3.5,466.1
124,89,1,13,6.4,2.3,0.2,0,0.7,6.4,0.7,5.7,757.5
125,89,1,14,6.9,2.4,0.2,0,0.7,6.9,0.7,6.2,815.7
126,89,1,3,1.5,0.5,0,0,0.2,1.5,0.2,1.3,174.8
10,90,1,1,0.5,0.2,0,0,0,0.5,0,0.4,63.2
15,90,1,1,0.4,0.1,0,0,0.1,0.4,0.1,0.2,40.6
19,90,1,9,3.3,0.6,0.2,0,0.7,3.3,0.7,1.8,365.7
21,90,1,4,1.5,0.2,0.1,0,0.3,1.5,0.3,0.8,162.5
29,90,1,14,5.1,1.5,0.8,0.2,0.2,4.9,0.8,3.2,555.5
30,90,1,6,2.2,0.6,0.4,0.1,0.1,2.1,0.4,1.4,238.1
41,90,1,5,2,0.5,0.2,0,0.1,2,0.3,1.7,229.5
52,90,1,1,0.4,0.1,0.1,0,0,0.4,0.1,0.3,44.2
53,90,1,2,0.8,0.2,0.1,0.1,0,0.7,0.1,0.5,88.3
92,90,1,4,1.5,0.3,0.1,0,0.1,1.5,0.3,1.1,158.2
97,90,1,1,0.4,0.1,0,0,0,0.4,0,0.3,51.4
100,90,1,3,1.1,0.3,0.1,0,0,1.1,0.1,1,154.1
103,90,1,4,1.9,0.5,0,0,0.2,1.9,0.2,1.6,215.8
105,90,1,3,1.5,0.3,0,0,0.2,1.5,0.2,1.2,161.8
125,90,1,1,0.5,0.2,0,0,0.1,0.5,0.1,0.4,58.3
15,91,1,3,1.1,0.2,0.1,0,0.2,1.1,0.2,0.6,121.9
16,91,1,1,0.4,0.1,0,0,0.1,0.4,0.1,0.2,40.6
18,91,1,3,1,0.2,0.1,0,0,1,0.4,0.9,115.5
19,91,1,4,1.3,0.2,0.1,0,0,1.3,0.5,1.2,154
29,91,0,34,17,6,0,4,0,13,2,9,1718
30,91,1,8.5,3.2,0.8,0.4,0,0.4,3.2,0,2.3,409.2
51,91,1,4,1.4,0.1,0.1,0,0.1,1.4,0,1.2,153
52,91,1,9,3.5,0.7,0.5,0.4,0.2,3.1,0.5,2.4,397.4
55,91,1,9,3.5,0.7,0.5,0.4,0.2,3.1,0.5,2.4,397.4
59,91,1,8,3.5,1,0.3,0,0.3,3.5,1,2.9,438.7
60,91,1,2,0.9,0.2,0.1,0,0.1,0.9,0.2,0.7,109.7
64,91,1,7,3.1,0.8,0.1,0,0.1,3.1,0.5,2.7,301.7
65,91,1,11,4.8,1.3,0.2,0,0.2,4.8,0.7,4.3,474.1
66,91,1,6,2.6,0.7,0.1,0,0.1,2.6,0.4,2.3,258.6
67,91,1,6,2.6,0.7,0.1,0,0.1,2.6,0.4,2.3,258.6
69,91,1,1,0.4,0.1,0,0,0,0.4,0.1,0.4,43.1
70,91,1,1,0.4,0.1,0,0,0,0.4,0.1,0.4,43.1
72,91,1,2,0.9,0.2,0,0,0.2,0.9,0.1,0.8,116.7
91,91,1,3,1.4,0.3,0,0.1,0.3,1.3,0.1,1.2,175.1
95,91,1,3,1.1,0.3,0.1,0,0,1.1,0.1,1,154.1
101,91,1,5,2.2,0.6,0.1,0,0.2,2.2,0,2,222.3
102,91,1,11,5.1,1.4,0.1,0.1,0.6,5,0.6,4.5,545.2
106,91,1,2,0.9,0.3,0,0,0.1,0.9,0.1,0.8,99.1
126,91,1,4,1.9,0.7,0.1,0,0.3,1.9,0.1,1.9,266.8
1,92,1,9,2.8,0.3,0.5,0,0.3,2.8,0.3,2.5,336.3
26,92,1,6,2.1,0.5,0.3,0,0,2.1,0.3,2.1,254.7
27,92,1,5,1.9,0.5,0.2,0,0.2,1.9,0,1.4,240.7
28,92,1,21,7.9,1.9,0.9,0,0.9,7.9,0,5.7,1010.8
32,92,1,2,0.8,0.2,0.1,0,0,0.8,0.1,0.7,91.8
33,92,1,7,2.8,0.7,0.3,0,0.1,2.8,0.4,2.4,321.3
34,92,1,3,1.2,0.3,0.1,0,0,1.2,0.2,1,137.7
35,92,1,7,2.8,0.7,0.3,0,0.1,2.8,0.4,2.4,321.3
37,92,1,5,2,0.5,0.2,0,0.1,2,0.3,1.7,229.5
45,92,1,4,1.7,0.4,0,0.1,0,1.6,0.4,1.3,199.2
48,92,1,3,1,0.1,0.1,0,0.1,1,0,0.9,114.8
49,92,1,4,1.4,0.1,0.1,0,0.1,1.4,0,1.2,153
50,92,1,9.5,3.3,0.2,0.3,0,0.3,3.3,0.1,2.9,363.4
51,92,1,3,1,0.1,0.1,0,0.1,1,0,0.9,114.8
59,92,1,5,2.2,0.6,0.2,0,0.2,2.2,0.6,1.8,274.2
63,92,1,2,0.9,0.2,0,0,0,0.9,0.1,0.8,86.2
66,92,1,4,1.8,0.5,0.1,0,0.1,1.8,0.3,1.6,172.4
70,92,1,2,0.9,0.2,0,0,0,0.9,0.1,0.8,86.2
74,92,1,3,1.4,0.3,0,0.1,0.3,1.3,0.1,1.2,175.1
101,92,1,24,10.6,2.8,0.6,0,1.1,10.6,0,9.5,1067.2
102,92,1,24.5,11.4,3.2,0.3,0.2,1.3,11.2,1.4,9.9,1214.3
103,92,1,5,2.3,0.7,0.1,0,0.3,2.3,0.3,2,247.8
105,92,1,6,2.8,0.8,0.1,0,0.3,2.8,0.4,2.4,297.4
106,92,1,20.5,9.5,2.7,0.3,0.1,1.1,9.4,1.2,8.3,1016
107,92,1,4,1.7,0.5,0,0,0.1,1.7,0.3,1.4,194.6
121,92,1,14,6.8,2.2,0.5,0,0.5,6.8,1.2,5.1,774.1
126,92,1,2,0.9,0.4,0.1,0,0.2,0.9,0.1,0.9,133.4
18,93,1,2,0.7,0.1,0.1,0,0,0.7,0.2,0.6,77
22,93,1,4,1.4,0.3,0.2,0,0,1.4,0.2,1.4,169.8
23,93,1,6,2.1,0.5,0.3,0,0,2.1,0.3,2.1,254.7
29,93,1,5,1.9,0.5,0.2,0,0.2,1.9,0,1.4,240.7
30,93,1,4,1.5,0.4,0.2,0,0.2,1.5,0,1.1,192.5
31,93,1,7,2.6,0.6,0.3,0,0.3,2.6,0,1.9,336.9
32,93,1,9,3.5,1,0.4,0,0.1,3.5,0.5,3.1,413
34,93,1,4,1.6,0.4,0.2,0,0.1,1.6,0.2,1.4,183.6
35,93,1,1,0.4,0.1,0,0,0,0.4,0.1,0.3,45.9
36,93,1,3,1.2,0.3,0.1,0,0,1.2,0.2,1,137.7
41,93,1,3,1.2,0.3,0.1,0,0,1.2,0.2,1,137.7
47,93,1,4,1.4,0.1,0.1,0,0.1,1.4,0,1.2,153
48,93,0,27,13,6,0,0,0,13,1,12,1049
49,93,1,21,7.3,0.4,0.6,0,0.6,7.3,0.2,6.5,803.3
50,93,1,27,9.4,0.5,0.8,0,0.8,9.4,0.3,8.4,1032.8
51,93,1,17,5.9,0.3,0.5,0,0.5,5.9,0.2,5.3,650.3
69,93,1,1,0.4,0.1,0,0,0,0.4,0.1,0.4,43.1
98,93,1,1,0.4,0.1,0,0,0,0.4,0,0.4,44.5
101,93,0,42,18,4,0,2,0,16,3,16,1949
102,93,0,42,16,5,2,0,0,16,1,12,1810
103,93,0,42,20,8,1,0,2,20,5,15,2045
104,93,0,24,18,12,0,11,2,7,1,0,1168
105,93,1,14,6.5,1.8,0.2,0.1,0.7,6.4,0.8,5.7,693.9
106,93,0,30,16,6,0,0,0,16,2,14,1309
111,93,1,11.5,4.8,1.5,0,0,0.3,4.8,0.8,4,559.6
112,93,1,5,2.4,0.8,0.2,0,0.2,2.4,0.4,1.8,276.5
118,93,1,1,0.5,0.2,0,0,0,0.5,0.1,0.4,55.3
119,93,1,3,1.4,0.5,0.1,0,0.1,1.4,0.3,1.1,165.9
121,93,1,3,1.4,0.5,0.1,0,0.1,1.4,0.3,1.1,165.9
122,93,1,8,3.8,1.5,0.2,0,0.6,3.8,0.2,3.8,533.7
0,94,1,2,0.6,0.1,0.1,0,0.1,0.6,0.1,0.6,74.7
4,94,1,4,1.9,1,0.2,0,0,1.9,0.2,1.6,252.6
5,94,1,3,1.4,0.7,0.1,0,0,1.4,0.1,1.2,189.5
10,94,1,2,1,0.5,0.1,0,0,1,0.1,0.8,126.3
11,94,1,1,0.5,0.2,0,0,0,0.5,0,0.4,63.2
13,94,1,4,1.5,0.2,0.1,0,0.3,1.5,0.3,0.8,162.5
17,94,1,1,0.3,0.1,0,0,0,0.3,0.1,0.3,38.5
18,94,1,15.5,5.1,0.9,0.5,0,0,5.1,1.9,4.6,596.9
19,94,1,8,2.6,0.5,0.2,0,0,2.6,1,2.4,308.1
22,94,1,3,1,0.2,0.2,0,0,1,0.2,1,127.4
24,94,1,3,1,0.2,0.2,0,0,1,0.2,1,127.4
31,94,1,5,1.9,0.5,0.2,0,0.2,1.9,0,1.4,240.7
32,94,1,3,1.2,0.3,0.1,0,0,1.2,0.2,1,137.7
33,94,1,3,1.2,0.3,0.1,0,0,1.2,0.2,1,137.7
46,94,1,2,0.8,0.2,0,0,0,0.8,0.2,0.6,99.6
47,94,0,40,18,7,1,2,1,16,2,12,2051
48,94,0,41,18,7,1,1,1,17,1,11,2166
49,94,0,29,14,4,0,0,3,14,3,12,1349
50,94,0,70,24,2,4,0,2,24,1,12,2477
51,94,0,78,25,3,5,0,2,25,3,8,2452
59,94,1,7,3.1,0.8,0.3,0,0.3,3.1,0.8,2.5,383.9
61,94,1,3,1.3,0.4,0.1,0,0.1,1.3,0.4,1.1,164.5
62,94,1,4,1.8,0.5,0.1,0,0.1,1.8,0.3,1.6,172.4
63,94,1,2,0.9,0.2,0,0,0,0.9,0.1,0.8,86.2
95,94,1,5,1.9,0.5,0.2,0,0,1.9,0.2,1.7,256.9
96,94,1,6,2.3,0.6,0.3,0,0,2.3,0.3,2,308.3
98,94,1,5,2.2,0.6,0.1,0,0.2,2.2,0,2,222.3
101,94,1,2,0.9,0.2,0,0,0.1,0.9,0,0.8,88.9
102,94,1,5,2.3,0.7,0.1,0,0.3,2.3,0.3,2,247.8
103,94,0,61,34,18,1,20,3,14,6,11,2758
104,94,1,3,1.4,0.4,0,0,0.2,1.4,0.2,1.2,148.7
105,94,1,14,6.5,1.8,0.2,0.1,0.7,6.4,0.8,5.7,693.9
106,94,1,21,9.7,2.7,0.3,0.1,1.1,9.6,1.2,8.5,1040.8
107,94,1,1,0.4,0.1,0,0,0,0.4,0.1,0.4,48.7
108,94,1,2,0.8,0.3,0,0,0,0.8,0.1,0.7,97.3
110,94,1,3,1.3,0.4,0,0,0.1,1.3,0.2,1.1,146
115,94,1,1,0.5,0.2,0,0,0,0.5,0.1,0.4,55.3
118,94,1,1,0.5,0.2,0,0,0,0.5,0.1,0.4,55.3
119,94,1,10,4.8,1.6,0.3,0,0.3,4.8,0.9,3.6,552.9
120,94,1,10,4.8,1.6,0.3,0,0.3,4.8,0.9,3.6,552.9
121,94,1,6,2.9,0.9,0.2,0,0.2,2.9,0.5,2.2,331.8
122,94,1,2,0.9,0.4,0.1,0,0.2,0.9,0.1,0.9,133.4
123,94,1,2,0.9,0.4,0.1,0,0.2,0.9,0.1,0.9,133.4
3,95,1,8,3.8,1.9,0.3,0,0,3.8,0.3,3.2,505.3
7,95,1,1,0.5,0.2,0,0,0,0.5,0,0.4,63.2
12,95,1,4,1.5,0.2,0.1,0,0.3,1.5,0.3,0.8,162.5
23,95,1,5,1.7,0.4,0.3,0,0,1.7,0.3,1.7,212.3
29,95,1,11,4.1,1,0.5,0,0.5,4.1,0,3,529.5
46,95,1,11,4.6,1.1,0,0.3,0,4.3,1.1,3.5,547.9
47,95,0,52,23,7,1,0,1,23,1,16,2977
48,95,0,39,17,5,2,2,4,15,1,8,1419
49,95,0,33,14,2,0,0,1,14,1,14,1276
50,95,1,4,1.4,0.1,0.1,0,0.1,1.4,0,1.2,153
51,95,1,10,3.5,0.2,0.3,0,0.3,3.5,0.1,3.1,382.5
55,95,1,8,3.1,0.6,0.5,0.3,0.2,2.8,0.5,2.2,353.2
94,95,1,2,0.8,0.2,0.1,0,0,0.8,0.1,0.7,102.8
99,95,1,1,0.4,0.1,0,0,0,0.4,0,0.4,44.5
101,95,1,5,2.2,0.6,0.1,0,0.2,2.2,0,2,222.3
102,95,1,14,6.5,1.8,0.2,0.1,0.7,6.4,0.8,5.7,693.9
103,95,0,51.5,32,18,1,15,4,17,5,14,3330
104,95,1,7,3.2,0.9,0.1,0,0.4,3.2,0.4,2.8,346.9
106,95,1,6,2.8,0.8,0.1,0,0.3,2.8,0.4,2.4,297.4
107,95,1,16,6.7,2.1,0,0,0.4,6.7,1.1,5.6,778.5
108,95,1,3,1.3,0.4,0,0,0.1,1.3,0.2,1.1,146
110,95,1,2,0.8,0.3,0,0,0,0.8,0.1,0.7,97.3
117,95,1,2,1,0.3,0.1,0,0.1,1,0.2,0.7,110.6
122,95,1,2,0.9,0.4,0.1,0,0.2,0.9,0.1,0.9,133.4
123,95,1,10,4.7,1.8,0.3,0,0.8,4.7,0.3,4.7,667.1
124,95,1,8,3.8,1.5,0.2,0,0.6,3.8,0.2,3.8,533.7
0,96,1,5,2.1,0.3,0,0,0.5,2.1,0.5,1.7,249.7
3,96,1,2,0.9,0.3,0,0,0.1,0.9,0.3,0.8,97.6
4,96,1,1,0.5,0.2,0,0,0,0.5,0.2,0.4,48.8
5,96,1,2,0.9,0.3,0,0,0.1,0.9,0.3,0.8,97.6
7,96,1,2,0.7,0,0,0,0,0.7,0.1,0.6,71.2
15,96,1,2,0.7,0.1,0.1,0,0,0.7,0,0.6,84.7
17,96,1,1,0.4,0.1,0,0,0,0.4,0,0.4,49.2
18,96,1,3,1.2,0.3,0,0,0,1.2,0.1,1.2,147.7
19,96,1,3,1.2,0.3,0,0,0,1.2,0.1,1.2,147.7
22,96,1,2,0.8,0.1,0,0,0,0.8,0,0.7,93.4
23,96,1,2,0.8,0.1,0,0,0,0.8,0,0.7,93.4
28,96,1,8,3,0.4,0.2,0,0,3,0.1,2.8,373.8
45,96,1,5,2.5,0.9,0.3,0,0.3,2.5,0.4,1.4,249.1
46,96,0,26,11,1,1,0,1,11,0,9,837
47,96,0,58,22,4,1,0,0,22,0,19,2212
48,96,0,31.5,13,3,0,1,2,12,1,11,1408
49,96,1,12,5.7,1.6,0,0,0,5.7,0.5,4.4,630.8
56,96,1,9,3.6,0.9,0.4,0,0.3,3.6,0.7,3,389.6
61,96,1,2,0.9,0.1,0,0.1,0.3,0.8,0.1,0.7,104.9
62,96,1,2,0.6,0,0.1,0,0.1,0.6,0.2,0.4,62
64,96,1,6,1.8,0.1,0.4,0,0.3,1.8,0.7,1.2,186.1
87,96,1,3,1.6,0.6,0,0,0.2,1.6,0.2,1.1,170.5
90,96,1,4,2.2,0.9,0,0,0.3,2.2,0.2,1.5,227.4
93,96,1,1.5,0.8,0.2,0,0.1,0.2,0.7,0.1,0.5,82.8
96,96,1,5,2.5,0.6,0,0.1,0.6,2.4,0.3,1.6,276.1
100,96,1,11,5.2,2,0.2,0.4,0.4,4.8,0.9,4,524
101,96,0,25,13,6,1,1,3,12,1,8,1590
115,96,1,3,1.4,0.2,0,0,0.1,1.4,0.1,1,146.1
116,96,1,5,2.3,0.4,0,0,0.2,2.3,0.2,1.7,243.5
118,96,1,4,1.8,0.3,0,0,0.2,1.8,0.2,1.3,194.8
121,96,1,2,0.9,0.2,0,0,0.1,0.9,0.1,0.7,97.4
122,96,1,4,2.1,0.6,0,0,0.2,2.1,0.2,1.8,245.9
0,97,1,4,1.7,0.3,0,0,0.4,1.7,0.4,1.4,199.7
1,97,1,8,3.3,0.6,0,0,0.8,3.3,0.8,2.8,399.4
3,97,1,8,3.7,1.2,0,0,0.3,3.7,1.2,3.1,390.5
4,97,1,7,3.2,1.1,0,0,0.3,3.2,1.1,2.7,341.7
13,97,1,7,2.4,0.5,0.3,0,0,2.4,0.1,2.2,296.4
15,97,1,3,1,0.2,0.1,0,0,1,0.1,0.9,127
24,97,1,1,0.4,0.1,0,0,0,0.4,0,0.3,46.7
27,97,1,5,1.9,0.3,0.1,0,0,1.9,0.1,1.7,233.6
45,97,1,15,7.4,2.7,0.8,0,0.8,7.4,1.2,4.3,747.3
46,97,0,55,26,6,1,0,3,26,1,20,2248
47,97,1,10,4.8,1.4,0,0,0,4.8,0.5,3.6,525.7
48,97,1,6,2.9,0.8,0,0,0,2.9,0.3,2.2,315.4
49,97,1,7,3.3,1,0,0,0,3.3,0.3,2.5,368
50,97,1,3,1.4,0.4,0,0,0,1.4,0.1,1.1,157.7
53,97,1,2,0.8,0.2,0.1,0,0.1,0.8,0.1,0.7,86.6
55,97,1,6,2.4,0.6,0.3,0,0.2,2.4,0.4,2,259.7
56,97,1,11,4.4,1.2,0.5,0,0.3,4.4,0.8,3.7,476.1
63,97,1,2,0.6,0,0.1,0,0.1,0.6,0.2,0.4,62
68,97,1,2,0.8,0.1,0,0,0.1,0.8,0.1,0.8,102.9
69,97,1,4,1.7,0.3,0,0.1,0.1,1.6,0.3,1.5,205.8
85,97,1,3,1.6,0.6,0,0,0.2,1.6,0.2,1.1,170.5
93,97,1,2,1,0.2,0,0,0.2,1,0.1,0.6,110.4
98,97,1,1,0.5,0.2,0,0.1,0,0.4,0.1,0.4,47.6
99,97,0,22,12,5,0,1,0,11,1,9,1333
100,97,1,20,9.5,3.6,0.3,0.8,0.8,8.7,1.6,7.2,952.7
101,97,1,28,13.3,5,0.4,1.1,1.1,12.2,2.2,10.1,1333.7
102,97,1,1,0.4,0.1,0,0,0,0.4,0,0.3,41.6
103,97,1,6,2.5,0.5,0.1,0,0,2.5,0.3,1.6,249.7
107,97,1,2,0.8,0.1,0.1,0,0.1,0.8,0.1,0.8,83.4
111,97,1,1,0.4,0.1,0,0,0.1,0.4,0.1,0.4,41.7
119,97,1,1,0.5,0.1,0,0,0,0.5,0,0.3,48.7
1,98,1,9,3.7,0.6,0,0,0.9,3.7,0.9,3.1,449.4
4,98,1,2,0.9,0.3,0,0,0.1,0.9,0.3,0.8,97.6
7,98,1,16,5.5,0.4,0,0,0.4,5.5,0.7,4.7,569.8
8,98,1,15,5.1,0.3,0,0,0.3,5.1,0.7,4.4,534.2
12,98,1,6,2.1,0.4,0.2,0,0,2.1,0.1,1.9,254.1
22,98,1,11,4.2,0.6,0.2,0,0,4.2,0.1,3.8,513.9
23,98,1,6,2.3,0.3,0.1,0,0,2.3,0.1,2.1,280.3
24,98,1,4,1.5,0.2,0.1,0,0,1.5,0,1.4,186.9
26,98,1,4,1.5,0.2,0.1,0,0,1.5,0,1.4,186.9
45,98,1,1,0.5,0.2,0.1,0,0.1,0.5,0.1,0.3,49.8
46,98,1,17.5,8.6,3.2,0.9,0,0.9,8.6,1.4,5,871.8
47,98,1,5,2.4,0.7,0,0,0,2.4,0.2,1.8,262.8
50,98,1,1,0.5,0.1,0,0,0,0.5,0,0.4,52.6
53,98,1,5,2,0.5,0.2,0,0.2,2,0.4,1.7,216.4
54,98,1,18,7.2,1.9,0.8,0,0.6,7.2,1.3,6.1,779.1
55,98,1,4,1.6,0.4,0.2,0,0.1,1.6,0.3,1.3,173.1
56,98,1,2,0.8,0.2,0.1,0,0.1,0.8,0.1,0.7,86.6
67,98,1,2,0.8,0.1,0,0,0.1,0.8,0.1,0.8,102.9
74,98,1,4,1.8,0.4,0.1,0,0.2,1.8,0,1.4,195.4
79,98,1,6,2.6,0.6,0.1,0,0.3,2.6,0,2,293.1
81,98,1,8,3.5,0.8,0.2,0,0.4,3.5,0,2.7,390.8
82,98,1,11,5.9,2.4,0,0,0.9,5.9,0.6,4.2,625.2
85,98,1,2,1.1,0.4,0,0,0.2,1.1,0.1,0.8,113.7
86,98,1,2,1.1,0.4,0,0,0.2,1.1,0.1,0.8,113.7
95,98,1,2,1,0.2,0,0,0.2,1,0.1,0.6,110.4
96,98,1,3,1.5,0.3,0,0.1,0.3,1.4,0.2,1,165.7
97,98,1,15,7.1,2.7,0.2,0.6,0.6,6.5,1.2,5.4,714.5
98,98,1,10,4.8,1.8,0.2,0.4,0.4,4.4,0.8,3.6,476.3
99,98,1,14,6.7,2.5,0.2,0.6,0.5,6.1,1.1,5,666.9
100,98,1,4,1.9,0.7,0.1,0.2,0.2,1.7,0.3,1.4,190.5
102,98,1,4,1.6,0.4,0.1,0,0,1.6,0.2,1.1,166.5
103,98,1,19,7.8,1.7,0.4,0,0,7.8,0.9,5.2,790.7
104,98,1,14,5.7,1.3,0.3,0,0,5.7,0.6,3.8,582.6
107,98,1,4,1.6,0.2,0.1,0,0.2,1.6,0.2,1.6,166.8
6,99,1,2,0.9,0.3,0,0,0.1,0.9,0.3,0.8,97.6
9,99,1,6,2,0.1,0,0,0.1,2,0.3,1.8,213.7
11,99,1,2,0.7,0,0,0,0,0.7,0.1,0.6,71.2
21,99,1,7,2.9,0.7,0,0,0,2.9,0.2,2.7,344.5
22,99,1,30,11.3,1.7,0.7,0,0,11.3,0.3,10.3,1401.7
23,99,1,11,4.2,0.6,0.2,0,0,4.2,0.1,3.8,513.9
24,99,1,3,1.1,0.2,0.1,0,0,1.1,0,1,140.2
52,99,1,1,0.4,0.1,0,0,0,0.4,0.1,0.3,43.3
53,99,1,11,4.4,1.2,0.5,0,0.3,4.4,0.8,3.7,476.1
54,99,1,8,3.2,0.8,0.3,0,0.3,3.2,0.6,2.7,346.3
55,99,1,10,4,1.1,0.4,0,0.3,4,0.7,3.4,432.8
56,99,1,7,2.8,0.7,0.3,0,0.2,2.8,0.5,2.4,303
57,99,1,3,1.3,0.1,0,0.1,0.4,1.2,0.1,1.1,157.3
58,99,1,2,0.9,0.1,0,0.1,0.3,0.8,0.1,0.7,104.9
59,99,1,11,4.7,0.5,0,0.2,1.4,4.5,0.5,4,576.9
62,99,1,2,0.6,0,0.1,0,0.1,0.6,0.2,0.4,62
68,99,1,1,0.4,0.1,0,0,0,0.4,0.1,0.4,51.5
80,99,1,2,0.9,0.2,0,0,0.1,0.9,0,0.7,97.7
81,99,1,3,1.3,0.3,0.1,0,0.1,1.3,0,1,146.6
90,99,1,1,0.5,0.2,0,0,0.1,0.5,0.1,0.4,56.8
91,99,1,1,0.5,0.2,0,0,0.1,0.5,0.1,0.4,56.8
94,99,1,2,1,0.2,0,0,0.2,1,0.1,0.6,110.4
96,99,1,9,4.6,1,0,0.2,1,4.4,0.6,2.9,497
97,99,1,1,0.5,0.2,0,0.1,0,0.4,0.1,0.4,47.6
98,99,1,5,2.4,0.9,0.1,0.2,0.2,2.2,0.4,1.8,238.2
99,99,1,2,1,0.4,0,0.1,0.1,0.9,0.2,0.7,95.3
100,99,1,7,3.3,1.3,0.1,0.3,0.3,3,0.5,2.5,333.4
101,99,1,7,3.3,1.3,0.1,0.3,0.3,3,0.5,2.5,333.4
108,99,1,6,2.4,0.4,0.2,0,0.4,2.4,0.4,2.4,250.2
115,99,1,2,0.9,0.2,0,0,0.1,0.9,0.1,0.7,97.4
3,100,1,2,0.9,0.3,0,0,0.1,0.9,0.3,0.8,97.6
10,100,1,3,1,0.1,0,0,0.1,1,0.1,0.9,106.8
13,100,1,7,2.4,0.5,0.3,0,0,2.4,0.1,2.2,296.4
20,100,1,12,5,1.2,0,0,0,5,0.3,4.7,590.6
21,100,1,15,6.2,1.5,0,0,0,6.2,0.4,5.9,738.3
22,100,1,1,0.4,0.1,0,0,0,0.4,0,0.3,46.7
56,100,1,1,0.4,0.1,0,0,0,0.4,0.1,0.3,43.3
57,100,1,6,2.6,0.3,0,0.2,0.8,2.4,0.3,2.2,314.7
58,100,1,3,1.3,0.1,0,0.1,0.4,1.2,0.1,1.1,157.3
60,100,1,2,0.9,0.1,0,0.1,0.3,0.8,0.1,0.7,104.9
61,100,1,18,7.7,0.8,0,0.4,2.3,7.3,0.8,6.5,944
62,100,1,26,7.9,0.6,1.7,0,1.1,7.9,2.8,5.1,806.6
63,100,1,8,2.4,0.2,0.5,0,0.3,2.4,0.9,1.6,248.2
71,100,1,4,1.7,0.3,0,0.1,0.1,1.6,0.3,1.5,205.8
80,100,1,3,1.3,0.3,0.1,0,0.1,1.3,0,1,146.6
81,100,1,2,0.9,0.2,0,0,0.1,0.9,0,0.7,97.7
94,100,1,3,1.5,0.3,0,0.1,0.3,1.4,0.2,1,165.7
95,100,1,2,1,0.2,0,0,0.2,1,0.1,0.6,110.4
100,100,1,3,1.4,0.5,0,0.1,0.1,1.3,0.2,1.1,142.9
113,100,1,2,0.9,0.2,0,0,0.1,0.9,0.1,0.7,97.4
2,101,1,2,0.8,0.2,0.1,0,0.1,0.8,0.1,0.7,84
3,101,1,2,0.8,0.2,0.1,0,0.1,0.8,0.1,0.7,84
4,101,1,4,1.5,0.3,0.2,0,0.1,1.5,0.1,1.3,168
7,101,1,2,0.9,0.2,0,0.1,0.2,0.8,0.1,0.7,106.8
8,101,1,3,1.3,0.3,0.1,0.1,0.3,1.2,0.1,1.1,160.3
9,101,1,1,0.4,0.1,0,0,0.1,0.4,0,0.4,53.4
12,101,1,1,0.3,0.1,0,0,0,0.3,0,0.3,42.3
13,101,1,4,1.4,0.3,0.1,0,0,1.4,0.1,1.2,169.4
14,101,1,11,3.8,0.8,0.4,0,0,3.8,0.2,3.4,465.8
18,101,1,9,3.4,0.7,0.2,0.5,0.2,2.9,1,2.7,386.8
19,101,1,10,3.8,0.8,0.3,0.5,0.3,3.3,1.1,3,429.7
20,101,1,2,0.8,0.2,0.1,0.1,0.1,0.7,0.2,0.6,85.9
39,101,1,3,1.3,0.3,0,0,0.1,1.3,0.2,1.1,140.1
40,101,1,3,1.3,0.3,0,0,0.1,1.3,0.2,1.1,140.1
41,101,1,4,1.7,0.4,0,0,0.2,1.7,0.2,1.4,186.8
57,101,1,3,1.1,0.3,0.1,0,0.1,1.1,0.1,0.8,117.4
58,101,1,7,2.6,0.7,0.3,0,0.2,2.6,0.2,1.9,274
64,101,1,2,1,0.2,0,0,0.1,1,0.2,0.8,116.7
65,101,1,2,1,0.2,0,0,0.1,1,0.2,0.8,116.7
76,101,1,1,0.4,0.1,0,0,0,0.4,0,0.3,48.9
80,101,1,8,3.5,0.8,0.2,0,0.4,3.5,0,2.7,390.8
99,101,1,2,1,0.2,0,0,0.2,1,0.1,0.6,110.4
100,101,1,3,1.5,0.3,0,0.1,0.3,1.4,0.2,1,165.7
112,101,1,1,0.5,0.2,0,0,0.1,0.5,0,0.4,51.1
2,102,1,5,1.9,0.4,0.2,0,0.2,1.9,0.1,1.7,210
4,102,1,1,0.4,0.1,0,0,0,0.4,0,0.3,42
6,102,1,12,4.6,1,0.6,0,0.4,4.6,0.3,4,504.1
7,102,1,3,1.3,0.3,0.1,0.1,0.3,1.2,0.1,1.1,160.3
9,102,1,3,1.3,0.3,0.1,0.1,0.3,1.2,0.1,1.1,160.3
10,102,1,1,0.4,0.1,0,0,0.1,0.4,0,0.4,53.4
13,102,1,6,2.1,0.4,0.2,0,0,2.1,0.1,1.9,254.1
16,102,1,4,1.4,0.3,0.1,0,0,1.4,0.1,1.2,169.4
37,102,1,3,1.3,0.3,0,0,0.1,1.3,0.2,1.1,140.1
38,102,1,4,1.7,0.4,0,0,0.2,1.7,0.2,1.4,186.8
39,102,1,1,0.4,0.1,0,0,0,0.4,0.1,0.4,46.7
49,102,1,5,2,0.4,0.1,0,0.1,2,0,1.8,240.6
50,102,1,3,1.2,0.2,0.1,0,0.1,1.2,0,1.1,144.4
51,102,1,2,0.8,0.2,0,0,0,0.8,0,0.7,96.2
58,102,1,2,0.7,0.2,0.1,0,0.1,0.7,0.1,0.6,78.3
59,102,1,24,8.9,2.3,1,0,0.6,8.9,0.6,6.6,939.3
60,102,1,1,0.4,0.1,0,0,0,0.4,0,0.3,39.1
61,102,1,2,0.7,0.2,0.1,0,0.1,0.7,0.1,0.6,78.3
62,102,1,6,3.1,0.7,0,0,0.2,3.1,0.5,2.5,350
64,102,1,4,2.1,0.5,0,0,0.1,2.1,0.4,1.7,233.3
65,102,1,1,0.5,0.1,0,0,0,0.5,0.1,0.4,58.3
81,102,1,4,1.8,0.4,0.1,0,0.2,1.8,0,1.4,195.4
83,102,1,2,1.1,0.4,0,0,0.2,1.1,0.1,0.8,113.7
95,102,1,6,3,0.7,0,0.1,0.7,2.9,0.4,1.9,331.3
102,102,1,2,0.8,0.1,0.1,0,0.1,0.8,0.1,0.8,83.4
104,102,1,3,1.2,0.2,0.1,0,0.2,1.2,0.2,1.2,125.1
113,102,1,3,1.5,0.6,0,0,0.2,1.5,0.1,1.1,153.3
114,102,1,3,1.5,0.6,0,0,0.2,1.5,0.1,1.1,153.3
115,102,1,1,0.5,0.2,0,0,0.1,0.5,0,0.4,51.1
0,103,1,3,1.2,0.2,0.1,0,0.1,1.2,0.1,1.1,135.9
2,103,1,2,0.8,0.2,0.1,0,0.1,0.8,0.1,0.7,84
4,103,1,1,0.4,0.1,0,0,0,0.4,0,0.3,42
5,103,1,22,8.4,1.8,1,0,0.8,8.4,0.6,7.4,924.2
6,103,1,11,4.2,0.9,0.5,0,0.4,4.2,0.3,3.7,462.1
8,103,1,3,1.3,0.3,0.1,0.1,0.3,1.2,0.1,1.1,160.3
9,103,1,4,1.8,0.5,0.1,0.2,0.4,1.6,0.2,1.5,213.7
14,103,1,4,1.4,0.3,0.1,0,0,1.4,0.1,1.2,169.4
32,103,1,2,0.9,0.2,0,0,0.1,0.9,0.1,0.7,93.4
37,103,1,2,0.9,0.2,0,0,0.1,0.9,0.1,0.7,93.4
38,103,1,2,0.9,0.2,0,0,0.1,0.9,0.1,0.7,93.4
49,103,1,2,0.8,0.2,0,0,0,0.8,0,0.7,96.2
51,103,1,1,0.4,0.1,0,0,0,0.4,0,0.4,48.1
58,103,1,2,0.7,0.2,0.1,0,0.1,0.7,0.1,0.6,78.3
59,103,0,32,12,4,2,3,0,9,1,8,1137
60,103,1,26,9.6,2.5,1.1,0,0.7,9.6,0.7,7.2,1017.6
66,103,1,2,1,0.2,0,0,0.1,1,0.2,0.8,116.7
82,103,1,1,0.5,0.2,0,0,0.1,0.5,0.1,0.4,56.8
90,103,1,2,1.1,0.4,0,0,0.2,1.1,0.1,0.8,113.7
91,103,1,2,1.1,0.4,0,0,0.2,1.1,0.1,0.8,113.7
93,103,1,1,0.5,0.1,0,0,0.1,0.5,0.1,0.3,55.2
112,103,1,1,0.5,0.2,0,0,0.1,0.5,0,0.4,51.1
113,103,1,4,1.9,0.8,0,0,0.3,1.9,0.1,1.5,204.4
0,104,1,5,2,0.4,0.2,0,0.2,2,0.2,1.8,226.4
3,104,1,3,1.1,0.3,0.1,0,0.1,1.1,0.1,1,126
4,104,1,21,8,1.8,1,0,0.8,8,0.6,7,882.2
5,104,0,36,18,8,1,0,4,18,2,15,2274
6,104,1,13,5,1.1,0.6,0,0.5,5,0.4,4.4,546.1
7,104,1,2,0.9,0.2,0,0.1,0.2,0.8,0.1,0.7,106.8
8,104,1,7,3.1,0.8,0.2,0.3,0.7,2.8,0.3,2.6,373.9
29,104,1,7,2.8,0.9,0.4,0,0.2,2.8,0.4,1.7,301.4
30,104,1,5,2,0.7,0.3,0,0.1,2,0.3,1.2,215.3
31,104,1,5,2,0.7,0.3,0,0.1,2,0.3,1.2,215.3
32,104,1,1,0.4,0.1,0,0,0,0.4,0.1,0.4,46.7
33,104,1,2,0.9,0.2,0,0,0.1,0.9,0.1,0.7,93.4
35,104,1,5,2.2,0.5,0,0,0.2,2.2,0.3,1.8,233.5
42,104,1,1,0.4,0.1,0,0,0,0.4,0,0.4,48.1
43,104,1,6,2.4,0.5,0.1,0,0.1,2.4,0,2.2,288.7
46,104,1,7,2.8,0.6,0.1,0,0.1,2.8,0,2.5,336.8
55,104,1,10,5.6,2.2,0,0,0.4,5.6,1.1,5.2,658.1
56,104,1,5,2.8,1.1,0,0,0.2,2.8,0.6,2.6,329.1
59,104,1,8,3,0.8,0.3,0,0.2,3,0.2,2.2,313.1
60,104,1,8,3,0.8,0.3,0,0.2,3,0.2,2.2,313.1
61,104,1,8,3,0.8,0.3,0,0.2,3,0.2,2.2,313.1
62,104,1,3,1.5,0.4,0,0,0.1,1.5,0.3,1.3,175
65,104,1,2,1,0.2,0,0,0.1,1,0.2,0.8,116.7
109,104,1,2,0.8,0.1,0.1,0,0.1,0.8,0.1,0.8,83.4
110,104,1,2,0.8,0.1,0.1,0,0.1,0.8,0.1,0.8,83.4
111,104,1,7,2.8,0.4,0.2,0,0.4,2.8,0.4,2.8,291.9
112,104,1,8,3.9,1.5,0,0,0.6,3.9,0.2,3,408.9
113,104,1,3,1.5,0.6,0,0,0.2,1.5,0.1,1.1,153.3
116,104,1,3,1.5,0.6,0,0,0.2,1.5,0.1,1.1,153.3
118,104,1,1,0.5,0.1,0,0,0,0.5,0,0.3,48.7
119,104,1,2,0.9,0.2,0,0,0.1,0.9,0.1,0.7,97.4
127,104,1,2,1.1,0.3,0,0,0.1,1.1,0.1,0.9,122.9
3,105,1,8.5,3.2,0.7,0.4,0,0.3,3.2,0.2,2.8,357.1
4,105,0,67,25,4,1,2,1,23,2,18,2697
5,105,0,17,12,7,0,1,0,11,1,8,1351
8,105,1,5,2.2,0.6,0.1,0.2,0.5,2,0.2,1.9,267.1
9,105,1,9,4,1,0.2,0.4,0.8,3.6,0.4,3.3,480.8
18,105,1,9,3.4,0.7,0.2,0.5,0.2,2.9,1,2.7,386.8
19,105,1,3,1.1,0.2,0.1,0.1,0.1,1,0.3,0.9,128.9
20,105,1,4,1.5,0.3,0.1,0.2,0.1,1.3,0.4,1.2,171.9
24,105,1,2,0.8,0.1,0,0,0,0.8,0,0.7,93.4
27,105,1,11,4.5,1.5,0.6,0,0.3,4.5,0.6,2.7,473.6
28,105,1,2,0.8,0.3,0.1,0,0.1,0.8,0.1,0.5,86.1
29,105,0,40,14,1,1,0,1,14,1,12,1557
30,105,0,43,17,5,1,0,2,17,2,15,1850
31,105,1,7,2.8,0.9,0.4,0,0.2,2.8,0.4,1.7,301.4
32,105,1,13,5.6,1.2,0,0,0.5,5.6,0.7,4.7,607.1
33,105,1,1,0.4,0.1,0,0,0,0.4,0.1,0.4,46.7
34,105,1,7,3,0.7,0,0,0.3,3,0.4,2.5,326.9
42,105,1,4,1.6,0.3,0.1,0,0.1,1.6,0,1.4,192.5
49,105,1,11,4.4,0.9,0.2,0,0.2,4.4,0,4,529.3
50,105,1,6,2.4,0.5,0.1,0,0.1,2.4,0,2.2,288.7
51,105,1,2,0.8,0.2,0,0,0,0.8,0,0.7,96.2
53,105,1,2,1.1,0.4,0,0,0.1,1.1,0.2,1,131.6
54,105,1,4,2.2,0.9,0,0,0.1,2.2,0.4,2.1,263.3
55,105,1,6,3.3,1.3,0,0,0.2,3.3,0.7,3.1,394.9
57,105,1,3,1.1,0.3,0.1,0,0.1,1.1,0.1,0.8,117.4
58,105,1,1,0.4,0.1,0,0,0,0.4,0,0.3,39.1
61,105,1,21,7.8,2,0.9,0,0.5,7.8,0.5,5.8,821.9
62,105,1,11,5.7,1.3,0,0,0.3,5.7,1,4.7,641.7
86,105,1,3,1.6,0.6,0,0,0.2,1.6,0.2,1.1,170.5
100,105,1,2,1,0.2,0,0,0.2,1,0.1,0.6,110.4
110,105,1,4,1.6,0.2,0.1,0,0.2,1.6,0.2,1.6,166.8
114,105,1,8,3.9,1.5,0,0,0.6,3.9,0.2,3,408.9
115,105,1,2,1,0.4,0,0,0.2,1,0.1,0.8,102.2
117,105,1,2,0.9,0.2,0,0,0.1,0.9,0.1,0.7,97.4
127,105,1,2,1.1,0.3,0,0,0.1,1.1,0.1,0.9,122.9
2,106,1,7,3.1,0.8,0.1,0.4,0.2,2.7,0.3,2.3,334.1
3,106,0,29,11,1,1,0,3,11,3,5,1321
4,106,1,25,11,2.7,0.3,1.5,0.6,9.5,1.2,8.2,1193.3
5,106,1,3,1.3,0.3,0,0.2,0.1,1.1,0.1,1,143.2
6,106,1,5,2.2,0.5,0.1,0.3,0.1,1.9,0.2,1.6,238.7
9,106,1,5,1.9,0.4,0.1,0,0.1,1.9,0.4,1.3,187.6
10,106,1,4,1.5,0.3,0.1,0,0.1,1.5,0.3,1.1,150.1
18,106,1,9,2.8,0.2,0.2,0,0.6,2.8,0.4,2.8,385.1
28,106,1,4,1.5,0.2,0.1,0,0.1,1.5,0.1,1.2,141.4
29,106,1,21,7.6,1.1,0.4,0,0.4,7.6,0.8,6.5,742.4
30,106,1,19,6.9,1,0.3,0,0.3,6.9,0.7,5.9,671.7
31,106,1,2,0.7,0.1,0,0,0,0.7,0.1,0.6,70.7
34,106,1,1,0.5,0.1,0,0,0,0.5,0.1,0.5,52.6
40,106,1,8,2.6,0.4,0.6,0,0,2.6,1.1,2.4,291.7
41,106,1,8,2.6,0.4,0.6,0,0,2.6,1.1,2.4,291.7
49,106,1,2,0.9,0.2,0,0,0.2,0.9,0.2,0.8,106.9
50,106,1,4,1.8,0.3,0,0,0.3,1.8,0.4,1.6,213.9
56,106,1,12,5.7,1.3,0.3,0,1.3,5.7,1,5,590
60,106,1,8,3.8,1.5,0,0.4,0,3.4,0.8,2.7,336
61,106,1,6,2.8,1.1,0,0.3,0,2.5,0.6,2.1,252
62,106,1,8,3.4,0.5,0,0.3,0.3,3.1,0.5,3.1,411.6
85,106,1,2,0.8,0.1,0,0,0.1,0.8,0.1,0.7,89
89,106,1,4,1.5,0.2,0.1,0,0.1,1.5,0.1,1.3,178
90,106,1,1.5,0.6,0.1,0,0,0,0.6,0,0.5,66.7
91,106,1,9,3.4,0.5,0.1,0,0.3,3.4,0.3,3,400.5
97,106,1,2,1.2,0.5,0,0,0.2,1.2,0.4,1.1,156.7
102,106,1,2,1.2,0.5,0,0,0.2,1.2,0.4,1.1,156.7
105,106,1,2,1.2,0.5,0,0,0.2,1.2,0.4,1.1,156.7
115,106,1,9,3.7,0.3,0,0,0.3,3.7,0.7,3.3,481.7
116,106,1,4,1.6,0.1,0,0,0.1,1.6,0.3,1.5,214.1
117,106,1,2,1,0.3,0,0.1,0,0.9,0.1,0.9,108.3
0,107,1,2,0.9,0.2,0,0,0.1,0.9,0.1,0.7,92.7
1,107,1,6,2.7,0.7,0,0,0.3,2.7,0.3,2.2,278
2,107,1,9,4,1,0.1,0.6,0.2,3.4,0.4,3,429.6
3,107,0,70.5,44,27,1,20,5,24,6,12,4216
4,107,0,91,55,32,1,27,9,28,9,16,3983
5,107,0,32.5,14,5,2,4,3,10,3,4,2017
10,107,1,9,3.5,0.7,0.2,0,0.2,3.5,0.7,2.4,337.7
27,107,1,2,0.7,0.1,0,0,0,0.7,0.1,0.6,70.7
34,107,1,9,4.3,0.9,0,0,0.3,4.3,1.2,4.3,473.3
37,107,1,5,1.6,0.3,0.4,0,0,1.6,0.7,1.5,182.3
38,107,1,5,1.6,0.3,0.4,0,0,1.6,0.7,1.5,182.3
41,107,1,9,2.9,0.5,0.7,0,0,2.9,1.2,2.7,328.1
42,107,1,1,0.4,0.1,0,0,0.1,0.4,0.1,0.4,53.5
55,107,1,3,1.4,0.3,0.1,0,0.3,1.4,0.2,1.2,147.5
58,107,1,3,1.4,0.6,0,0.1,0,1.3,0.3,1,126
60,107,1,4,1.9,0.7,0,0.2,0,1.7,0.4,1.4,168
85,107,1,2,0.8,0.1,0,0,0.1,0.8,0.1,0.7,89
89,107,1,4,1.5,0.2,0.1,0,0.1,1.5,0.1,1.3,178
111,107,1,2,1.2,0.5,0,0,0.2,1.2,0.4,1.1,156.7
1,108,1,4,1.8,0.5,0,0,0.2,1.8,0.2,1.5,185.3
2,108,0,69.5,36,16,1,10,7,26,5,19,3239
3,108,0,83.5,48,23,0,21,9,27,7,20,4891
4,108,0,56,32,16,0,17,5,15,3,12,2751
5,108,0,28,13,4,1,0,0,13,1,11,1399
10,108,1,8,3.1,0.6,0.2,0,0.2,3.1,0.6,2.2,300.2
11,108,1,11,4.2,0.8,0.2,0,0.2,4.2,0.8,3,412.7
19,108,1,3,0.9,0.1,0.1,0,0.2,0.9,0.1,0.9,128.4
22,108,1,3,1.5,0.4,0,0,0,1.5,0.1,1.2,173.8
27,108,1,3,1.1,0.2,0.1,0,0.1,1.1,0.1,0.9,106.1
34,108,1,2,1,0.2,0,0,0.1,1,0.3,1,105.2
55,108,1,3,1.4,0.3,0.1,0,0.3,1.4,0.2,1.2,147.5
58,108,1,2,0.9,0.4,0,0.1,0,0.8,0.2,0.7,84
60,108,1,4,1.9,0.7,0,0.2,0,1.7,0.4,1.4,168
61,108,1,4,1.9,0.7,0,0.2,0,1.7,0.4,1.4,168
62,108,1,4,1.7,0.3,0,0.1,0.1,1.6,0.3,1.5,205.8
82,108,1,2,0.8,0.1,0,0,0.1,0.8,0.1,0.7,89
83,108,1,5,1.9,0.3,0.1,0,0.2,1.9,0.2,1.7,222.5
85,108,1,2,0.8,0.1,0,0,0.1,0.8,0.1,0.7,89
87,108,1,6,2.3,0.4,0.1,0,0.2,2.3,0.2,2,267
103,108,1,2,1.2,0.5,0,0,0.2,1.2,0.4,1.1,156.7
116,108,1,2,0.8,0.1,0,0,0.1,0.8,0.1,0.7,107
119,108,1,2,1,0.3,0,0.1,0,0.9,0.1,0.9,108.3
1,109,1,6,2.7,0.7,0,0,0.3,2.7,0.3,2.2,278
2,109,0,56,28,9,1,0,6,28,3,18,2569
3,109,0,51,23,4,1,0,3,23,2,19,2054
4,109,1,14,6.1,1.5,0.2,0.8,0.3,5.3,0.7,4.6,668.2
5,109,0,36,14,0,1,0,2,14,2,12,1592
6,109,1,2,0.9,0.2,0,0.1,0,0.8,0.1,0.7,95.5
11,109,1,4,1.5,0.3,0.1,0,0.1,1.5,0.3,1.1,150.1
14,109,1,4,1.2,0.1,0.1,0,0.3,1.2,0.2,1.2,171.1
24,109,1,10,5,1.4,0,0,0,5,0.4,3.9,579.3
25,109,1,2,1,0.3,0,0,0,1,0.1,0.8,115.9
28,109,1,4,1.5,0.2,0.1,0,0.1,1.5,0.1,1.2,141.4
33,109,1,2,1,0.2,0,0,0.1,1,0.3,1,105.2
37,109,1,2,0.6,0.1,0.2,0,0,0.6,0.3,0.6,72.9
54,109,1,2,0.9,0.2,0.1,0,0.2,0.9,0.2,0.8,98.3
55,109,1,2,0.9,0.2,0.1,0,0.2,0.9,0.2,0.8,98.3
56,109,1,2,0.9,0.2,0.1,0,0.2,0.9,0.2,0.8,98.3
58,109,1,1,0.5,0.2,0,0.1,0,0.4,0.1,0.3,42
61,109,1,6,2.8,1.1,0,0.3,0,2.5,0.6,2.1,252
79,109,1,7,2.7,1.1,0.4,0,0.2,2.7,0.4,2.1,286.4
80,109,1,1,0.4,0.2,0.1,0,0,0.4,0.1,0.3,40.9
94,109,1,1,0.6,0.3,0,0,0.1,0.6,0.2,0.5,78.4
115,109,1,2,0.8,0.1,0,0,0.1,0.8,0.1,0.7,107
116,109,1,3,1.2,0.1,0,0,0.1,1.2,0.2,1.1,160.6
118,109,1,3,1.4,0.4,0,0.1,0,1.3,0.1,1.3,162.5
127,109,1,2,0.9,0.3,0,0,0.1,0.9,0.1,0.5,103.8
1,110,1,23,10.5,2.8,0,0,1.2,10.5,1.2,8.5,1065.7
2,110,1,17,7.5,1.9,0.2,1.1,0.4,6.4,0.8,5.6,811.4
3,110,0,57,24,8,3,0,0,24,1,21,2333
4,110,0,161.5,80,29,2,31,25,49,9,19,5566
5,110,0,37,18,6,1,0,3,18,1,13,1951
6,110,0,51,19,7,3,4,0,15,3,13,1866
7,110,1,7,2.7,0.5,0.1,0,0.1,2.7,0.5,1.9,262.6
11,110,1,4,1.5,0.3,0.1,0,0.1,1.5,0.3,1.1,150.1
14,110,1,4,1.2,0.1,0.1,0,0.3,1.2,0.2,1.2,171.1
15,110,1,2,0.6,0,0,0,0.1,0.6,0.1,0.6,85.6
20,110,1,3,0.9,0.1,0.1,0,0.2,0.9,0.1,0.9,128.4
22,110,1,2,1,0.3,0,0,0,1,0.1,0.8,115.9
24,110,1,2,1,0.3,0,0,0,1,0.1,0.8,115.9
33,110,1,2,1,0.2,0,0,0.1,1,0.3,1,105.2
55,110,1,5,2.4,0.6,0.1,0,0.6,2.4,0.4,2.1,245.8
79,110,1,2,0.8,0.3,0.1,0,0.1,0.8,0.1,0.6,81.8
82,110,1,2,0.8,0.1,0,0,0.1,0.8,0.1,0.7,89
94,110,1,1,0.6,0.3,0,0,0.1,0.6,0.2,0.5,78.4
113,110,1,3,1.2,0.1,0,0,0.1,1.2,0.2,1.1,160.6
116,110,1,4,1.6,0.1,0,0,0.1,1.6,0.3,1.5,214.1
117,110,1,1,0.5,0.1,0,0.1,0,0.4,0,0.4,54.2
126,110,1,1,0.4,0.1,0,0,0.1,0.4,0.1,0.3,50.7
127,110,1,1,0.5,0.2,0,0,0.1,0.5,0.1,0.3,51.9
0,111,1,7,3.1,0.6,0.2,0.2,0.4,2.9,0.6,2.5,403.3
1,111,1,11,4.9,0.9,0.3,0.3,0.6,4.6,0.9,4,633.7
2,111,1,9,3.2,0.6,0.3,0,0.2,3.2,0.2,2.5,325.1
3,111,0,62,26,4,1,0,6,26,1,12,2451
4,111,0,113,48,8,2,6,8,42,3,21,4060
5,111,0,78.5,37,13,1,0,3,37,1,33,3356
6,111,0,57,26,7,1,0,4,26,2,20,2515
7,111,1,13,5.1,1.7,0.3,0,0,5.1,0.3,4.8,638.4
8,111,1,7,2.8,0.9,0.2,0,0,2.8,0.2,2.6,343.7
18,111,1,4,1.4,0.1,0.1,0,0.2,1.4,0,1.2,179.9
20,111,1,5,1.8,0.1,0.1,0,0.3,1.8,0,1.5,224.9
21,111,1,3,1.1,0.1,0.1,0,0.2,1.1,0,0.9,134.9
29,111,1,2,1,0.3,0,0,0,1,0.1,0.8,115.9
30,111,1,3,1.5,0.4,0,0,0,1.5,0.1,1.2,173.8
51,111,1,2,0.9,0.2,0,0,0.2,0.9,0.2,0.8,106.9
52,111,1,10,4,1.2,0,0,0.2,4,0.5,3.7,494
55,111,1,4,1.6,0.5,0,0,0.1,1.6,0.2,1.5,197.6
56,111,1,13,5.1,1.5,0,0,0.3,5.1,0.6,4.8,642.1
61,111,1,1,0.5,0.1,0,0,0.1,0.5,0.1,0.4,49.2
84,111,1,2,0.8,0.1,0,0,0.1,0.8,0.1,0.7,89
91,111,1,2,0.8,0.1,0,0,0.1,0.8,0.1,0.7,89
92,111,1,2,1.2,0.5,0,0,0.2,1.2,0.4,1.1,156.7
95,111,1,2,1.2,0.5,0,0,0.2,1.2,0.4,1.1,156.7
113,111,1,4,1.9,0.5,0,0.2,0,1.7,0.2,1.7,216.7
116,111,1,2,1,0.3,0,0.1,0,0.9,0.1,0.9,108.3
1,112,1,2,0.9,0.2,0.1,0.1,0.1,0.8,0.2,0.7,115.2
2,112,1,20,7,1.4,0.7,0,0.5,7,0.5,5.6,722.5
3,112,0,96,38,7,1,0,4,38,10,17,3490
4,112,0,64,24,2,1,0,3,24,0,22,2551
5,112,0,42,17,5,1,0,1,17,1,15,2032
6,112,0,33.5,12,2,2,0,1,12,1,12,1157
8,112,1,6,2.4,0.8,0.2,0,0,2.4,0.2,2.2,294.6
9,112,1,1,0.4,0.1,0,0,0,0.4,0,0.4,49.1
10,112,1,4,1.6,0.5,0.1,0,0,1.6,0.1,1.5,196.4
18,112,1,4,1.4,0.1,0.1,0,0.2,1.4,0,1.2,179.9
20,112,1,7,2.5,0.2,0.2,0,0.4,2.5,0,2.1,314.8
43,112,1,6,2.7,0.5,0,0,0.5,2.7,0.6,2.4,320.8
44,112,1,8,3.6,0.6,0,0,0.6,3.6,0.8,3.2,427.8
45,112,1,3,1.3,0.2,0,0,0.2,1.3,0.3,1.2,160.4
46,112,1,2,0.9,0.2,0,0,0.2,0.9,0.2,0.8,106.9
52,112,1,15,5.9,1.7,0,0,0.3,5.9,0.7,5.6,740.9
82,112,1,4,1.5,0.2,0.1,0,0.1,1.5,0.1,1.3,178
84,112,1,2,0.8,0.1,0,0,0.1,0.8,0.1,0.7,89
90,112,1,4,1.5,0.2,0.1,0,0.1,1.5,0.1,1.3,178
91,112,1,3,1.1,0.2,0,0,0.1,1.1,0.1,1,133.5
96,112,1,1,0.6,0.3,0,0,0.1,0.6,0.2,0.5,78.4
1,113,1,4,1.8,0.3,0.1,0.1,0.2,1.7,0.3,1.4,230.4
2,113,0,32,15,3,0,0,0,15,1,15,1666
3,113,0,113.5,36,1,6,0,2,36,3,21,3636
4,113,0,63,23,1,2,0,2,23,0,22,2360
5,113,0,38.5,13,1,1,0,0,13,0,13,1309
13,113,1,3,0.9,0.1,0.1,0,0.2,0.9,0.1,0.9,128.4
16,113,1,8,2.5,0.2,0.2,0,0.6,2.5,0.4,2.5,342.3
18,113,1,2,0.7,0.1,0.1,0,0.1,0.7,0,0.6,89.9
34,113,1,2,1,0.2,0,0,0.1,1,0.3,1,105.2
39,113,1,2,1,0.2,0,0,0.1,1,0.3,1,105.2
46,113,1,2,0.9,0.2,0,0,0.2,0.9,0.2,0.8,106.9
50,113,1,2,0.9,0.2,0,0,0.2,0.9,0.2,0.8,106.9
52,113,1,1,0.4,0.1,0,0,0,0.4,0,0.4,49.4
81,113,1,6,2.3,0.9,0.3,0,0.2,2.3,0.3,1.8,245.5
82,113,1,2,0.8,0.1,0,0,0.1,0.8,0.1,0.7,89
90,113,1,1,0.4,0.1,0,0,0,0.4,0,0.3,44.5
106,113,1,2,1.2,0.5,0,0,0.2,1.2,0.4,1.1,156.7
0,114,1,2,0.9,0.2,0.1,0.1,0.1,0.8,0.2,0.7,115.2
2,114,1,23,8.1,1.6,0.8,0,0.5,8.1,0.5,6.5,830.9
3,114,0,35,14,3,1,0,2,14,0,8,1469
4,114,1,26.5,9.3,1.8,0.9,0,0.6,9.3,0.6,7.5,957.3
5,114,1,3,1.1,0.2,0.1,0,0.1,1.1,0.1,0.8,108.4
6,114,1,2,0.7,0.1,0.1,0,0,0.7,0,0.6,72.2
7,114,1,4,1.6,0.5,0.1,0,0,1.6,0.1,1.5,196.4
11,114,1,1,0.4,0.1,0,0,0,0.4,0,0.4,49.1
14,114,1,6,1.9,0.1,0.1,0,0.4,1.9,0.3,1.9,256.7
17,114,1,4,1.4,0.1,0.1,0,0.2,1.4,0,1.2,179.9
28,114,1,1,0.5,0.1,0,0,0,0.5,0,0.4,57.9
34,114,1,3,1.4,0.3,0,0,0.1,1.4,0.4,1.4,157.8
38,114,1,2,1,0.2,0,0,0.1,1,0.3,1,105.2
60,114,1,2,0.9,0.2,0.1,0,0.2,0.9,0.2,0.8,98.3
62,114,1,3,1.3,0.2,0,0.1,0.1,1.2,0.2,1.2,154.4
72,114,1,6,2.3,0.9,0.3,0,0.2,2.3,0.3,1.8,245.5
80,114,1,2,0.8,0.3,0.1,0,0.1,0.8,0.1,0.6,81.8
81,114,1,3,1.1,0.5,0.2,0,0.1,1.1,0.2,0.9,122.7
84,114,1,2,0.8,0.1,0,0,0.1,0.8,0.1,0.7,89
88,114,1,1,0.4,0.1,0,0,0,0.4,0,0.3,44.5
91,114,1,1,0.4,0.1,0,0,0,0.4,0,0.3,44.5
99,114,1,1,0.6,0.3,0,0,0.1,0.6,0.2,0.5,78.4
102,114,1,4,2.4,1,0,0,0.4,2.4,0.9,2.2,313.5
107,114,1,1,0.6,0.3,0,0,0.1,0.6,0.2,0.5,78.4
114,114,1,2,1,0.3,0,0.1,0,0.9,0.1,0.9,108.3
126,114,1,2,0.9,0.2,0,0,0.1,0.9,0.2,0.7,101.4
127,114,1,1,0.4,0.1,0,0,0.1,0.4,0.1,0.3,50.7
6,115,1,5,1.8,0.3,0.2,0,0.1,1.8,0.1,1.4,180.6
9,115,1,2,0.8,0.3,0.1,0,0,0.8,0.1,0.7,98.2
17,115,1,1,0.4,0,0,0,0.1,0.4,0,0.3,45
20,115,1,4,1.4,0.1,0.1,0,0.2,1.4,0,1.2,179.9
25,115,1,3,1.5,0.4,0,0,0,1.5,0.1,1.2,173.8
35,115,1,3,1.4,0.3,0,0,0.1,1.4,0.4,1.4,157.8
41,115,1,1,0.5,0.1,0,0,0,0.5,0.1,0.5,52.6
50,115,1,6,2.7,0.5,0,0,0.5,2.7,0.6,2.4,320.8
60,115,1,4,1.9,0.4,0.1,0,0.4,1.9,0.3,1.7,196.7
71,115,1,3,1.3,0.2,0,0.1,0.1,1.2,0.2,1.2,154.4
79,115,1,12.5,4.7,1.9,0.6,0,0.3,4.7,0.6,3.8,511.4
84,115,1,3,1.1,0.2,0,0,0.1,1.1,0.1,1,133.5
98,115,1,2,1.2,0.5,0,0,0.2,1.2,0.4,1.1,156.7
108,115,1,2.5,1.5,0.6,0,0,0.2,1.5,0.6,1.3,195.9
110,115,1,2,1.2,0.5,0,0,0.2,1.2,0.4,1.1,156.7
114,115,1,3,1.4,0.4,0,0.1,0,1.3,0.1,1.3,162.5
118,115,1,4,1.9,0.5,0,0.2,0,1.7,0.2,1.7,216.7
125,115,1,9.5,4.2,0.9,0.2,0,0.6,4.2,1.1,3.1,481.8
4,116,1,4,1.5,0.3,0.2,0,0.1,1.5,0,1.3,177.3
6,116,1,24,8.8,1.8,1,0,0.5,8.8,0.2,8,1064
8,116,1,1,0.4,0.1,0,0,0,0.4,0,0.4,48.7
13,116,1,3,1.6,0.8,0.1,0,0.3,1.6,0.1,1.2,209.5
15,116,1,2,1,0.5,0.1,0,0.2,1,0.1,0.8,139.7
22,116,1,1,0.5,0.2,0,0,0,0.5,0.1,0.4,54.5
29,116,1,5,2.3,1,0.2,0,0.2,2.3,0.4,2.1,272.3
41,116,1,10,4.9,2,0,0,0.3,4.9,0.3,4.6,533.1
42,116,1,1,0.4,0.1,0.1,0,0.1,0.4,0,0.3,48.8
68,116,1,4,1.3,0.2,0.1,0,0.1,1.3,0.2,1.1,153.6
69,116,1,3,1,0.1,0,0,0,1,0.1,0.8,115.2
80,116,1,2,1.3,0.8,0,0,0,1.3,0.2,0.8,156.4
81,116,1,5,3.2,2.1,0,0,0,3.2,0.6,2.1,390.9
83,116,1,2,0.8,0.3,0.1,0,0,0.8,0.1,0.7,100.6
92,116,1,5,1.5,0.1,0.3,0,0.2,1.5,0.2,1.3,189.6
96,116,1,2,0.6,0,0.1,0,0.1,0.6,0.1,0.5,75.8
100,116,1,3,0.9,0.1,0.2,0,0.1,0.9,0.1,0.8,113.7
108,116,1,4,1.5,0.5,0.1,0,0.4,1.5,0.4,0.9,195.8
109,116,1,4,1.5,0.5,0.1,0,0.4,1.5,0.4,0.9,195.8
117,116,1,1,0.5,0.2,0,0.1,0.1,0.4,0.1,0.3,49
123,116,1,2,1,0.3,0,0,0,1,0.2,0.9,124
124,116,1,8,3.8,1.2,0,0,0.2,3.8,0.7,3.5,496
125,116,1,4,1.9,0.6,0,0,0.1,1.9,0.3,1.7,248
5,117,1,3,1.1,0.2,0.1,0,0.1,1.1,0,1,133
6,117,1,18,6.6,1.3,0.8,0,0.4,6.6,0.2,6,798
7,117,1,13,4.9,0.8,0.2,0,0,4.9,0,4.9,633.5
10,117,1,4,1.5,0.2,0.1,0,0,1.5,0,1.5,194.9
30,117,1,6,2.8,1.2,0.2,0,0.2,2.8,0.5,2.5,326.8
62,117,1,4,1.3,0.2,0.1,0,0.1,1.3,0.2,1.1,153.6
67,117,1,4,1.3,0.2,0.1,0,0.1,1.3,0.2,1.1,153.6
69,117,1,4,1.3,0.2,0.1,0,0.1,1.3,0.2,1.1,153.6
79,117,1,2,1.3,0.8,0,0,0,1.3,0.2,0.8,156.4
97,117,1,5,1.5,0.1,0.3,0,0.2,1.5,0.2,1.3,189.6
108,117,1,3,1.1,0.4,0.1,0,0.3,1.1,0.3,0.7,146.8
109,117,1,1,0.4,0.1,0,0,0.1,0.4,0.1,0.2,48.9
112,117,1,7,3.7,1.7,0.3,0,0.3,3.7,0.7,1.3,369
113,117,1,3,1.6,0.7,0.1,0,0.1,1.6,0.3,0.6,158.1
122,117,1,4,1.9,0.6,0,0,0.1,1.9,0.3,1.7,248
125,117,1,1,0.5,0.2,0,0,0,0.5,0.1,0.4,62
0,118,1,2,0.7,0.1,0.1,0,0.1,0.7,0.1,0.7,102.1
1,118,1,4,1.5,0.1,0.1,0,0.1,1.5,0.1,1.3,204.1
6,118,1,26,9.5,1.9,1.1,0,0.5,9.5,0.3,8.7,1152.7
8,118,1,4,1.5,0.2,0.1,0,0,1.5,0,1.5,194.9
15,118,1,2,1,0.5,0.1,0,0.2,1,0.1,0.8,139.7
32,118,1,4,1.5,0.2,0.1,0.2,0.2,1.3,0.1,1.2,185
41,118,1,11,5.3,2.2,0,0,0.3,5.3,0.3,5,586.5
43,118,1,1,0.4,0.1,0.1,0,0.1,0.4,0,0.3,48.8
66,118,1,4,1.3,0.2,0.1,0,0.1,1.3,0.2,1.1,153.6
68,118,1,1,0.3,0,0,0,0,0.3,0,0.3,38.4
88,118,1,2,0.8,0.3,0.1,0,0,0.8,0.1,0.7,100.6
100,118,1,4,1.2,0.1,0.3,0,0.2,1.2,0.2,1,151.7
111,118,1,5,1.9,0.6,0.1,0,0.4,1.9,0.4,1.2,244.7
112,118,1,5,2.6,1.2,0.2,0,0.2,2.6,0.5,1,263.6
120,118,1,5,2.5,1.1,0.2,0.7,0.3,1.8,0.3,1.4,245.1
121,118,1,4,2,0.8,0.2,0.5,0.2,1.5,0.2,1.2,196.1
123,118,1,3,1.4,0.5,0,0,0.1,1.4,0.3,1.3,186
124,118,1,7,3.3,1.1,0,0,0.2,3.3,0.6,3,434
125,118,1,3,1.4,0.5,0,0,0.1,1.4,0.3,1.3,186
126,118,1,2,1,0.3,0,0,0,1,0.2,0.9,124
0,119,1,2,0.7,0.1,0.1,0,0.1,0.7,0.1,0.7,102.1
3,119,1,1,0.4,0.1,0,0,0,0.4,0,0.3,44.3
4,119,1,1,0.4,0.1,0,0,0,0.4,0,0.3,44.3
5,119,1,2,0.7,0.1,0.1,0,0,0.7,0,0.7,88.7
6,119,1,16,5.8,1.2,0.7,0,0.3,5.8,0.2,5.3,709.3
7,119,1,23,8.7,1.4,0.3,0,0,8.7,0,8.7,1120.7
8,119,1,2,0.8,0.1,0,0,0,0.8,0,0.8,97.5
9,119,1,5,1.9,0.3,0.1,0,0,1.9,0,1.9,243.6
14,119,1,1,0.5,0.3,0,0,0.1,0.5,0,0.4,69.8
16,119,1,2,1,0.5,0.1,0,0.2,1,0.1,0.8,139.7
30,119,1,4,1.8,0.8,0.2,0,0.2,1.8,0.3,1.7,217.8
38,119,1,5,2.4,1,0,0,0.1,2.4,0.1,2.3,266.6
43,119,1,1,0.4,0.1,0.1,0,0.1,0.4,0,0.3,48.8
64,119,1,3,1,0.1,0,0,0,1,0.1,0.8,115.2
65,119,1,5,1.7,0.2,0.1,0,0.1,1.7,0.2,1.4,192
71,119,1,7,2.3,0.3,0.1,0,0.1,2.3,0.3,1.9,268.8
88,119,1,2,0.8,0.3,0.1,0,0,0.8,0.1,0.7,100.6
100,119,1,3,0.9,0.1,0.2,0,0.1,0.9,0.1,0.8,113.7
111,119,1,8,3.1,0.9,0.2,0,0.7,3.1,0.7,1.9,391.5
116,119,1,2,1,0.5,0.1,0,0.1,1,0.2,0.4,105.4
118,119,1,4,2,0.8,0.2,0.5,0.2,1.5,0.2,1.2,196.1
120,119,1,7,3.5,1.5,0.3,0.9,0.4,2.6,0.4,2,343.1
121,119,1,1,0.5,0.2,0,0.1,0.1,0.4,0.1,0.3,49
123,119,1,3,1.4,0.5,0,0,0.1,1.4,0.3,1.3,186
124,119,1,2,1,0.3,0,0,0,1,0.2,0.9,124
126,119,1,2,1,0.3,0,0,0,1,0.2,0.9,124
4,120,1,1,0.4,0.1,0,0,0,0.4,0,0.3,44.3
7,120,1,7,2.7,0.4,0.1,0,0,2.7,0,2.7,341.1
10,120,1,7,2.7,0.4,0.1,0,0,2.7,0,2.7,341.1
14,120,1,6,3.1,1.6,0.3,0,0.5,3.1,0.3,2.3,419
15,120,1,6,3.1,1.6,0.3,0,0.5,3.1,0.3,2.3,419
16,120,1,1,0.5,0.3,0,0,0.1,0.5,0,0.4,69.8
36,120,1,7,2.6,0.3,0.2,0.3,0.3,2.3,0.2,2,323.7
37,120,1,3,1.5,0.6,0,0,0.1,1.5,0.1,1.4,159.9
38,120,1,6,2.9,1.2,0,0,0.2,2.9,0.2,2.7,319.9
42,120,1,8.5,3.5,0.9,0.5,0,0.5,3.5,0.3,2.8,414.6
46,120,1,2,0.8,0.2,0.1,0,0.1,0.8,0.1,0.7,97.6
47,120,1,1,0.4,0.1,0.1,0,0.1,0.4,0,0.3,48.8
63,120,1,4,1.3,0.2,0.1,0,0.1,1.3,0.2,1.1,153.6
71,120,1,2,0.7,0.1,0,0,0,0.7,0.1,0.6,76.8
87,120,1,5,2.1,0.7,0.3,0,0,2.1,0.2,1.7,251.6
93,120,1,6,1.8,0.1,0.4,0,0.3,1.8,0.3,1.5,227.5
95,120,1,4,1.2,0.1,0.3,0,0.2,1.2,0.2,1,151.7
99,120,1,2,0.6,0,0.1,0,0.1,0.6,0.1,0.5,75.8
111,120,1,9,3.4,1.1,0.3,0,0.8,3.4,0.8,2.1,440.5
112,120,1,2,1,0.5,0.1,0,0.1,1,0.2,0.4,105.4
116,120,1,2,1,0.5,0.1,0,0.1,1,0.2,0.4,105.4
117,120,1,5,2.5,1.1,0.2,0.7,0.3,1.8,0.3,1.4,245.1
119,120,1,10,5,2.1,0.4,1.3,0.6,3.7,0.6,2.9,490.2
120,120,1,15,7.5,3.2,0.6,2,0.9,5.5,0.9,4.3,735.3
123,120,1,5,2.4,0.8,0,0,0.1,2.4,0.4,2.2,310
2,121,1,5,1.4,0.2,0.4,0,0,1.4,0.3,1.3,188
5,121,1,3,0.9,0.1,0.2,0,0,0.9,0.2,0.8,112.8
7,121,1,1,0.3,0,0.1,0,0,0.3,0.1,0.3,37.6
8,121,1,4,1.1,0.1,0.3,0,0,1.1,0.2,1.1,150.4
13,121,1,2,1,0.2,0,0,0.1,1,0,1,100
15,121,1,13,6.2,1,0,0,0.5,6.2,0,6.2,650
16,121,1,2,1,0.2,0,0,0.1,1,0,1,100
33,121,1,11,4.2,0.5,0.2,0.5,0.5,3.7,0.2,3.2,508.7
37,121,1,4,1.7,0.3,0,0,0.4,1.7,0.2,1.3,215.1
39,121,1,2,0.8,0.2,0,0,0.2,0.8,0.1,0.7,107.5
40,121,1,6,2.5,0.5,0.1,0,0.6,2.5,0.4,2,322.6
41,121,1,9,3.8,0.7,0.1,0,0.8,3.8,0.6,3,483.9
44,121,1,2,0.8,0.2,0.1,0,0.1,0.8,0.1,0.7,97.6
61,121,1,4,1.3,0.2,0.1,0,0.1,1.3,0.2,1.1,153.6
68,121,1,5,1.6,0.1,0.1,0,0.2,1.6,0.1,1.2,184
73,121,1,4,2.6,1.6,0,0,0,2.6,0.5,1.6,312.7
74,121,1,1,0.6,0.4,0,0,0,0.6,0.1,0.4,78.2
80,121,1,8,4.9,2.2,0,0,0,4.9,0.4,2.7,452
82,121,1,3,1.2,0.4,0.2,0,0,1.2,0.1,1,150.9
94,121,1,9,3.7,0.3,0.3,0,0.3,3.7,0.3,3,464.3
95,121,1,2,0.8,0.1,0.1,0,0.1,0.8,0.1,0.7,103.2
96,121,1,2,0.8,0.1,0.1,0,0.1,0.8,0.1,0.7,103.2
99,121,1,1,0.3,0,0.1,0,0,0.3,0,0.3,37.9
102,121,1,2,0.9,0.3,0.1,0,0.2,0.9,0.2,0.7,102.8
115,121,1,10,5.1,2.2,0.2,0,0.7,5.1,0.7,1.6,388
116,121,1,21,10.7,4.7,0.5,0,1.4,10.7,1.4,3.3,814.8
117,121,1,1.5,0.7,0.2,0.1,0,0,0.7,0.1,0.5,75.8
118,121,1,13,5.6,1.6,0.5,0,0.4,5.6,1.3,4.7,656.9
119,121,1,7,3,0.9,0.3,0,0.2,3,0.7,2.5,353.7
120,121,1,1,0.4,0.1,0,0,0,0.4,0.1,0.4,50.5
2,122,1,2,0.6,0.1,0.1,0,0,0.6,0.1,0.5,75.2
3,122,1,4,1.1,0.1,0.3,0,0,1.1,0.2,1.1,150.4
7,122,1,6,1.7,0.2,0.4,0,0,1.7,0.3,1.6,225.6
8,122,1,4,1.1,0.1,0.3,0,0,1.1,0.2,1.1,150.4
9,122,1,7,2,0.2,0.5,0,0,2,0.4,1.9,263.2
10,122,1,3,0.9,0.1,0.2,0,0,0.9,0.2,0.8,112.8
33,122,1,2,0.8,0.1,0,0.1,0.1,0.7,0,0.6,92.5
34,122,1,3,1.1,0.1,0.1,0.1,0.1,1,0.1,0.9,138.7
37,122,1,5,2.1,0.4,0.1,0,0.5,2.1,0.3,1.7,268.8
40,122,1,11,4.6,0.9,0.1,0,1,4.6,0.7,3.7,591.4
41,122,1,11,4.6,0.9,0.1,0,1,4.6,0.7,3.7,591.4
42,122,1,8.5,3.5,0.9,0.5,0,0.5,3.5,0.3,2.8,414.6
44,122,1,13,5.3,1.4,0.7,0,0.7,5.3,0.5,4.3,634.1
45,122,1,2,0.8,0.2,0.1,0,0.1,0.8,0.1,0.7,97.6
59,122,1,3,1,0.1,0,0,0,1,0.1,0.8,115.2
67,122,1,3,1,0.1,0,0,0.1,1,0,0.7,110.4
82,122,1,5,2.1,0.7,0.3,0,0,2.1,0.2,1.7,251.6
86,122,1,5,2.1,0.7,0.3,0,0,2.1,0.2,1.7,251.6
87,122,1,4,1.7,0.6,0.3,0,0,1.7,0.1,1.4,201.2
92,122,1,2,0.8,0.1,0.1,0,0.1,0.8,0.1,0.7,103.2
95,122,1,1,0.4,0,0,0,0,0.4,0,0.3,51.6
98,122,1,6,1.8,0.1,0.4,0,0.3,1.8,0.3,1.5,227.5
103,122,1,5,2.4,0.8,0.2,0,0.5,2.4,0.5,1.7,256.9
105,122,1,2,0.9,0.3,0.1,0,0.2,0.9,0.2,0.7,102.8
107,122,1,3,1.4,0.5,0.1,0,0.3,1.4,0.3,1,154.2
115,122,1,2,1,0.4,0,0,0.1,1,0.1,0.3,77.6
118,122,1,8,3.5,1,0.3,0,0.2,3.5,0.8,2.9,404.3
119,122,1,4,1.7,0.5,0.2,0,0.1,1.7,0.4,1.5,202.1
121,122,1,5,2.2,0.6,0.2,0,0.1,2.2,0.5,1.8,252.7
122,122,1,2,1,0.4,0,0,0.1,1,0,0.9,110.4
2,123,1,14,4,0.5,1,0,0,4,0.8,3.8,526.5
4,123,1,3,0.9,0.1,0.2,0,0,0.9,0.2,0.8,112.8
15,123,1,2,1,0.2,0,0,0.1,1,0,1,100
16,123,1,5,2.4,0.4,0,0,0.2,2.4,0,2.4,250
17,123,1,3,1.4,0.6,0.1,0,0.1,1.4,0.2,1.2,163.4
34,123,1,3,1.1,0.1,0.1,0.1,0.1,1,0.1,0.9,138.7
35,123,1,1,0.4,0,0,0.1,0,0.3,0,0.3,46.2
37,123,1,2,0.8,0.2,0,0,0.2,0.8,0.1,0.7,107.5
44,123,1,2,0.8,0.2,0.1,0,0.1,0.8,0.1,0.7,97.6
59,123,1,3,1,0.1,0,0,0,1,0.1,0.8,115.2
61,123,1,6,2,0.3,0.1,0,0.1,2,0.3,1.7,230.4
62,123,1,4,1.3,0.2,0.1,0,0.1,1.3,0.2,1.1,153.6
72,123,1,1,0.6,0.4,0,0,0,0.6,0.1,0.4,78.2
77,123,1,2,1.2,0.6,0,0,0,1.2,0.1,0.7,113
78,123,1,3,1.8,0.8,0,0,0,1.8,0.2,1,169.5
81,123,1,2,1.2,0.6,0,0,0,1.2,0.1,0.7,113
87,123,1,1,0.4,0.1,0.1,0,0,0.4,0,0.3,50.3
93,123,1,5,2,0.2,0.2,0,0.2,2,0.2,1.7,258
96,123,1,2,0.8,0.1,0.1,0,0.1,0.8,0.1,0.7,103.2
98,123,1,6,1.8,0.1,0.4,0,0.3,1.8,0.3,1.5,227.5
104,123,1,3,1.4,0.5,0.1,0,0.3,1.4,0.3,1,154.2
115,123,1,2,1,0.4,0,0,0.1,1,0.1,0.3,77.6
118,123,1,2,0.9,0.3,0.1,0,0.1,0.9,0.2,0.7,101.1
119,123,1,11,4.8,1.4,0.5,0,0.3,4.8,1.1,4,555.8
121,123,1,11,4.8,1.4,0.5,0,0.3,4.8,1.1,4,555.8
122,123,1,7.5,3.8,1.4,0,0,0.5,3.8,0,3.5,414
15,124,1,1,0.5,0.1,0,0,0,0.5,0,0.5,50
17,124,1,3,1.4,0.6,0.1,0,0.1,1.4,0.2,1.2,163.4
26,124,1,2,0.9,0.4,0.1,0,0.1,0.9,0.2,0.8,108.9
36,124,1,6,2.3,0.3,0.1,0.3,0.3,2,0.1,1.7,277.5
37,124,1,11,4.6,0.9,0.1,0,1,4.6,0.7,3.7,591.4
38,124,1,10,4.2,0.8,0.1,0,0.9,4.2,0.6,3.4,537.7
42,124,1,7,2.9,0.8,0.4,0,0.4,2.9,0.3,2.3,341.4
59,124,1,2,0.7,0.1,0,0,0,0.7,0.1,0.6,76.8
66,124,1,2,0.7,0.1,0,0,0,0.7,0.1,0.6,76.8
71,124,1,4,1.3,0.1,0.1,0,0.2,1.3,0.1,1,147.2
72,124,1,1,0.6,0.4,0,0,0,0.6,0.1,0.4,78.2
78,124,1,1,0.6,0.3,0,0,0,0.6,0.1,0.3,56.5
79,124,1,1,0.6,0.3,0,0,0,0.6,0.1,0.3,56.5
95,124,1,2,0.8,0.1,0.1,0,0.1,0.8,0.1,0.7,103.2
111,124,1,3,1.4,0.5,0.1,0,0.3,1.4,0.3,1,154.2
119,124,1,6,2.6,0.8,0.3,0,0.2,2.6,0.6,2.2,303.2
120,124,1,2,0.9,0.3,0.1,0,0.1,0.9,0.2,0.7,101.1
35,125,1,3,1.1,0.1,0.1,0.1,0.1,1,0.1,0.9,138.7
36,125,1,5,1.9,0.2,0.1,0.2,0.2,1.7,0.1,1.4,231.2
37,125,1,15,6.3,1.2,0.2,0,1.4,6.3,0.9,5.1,806.5
38,125,1,8,3.3,0.7,0.1,0,0.7,3.3,0.5,2.7,430.1
39,125,1,2,0.8,0.2,0,0,0.2,0.8,0.1,0.7,107.5
40,125,1,2,0.8,0.2,0,0,0.2,0.8,0.1,0.7,107.5
42,125,1,1,0.4,0.1,0.1,0,0.1,0.4,0,0.3,48.8
47,125,1,4,1.6,0.4,0.2,0,0.2,1.6,0.1,1.3,195.1
67,125,1,2,0.6,0.1,0,0,0.1,0.6,0,0.5,73.6
68,125,1,39.5,12.7,1.2,0.6,0,1.7,12.7,0.6,9.8,1453.7
69,125,1,13,4.2,0.4,0.2,0,0.6,4.2,0.2,3.2,478.4
71,125,1,2,0.6,0.1,0,0,0.1,0.6,0,0.5,73.6
73,125,1,1,0.6,0.4,0,0,0,0.6,0.1,0.4,78.2
80,125,1,1,0.6,0.3,0,0,0,0.6,0.1,0.3,56.5
95,125,1,2,0.8,0.1,0.1,0,0.1,0.8,0.1,0.7,103.2
106,125,1,1,0.5,0.2,0,0,0.1,0.5,0.1,0.3,51.4
111,125,1,10.5,5,1.8,0.4,0,1.1,5,1.1,3.6,539.6
112,125,1,3,1.5,0.7,0.1,0,0.2,1.5,0.2,0.5,116.4
113,125,1,4,2,0.9,0.1,0,0.3,2,0.3,0.6,155.2
114,125,1,2,1,0.4,0,0,0.1,1,0.1,0.3,77.6
115,125,1,1,0.5,0.2,0,0,0.1,0.5,0.1,0.2,38.8
21,126,1,5,2.1,0.5,0.3,0,0.3,2.1,0.2,1.5,211.7
28,126,1,2,0.7,0,0,0,0,0.7,0,0.6,90.5
34,126,1,5,2,0.5,0.2,0,0.1,2,0.2,1.5,241.8
35,126,1,8.5,3.3,0.8,0.4,0,0.1,3.3,0.3,2.5,411
36,126,1,2,0.8,0.2,0.1,0,0,0.8,0.1,0.6,96.7
46,126,1,9,3.9,0.3,0.3,0,0.6,3.9,0.3,3.2,438.1
47,126,1,19.5,7.6,1.6,0.4,0.4,0.8,7.2,0.4,6.4,918.3
58,126,1,4,1.7,0.4,0,0,0.3,1.7,0.8,1.2,161.3
63,126,1,10,4.1,1.3,0,0,0.2,4.1,0.7,2.8,510.7
65,126,1,4,1.7,0.5,0,0,0.1,1.7,0.3,1.1,204.3
66,126,1,8,3.3,1,0,0,0.2,3.3,0.5,2.3,408.5
68,126,1,7,3,0.8,0.2,0.1,0.5,2.9,0.2,2.1,290.9
69,126,1,20.5,8.7,2.2,0.5,0.3,1.4,8.4,0.6,6,851.9
71,126,1,10,4.3,1.1,0.2,0.2,0.7,4.1,0.3,2.9,415.6
72,126,1,2,0.7,0.2,0.1,0,0.1,0.7,0.2,0.4,76
78,126,1,8,3.6,0.9,0.3,0.3,0,3.3,0.9,2.7,433.2
92,126,1,1,0.4,0.1,0,0,0,0.4,0.1,0.4,64.5
108,126,1,2,1,0.3,0,0.1,0.2,0.9,0.2,0.6,100.3
111,126,1,6,2.9,0.8,0.1,0.2,0.5,2.7,0.5,1.8,300.8
113,126,1,3,1.5,0.5,0,0,0.2,1.5,0,1.4,165.6
5,127,1,3,1.3,0.4,0,0,0.1,1.3,0.2,1.2,145.7
7,127,1,4,1.8,0.5,0,0.1,0.1,1.7,0.3,1.7,194.3
20,127,1,2,0.8,0.2,0.1,0,0.1,0.8,0.1,0.6,84.7
21,127,1,1,0.4,0.1,0.1,0,0.1,0.4,0,0.3,42.3
32,127,1,2,0.8,0.2,0.1,0,0,0.8,0.1,0.6,96.7
33,127,1,7,2.7,0.7,0.3,0,0.1,2.7,0.2,2,338.5
36,127,1,2,0.8,0.2,0.1,0,0,0.8,0.1,0.6,96.7
40,127,1,3,1.3,0.3,0.1,0,0.1,1.3,0.4,0.9,135.3
47,127,1,9,3.5,0.7,0.2,0.2,0.4,3.3,0.2,3,423.8
48,127,1,9,3.5,0.7,0.2,0.2,0.4,3.3,0.2,3,423.8
49,127,1,4,1.6,0.3,0.1,0.1,0.2,1.5,0.1,1.3,188.4
59,127,1,2,0.8,0.2,0,0,0.2,0.8,0.4,0.6,80.7
60,127,1,4,1.7,0.4,0,0,0.3,1.7,0.8,1.2,161.3
61,127,1,3,1.2,0.3,0,0,0.2,1.2,0.6,0.9,121
66,127,1,1,0.4,0.1,0,0,0,0.4,0.1,0.3,51.1
67,127,1,2,0.9,0.2,0,0.1,0.1,0.8,0.1,0.6,83.1
69,127,1,18,7.7,2,0.4,0.3,1.3,7.4,0.6,5.3,748
70,127,1,16.5,7,1.8,0.4,0.2,1.2,6.8,0.5,4.9,685.7
71,127,1,1,0.4,0.1,0,0,0.1,0.4,0,0.3,41.6
75,127,1,2,0.7,0.2,0.1,0,0.1,0.7,0.2,0.4,76
78,127,1,5,2.2,0.6,0.2,0.2,0,2,0.6,1.7,270.7
79,127,1,2,0.9,0.2,0.1,0.1,0,0.8,0.2,0.7,108.3
91,127,1,2,0.9,0.2,0,0,0,0.9,0.2,0.9,129.4
96,127,1,2,0.9,0.3,0,0,0.1,0.9,0.1,0.8,128.9
108,127,1,5,2.4,0.6,0.1,0.2,0.4,2.2,0.4,1.5,250.6
113,127,1,1,0.5,0.2,0,0,0.1,0.5,0,0.5,55.2
