x,y,imputed,ind,men,men_1ind,men_5ind,men_coll,men_fmp,men_mais,men_pauv,men_prop,men_surf
1,0,1,2,0.9,0.3,0,0,0,0.9,0,0.8,139.6
6,0,1,3,1.2,0.3,0.1,0,0.2,1.2,0.1,0.8,153.1
14,0,1,2,1,0.3,0,0,0.1,1,0.1,0.7,121.8
18,0,1,2,1,0.3,0,0,0.1,1,0.1,0.7,121.8
23,0,1,4,2.2,0.9,0,0,0.2,2.2,0.7,1.8,239.3
26,0,1,1,0.5,0.2,0,0,0,0.5,0.2,0.5,59.8
35,0,1,4,1.7,0.4,0.1,0.1,0.3,1.6,0.1,1.5,180.9
36,0,1,11,4.7,1.2,0.4,0.2,0.7,4.5,0.3,4.1,497.5
37,0,0,49,20,2,1,0,1,20,0,19,2565
38,0,0,16,11,7,0,1,0,10,1,9,1235
40,0,1,9,4.1,1,0,0,0.1,4.1,0.1,3.7,505.9
42,0,1,14,6.4,1.6,0,0,0.2,6.4,0.2,5.8,786.9
43,0,1,2,0.9,0.2,0,0,0,0.9,0,0.8,112.4
45,0,1,5,2.5,1.1,0,0.2,0,2.3,0.4,2,233
46,0,1,1,0.5,0.2,0,0,0,0.5,0.1,0.4,46.6
51,0,1,2,0.7,0.1,0,0,0.1,0.7,0,0.7,91.2
67,0,1,9,4.1,1.4,0.1,0.6,0.6,3.5,0.7,2.9,432.7
68,0,1,23,10.5,3.6,0.3,1.5,1.5,9,1.8,7.5,1105.8
71,0,1,1.5,0.5,0,0,0,0,0.5,0.1,0.4,50.6
72,0,1,2,0.7,0.1,0.1,0,0.1,0.7,0.1,0.5,67.5
83,0,1,4,1.8,0.5,0.1,0,0.3,1.8,0.1,1.6,220.6
84,0,1,4,1.8,0.5,0.1,0,0.3,1.8,0.1,1.6,220.6
90,0,1,5,1.9,0.4,0.2,0,0.1,1.9,0,1.6,217.1
91,0,0,85,25,2,5,0,1,25,1,22,3387
92,0,0,64,20,2,5,0,2,20,1,18,2897
93,0,0,36.5,15,2,0,0,0,15,0,14,2050
101,0,1,1,0.5,0.1,0,0,0,0.5,0,0.4,56.5
127,0,1,4,1.4,0.4,0.2,0.2,0.1,1.2,0.3,0.7,159.7
9,1,1,15,6.1,1.7,0.3,0,1,6.1,0.3,4.1,765.3
15,1,1,2,1,0.3,0,0,0.1,1,0.1,0.7,121.8
20,1,1,1,0.5,0.2,0,0,0,0.5,0.2,0.5,59.8
24,1,1,3,1.6,0.7,0,0,0.1,1.6,0.5,1.4,179.5
33,1,1,2,0.8,0.2,0,0,0.1,0.8,0,0.8,92.7
34,1,1,7,2.9,0.8,0.1,0,0.2,2.9,0.1,2.7,324.6
35,1,1,11,4.7,1.2,0.4,0.2,0.7,4.5,0.3,4.1,497.5
36,1,1,3,1.3,0.3,0.1,0.1,0.2,1.2,0.1,1.1,135.7
37,1,0,22,11,2,0,1,0,10,0,10,1413
38,1,1,24.5,10.6,2.6,0.8,0.6,1.6,10,0.6,9.2,1108.1
40,1,1,2,0.9,0.2,0,0,0,0.9,0,0.8,112.4
42,1,1,10,4.6,1.1,0,0,0.2,4.6,0.2,4.1,562.1
43,1,1,2,0.9,0.2,0,0,0,0.9,0,0.8,112.4
44,1,1,4,1.8,0.4,0,0,0.1,1.8,0.1,1.7,224.8
45,1,1,3,1.5,0.6,0,0.1,0,1.4,0.2,1.2,139.8
47,1,1,5,2.5,1.1,0,0.2,0,2.3,0.4,2,233
49,1,1,1,0.5,0.2,0,0,0,0.5,0.1,0.4,46.6
50,1,1,2,0.7,0.1,0,0,0.1,0.7,0,0.7,91.2
64,1,1,4,1.8,0.6,0.1,0.2,0.3,1.6,0.3,1.3,192.3
65,1,1,2,0.9,0.3,0,0.1,0.1,0.8,0.2,0.7,96.2
66,1,1,7,3.2,1.1,0.1,0.5,0.5,2.7,0.5,2.3,336.5
67,1,0,32,14,4,0,0,1,14,1,13,1396
68,1,1,5,2.3,0.8,0.1,0.3,0.3,2,0.4,1.6,240.4
77,1,1,4,1.3,0.2,0.2,0,0.1,1.3,0.1,1,164.1
78,1,1,6,2,0.2,0.2,0,0.1,2,0.1,1.5,246.1
79,1,1,20,6.5,0.8,0.8,0,0.4,6.5,0.4,4.9,820.4
80,1,0,43,17,2,1,0,0,17,2,16,1937
81,1,1,7,3.2,0.9,0.2,0,0.6,3.2,0.2,2.8,386.1
82,1,1,9,4.1,1.1,0.3,0,0.8,4.1,0.3,3.5,496.4
83,1,1,9,4.1,1.1,0.3,0,0.8,4.1,0.3,3.5,496.4
84,1,0,29,11,1,0,0,0,11,1,10,1194
85,1,1,2,0.8,0.1,0,0.1,0.2,0.7,0.1,0.5,97.9
86,1,1,4,1.6,0.2,0.1,0.1,0.4,1.5,0.2,1,195.8
91,1,1,12,4.5,0.9,0.6,0,0.3,4.5,0,3.9,521.1
92,1,1,3,1.1,0.2,0.1,0,0.1,1.1,0,1,130.3
93,1,1,1,0.4,0.1,0,0,0,0.4,0,0.3,43.4
100,1,1,3,1.4,0.3,0,0,0,1.4,0.1,1.3,169.6
122,1,1,1,0.3,0.1,0,0,0,0.3,0.1,0.2,39.9
127,1,1,2,0.7,0.2,0.1,0.1,0,0.6,0.1,0.3,79.8
2,2,1,3,1.4,0.4,0,0,0,1.4,0,1.2,209.4
6,2,1,4,1.6,0.5,0.1,0,0.3,1.6,0.1,1.1,204.1
9,2,1,7,2.9,0.8,0.2,0,0.5,2.9,0.2,1.9,357.2
10,2,1,5,2.5,0.8,0,0,0.2,2.5,0.3,1.8,304.5
12,2,1,2,1,0.3,0,0,0.1,1,0.1,0.7,121.8
13,2,1,2,1,0.3,0,0,0.1,1,0.1,0.7,121.8
14,2,1,2,1,0.3,0,0,0.1,1,0.1,0.7,121.8
15,2,1,3,1.5,0.5,0,0,0.1,1.5,0.2,1.1,182.7
19,2,1,6,2.9,1,0,0,0.2,2.9,0.3,2.2,365.5
26,2,1,2,1.1,0.5,0,0,0.1,1.1,0.4,0.9,119.6
29,2,1,2,1.1,0.5,0,0,0.1,1.1,0.4,0.9,119.6
34,2,1,10,4.2,1.2,0.2,0,0.3,4.2,0.2,3.8,463.7
35,2,0,30,11,1,0,0,0,11,1,9,1191
36,2,1,14.5,6.2,1.5,0.5,0.3,0.9,5.9,0.4,5.4,655.8
37,2,0,72,23,2,1,2,2,21,2,20,2529
38,2,0,31,12,4,0,4,0,8,3,8,1223
42,2,1,4,1.8,0.4,0,0,0.1,1.8,0.1,1.7,224.8
47,2,1,4,2,0.9,0,0.1,0,1.9,0.3,1.6,186.4
48,2,1,3,1.5,0.6,0,0.1,0,1.4,0.2,1.2,139.8
62,2,1,2,0.9,0.3,0,0.1,0.1,0.8,0.2,0.7,96.2
63,2,1,7,3.2,1.1,0.1,0.5,0.5,2.7,0.5,2.3,336.5
64,2,1,1,0.5,0.2,0,0.1,0.1,0.4,0.1,0.3,48.1
65,2,1,12.5,5.7,2,0.2,0.8,0.8,4.9,1,4.1,601
66,2,1,4,1.8,0.6,0.1,0.2,0.3,1.6,0.3,1.3,192.3
77,2,1,13,4.2,0.5,0.5,0,0.3,4.2,0.3,3.2,533.3
78,2,0,52,17,1,1,3,1,14,2,17,1683
79,2,0,54,28,5,0,4,3,24,0,24,2828
80,2,0,53,26,7,0,0,0,26,2,24,2922
81,2,0,51,20,4,1,0,5,20,1,7,1869
82,2,1,9,4.1,1.1,0.3,0,0.8,4.1,0.3,3.5,496.4
83,2,1,7,3.2,0.9,0.2,0,0.6,3.2,0.2,2.8,386.1
84,2,0,40,16,2,1,0,1,16,1,16,1854
85,2,1,23,9.4,1.2,0.5,0.9,2.2,8.5,1,5.6,1126
87,2,1,6,2.5,0.3,0.1,0.3,0.6,2.2,0.3,1.5,293.7
88,2,0,76.5,23,1,3,0,1,23,0,23,3201
89,2,0,28.5,13,2,0,0,1,13,0,13,1437
102,2,1,5,2.4,0.5,0.1,0,0.1,2.4,0.2,2.1,282.6
122,2,1,3,1,0.3,0.1,0.1,0.1,0.9,0.2,0.5,119.7
18,3,1,2,1,0.3,0,0,0.1,1,0.1,0.7,121.8
19,3,1,3,1.5,0.5,0,0,0.1,1.5,0.2,1.1,182.7
21,3,1,2,1.1,0.5,0,0,0.1,1.1,0.4,0.9,119.6
23,3,1,1,0.5,0.2,0,0,0,0.5,0.2,0.5,59.8
28,3,1,1,0.5,0.2,0,0,0,0.5,0.2,0.5,59.8
33,3,1,28,11.7,3.3,0.5,0,0.9,11.7,0.5,10.7,1298.3
34,3,1,12,5,1.4,0.2,0,0.4,5,0.2,4.6,556.4
35,3,0,43,20,4,0,1,1,19,0,18,2364
36,3,0,66.5,25,4,3,0,1,25,1,21,2643
37,3,0,96,39,10,1,0,2,39,0,35,3540
38,3,1,20,8.6,2.1,0.7,0.5,1.3,8.1,0.5,7.5,904.6
39,3,1,1,0.4,0.1,0,0,0.1,0.4,0,0.4,45.2
40,3,1,3,1.4,0.3,0,0,0,1.4,0,1.2,168.6
42,3,1,1,0.5,0.1,0,0,0,0.5,0,0.4,56.2
44,3,1,2,0.9,0.2,0,0,0,0.9,0,0.8,112.4
46,3,1,1,0.5,0.2,0,0,0,0.5,0.1,0.4,46.6
76,3,1,6,2,0.2,0.2,0,0.1,2,0.1,1.5,246.1
77,3,0,49,17,3,1,0,3,17,1,10,1760
78,3,0,49,19,6,2,2,0,17,3,14,2136
79,3,0,35,17,5,0,4,3,13,1,9,1868
80,3,0,76.5,28,5,1,0,3,28,0,24,2759
81,3,0,59,22,3,0,5,8,17,1,18,1982
83,3,1,2,0.9,0.3,0.1,0,0.2,0.9,0.1,0.8,110.3
84,3,1,9,4.1,1.1,0.3,0,0.8,4.1,0.3,3.5,496.4
85,3,1,18,7.4,0.9,0.4,0.8,1.7,6.6,0.8,4.4,881.2
86,3,1,14,5.7,0.7,0.3,0.6,1.3,5.1,0.6,3.4,685.4
87,3,0,56,29,7,1,0,0,29,1,28,3431
88,3,0,78.5,32,5,3,9,8,23,3,20,3682
89,3,0,42.5,19,4,1,0,3,19,0,13,1636
93,3,1,3,1.1,0.2,0.1,0,0.1,1.1,0,1,130.3
121,3,1,2,0.7,0.2,0.1,0.1,0,0.6,0.1,0.3,79.8
122,3,1,13,4.4,1.4,0.6,0.5,0.3,3.9,0.8,2.2,518.9
123,3,1,18,6.1,1.9,0.8,0.8,0.4,5.3,1.1,3.1,718.5
6,4,1,2,0.8,0.2,0.1,0,0,0.8,0,0.8,113.8
10,4,1,1,0.4,0,0,0,0.1,0.4,0,0.4,62.9
11,4,1,2,0.8,0,0,0,0.1,0.8,0,0.8,125.9
13,4,1,4,1.7,0.1,0,0,0.3,1.7,0.1,1.7,251.8
25,4,1,3,1.3,0.5,0.1,0.2,0.1,1.1,0.2,1.2,160.2
26,4,1,7,3.1,1.2,0.3,0.5,0.1,2.6,0.4,2.8,373.8
28,4,1,1,0.4,0.2,0,0,0,0.4,0.1,0.4,53.4
29,4,1,4,1.8,0.7,0.2,0.3,0.1,1.5,0.2,1.6,213.6
32,4,1,8,3.7,0.7,0.1,0,0.3,3.7,0,3.4,414.4
33,4,0,25,11,3,0,0,1,11,1,11,1273
34,4,1,8,3.7,0.7,0.1,0,0.3,3.7,0,3.4,414.4
35,4,1,5,2.4,1.1,0.1,0.2,0.3,2.2,0.3,1.9,265.3
36,4,0,39,15,2,2,0,2,15,2,11,1334
37,4,0,35,14,1,0,0,3,14,1,11,1311
41,4,1,4,1.6,0.4,0.1,0.1,0.1,1.5,0.1,1.4,200.2
44,4,1,7,2.8,0.7,0.2,0.2,0.2,2.6,0.3,2.5,350.3
46,4,1,1,0.4,0.1,0,0,0,0.4,0,0.4,47.1
48,4,1,2,0.7,0.1,0,0,0,0.7,0.1,0.7,94.3
75,4,1,19,7,0.9,0.5,0,0.8,7,0,5.6,843.9
76,4,1,23,8.5,1.1,0.6,0,0.9,8.5,0,6.8,1021.6
77,4,0,37,13,1,1,0,1,13,2,4,1739
78,4,1,20,7.4,1,0.5,0,0.8,7.4,0,5.9,888.3
79,4,1,6,2.2,0.3,0.1,0,0.2,2.2,0,1.8,266.5
80,4,1,10,3.5,0.6,0.5,0,0.1,3.5,0.2,3.2,402
81,4,1,4,1.4,0.3,0.2,0,0.1,1.4,0.1,1.3,160.8
83,4,1,12,4.2,0.8,0.6,0,0.2,4.2,0.2,3.8,482.4
84,4,0,61,21,4,4,0,0,21,1,20,2637
85,4,0,37,12,4,3,0,0,12,1,9,1619
86,4,1,19,7.7,1.4,0.3,0,1.3,7.7,0.5,6.4,1084.8
87,4,1,21,8.5,1.6,0.4,0,1.4,8.5,0.5,7.1,1199
88,4,1,10,4.1,0.8,0.2,0,0.7,4.1,0.3,3.4,570.9
106,4,1,1,0.3,0.1,0.1,0,0.1,0.3,0,0.1,31
117,4,1,1,0.3,0.1,0.1,0,0.1,0.3,0,0.1,31
121,4,1,1,0.4,0.2,0,0,0.1,0.4,0.1,0.2,41.2
123,4,1,7,2.9,1.1,0.2,0.1,0.5,2.8,0.5,1.5,288.3
7,5,1,2,0.8,0.2,0.1,0,0,0.8,0,0.8,113.8
22,5,1,6,2.2,0.5,0.2,0,0.1,2.2,0,2,279.8
23,5,1,2,0.7,0.2,0.1,0,0,0.7,0,0.7,93.3
25,5,1,5,2.2,0.8,0.2,0.3,0.1,1.9,0.3,2,267
26,5,1,6,2.6,1,0.2,0.4,0.1,2.2,0.4,2.4,320.4
27,5,1,2,0.9,0.3,0.1,0.1,0,0.8,0.1,0.8,106.8
28,5,1,3,1.3,0.5,0.1,0.2,0.1,1.1,0.2,1.2,160.2
29,5,1,1,0.4,0.2,0,0,0,0.4,0.1,0.4,53.4
30,5,1,7,3.2,0.6,0.1,0,0.2,3.2,0,3,362.6
31,5,1,4,1.9,0.4,0.1,0,0.1,1.9,0,1.7,207.2
33,5,0,36,15,3,0,0,0,15,2,14,1712
34,5,1,4,1.9,0.4,0.1,0,0.1,1.9,0,1.7,207.2
36,5,1,10,4.9,2.1,0.2,0.4,0.6,4.5,0.6,3.9,530.7
37,5,0,41,17,4,1,0,3,17,1,15,1876
45,5,1,4,1.4,0.2,0,0,0,1.4,0.1,1.4,188.5
48,5,1,4,1.4,0.2,0,0,0,1.4,0.1,1.4,188.5
75,5,0,43,16,1,2,0,1,16,0,14,1915
76,5,1,21,7.7,1,0.5,0,0.8,7.7,0,6.2,932.7
77,5,1,4,1.5,0.2,0.1,0,0.2,1.5,0,1.2,177.7
79,5,1,10,3.7,0.5,0.2,0,0.4,3.7,0,3,444.2
80,5,1,9,3.1,0.6,0.5,0,0.1,3.1,0.2,2.9,361.8
81,5,1,1,0.3,0.1,0.1,0,0,0.3,0,0.3,40.2
82,5,1,19,6.6,1.2,1,0,0.2,6.6,0.4,6.1,763.8
83,5,0,63,22,6,2,0,2,22,0,21,2797
84,5,0,67,26,4,1,3,3,23,2,18,2833
85,5,1,5,2,0.4,0.1,0,0.3,2,0.1,1.7,285.5
89,5,1,3,1.2,0.2,0.1,0,0.2,1.2,0.1,1,171.3
90,5,0,33,13,1,1,0,2,13,0,12,1536
91,5,0,27,13,5,0,0,1,13,0,13,1566
92,5,1,17,7.8,1.5,0,0,0.5,7.8,0,7.3,909.3
109,5,1,1,0.3,0.1,0.1,0,0.1,0.3,0,0.1,31
122,5,1,1,0.4,0.2,0,0,0.1,0.4,0.1,0.2,41.2
127,5,1,1,0.4,0.2,0,0,0.1,0.4,0.1,0.2,41.2
8,6,1,6,2.5,0.7,0.2,0.1,0,2.4,0.1,2.4,341.5
22,6,1,1,0.4,0.1,0,0,0,0.4,0,0.3,46.6
23,6,1,12,4.3,1,0.4,0,0.2,4.3,0,3.9,559.7
24,6,1,2,0.7,0.2,0.1,0,0,0.7,0,0.7,93.3
25,6,1,2,0.9,0.3,0.1,0.1,0,0.8,0.1,0.8,106.8
26,6,1,1,0.4,0.2,0,0,0,0.4,0.1,0.4,53.4
28,6,1,2,0.9,0.3,0.1,0.1,0,0.8,0.1,0.8,106.8
29,6,1,6,2.6,1,0.2,0.4,0.1,2.2,0.4,2.4,320.4
31,6,1,2,0.9,0.2,0,0,0.1,0.9,0,0.9,103.6
33,6,1,14,6.5,1.2,0.2,0,0.5,6.5,0,6,725.2
34,6,0,41,14,0,2,0,2,14,2,14,1538
35,6,1,7,3.4,1.5,0.1,0.3,0.4,3.1,0.4,2.7,371.5
36,6,1,3,1.5,0.6,0.1,0.1,0.2,1.4,0.2,1.2,159.2
37,6,1,8,3.9,1.7,0.2,0.3,0.5,3.6,0.5,3.1,424.5
38,6,0,39.5,14,4,1,0,3,14,3,8,1530
39,6,1,4.5,2.2,1,0.1,0.2,0.3,2,0.3,1.7,238.8
41,6,1,6,2.4,0.6,0.1,0.1,0.1,2.3,0.2,2.1,300.3
44,6,1,6,2.4,0.6,0.1,0.1,0.1,2.3,0.2,2.1,300.3
47,6,1,6,2.2,0.3,0,0,0,2.2,0.2,2.2,282.8
48,6,1,4,1.4,0.2,0,0,0,1.4,0.1,1.4,188.5
73,6,0,43,14,2,1,0,0,14,2,10,1517
74,6,1,31,12.4,2.3,0,0,0.6,12.4,0,11.8,1354.4
75,6,0,45,14,1,2,0,0,14,0,14,1488
78,6,1,2,0.7,0.1,0,0,0.1,0.7,0,0.6,88.8
79,6,1,6,2.2,0.3,0.1,0,0.2,2.2,0,1.8,266.5
80,6,1,5,1.7,0.3,0.3,0,0.1,1.7,0.1,1.6,201
82,6,1,36,12.5,2.3,1.8,0,0.5,12.5,0.7,11.5,1447.2
83,6,1,30,10.4,1.9,1.5,0,0.4,10.4,0.6,9.6,1206
84,6,0,122,46,12,5,7,10,39,5,1,3737
85,6,1,15,6.1,1.1,0.3,0,1,6.1,0.4,5.1,856.4
86,6,1,14,5.7,1.1,0.2,0,0.9,5.7,0.4,4.7,799.3
87,6,1,3,1.2,0.2,0.1,0,0.2,1.2,0.1,1,171.3
88,6,1,8,3.3,0.6,0.1,0,0.5,3.3,0.2,2.7,456.7
89,6,0,25,11,2,0,0,1,11,0,11,1368
90,6,0,54,20,2,1,0,1,20,0,20,2285
91,6,0,27.5,11,1,0,0,0,11,0,11,1198
106,6,1,6,2.1,0.4,0.3,0.2,0.3,1.9,0.1,0.8,185.7
108,6,1,4,1.4,0.3,0.2,0.2,0.2,1.2,0.1,0.5,123.8
121,6,1,2,0.8,0.3,0.1,0,0.1,0.8,0.1,0.4,82.4
122,6,1,11,4.5,1.8,0.4,0.2,0.7,4.3,0.7,2.3,453
123,6,1,8,3.3,1.3,0.3,0.1,0.5,3.2,0.5,1.7,329.4
126,6,1,14,5.7,2.3,0.5,0.2,0.9,5.5,0.9,3,576.5
9,7,1,9,3.8,1.1,0.3,0.2,0,3.6,0.2,3.6,512.2
15,7,1,2,0.8,0,0,0,0.1,0.8,0,0.8,125.9
29,7,1,1,0.4,0.2,0,0,0,0.4,0.1,0.4,53.4
34,7,1,3,1.4,0.3,0.1,0,0.1,1.4,0,1.3,155.4
38,7,1,7,3.4,1.5,0.1,0.3,0.4,3.1,0.4,2.7,371.5
40,7,1,5,2,0.5,0.1,0.1,0.1,1.9,0.2,1.8,250.2
41,7,1,19,7.6,1.9,0.5,0.4,0.5,7.2,0.7,6.7,950.9
42,7,1,10,4,1,0.2,0.2,0.2,3.8,0.4,3.5,500.5
43,7,1,8,3.2,0.8,0.2,0.2,0.2,3,0.3,2.8,400.4
47,7,1,15,5.4,0.8,0,0,0,5.4,0.4,5.4,706.9
73,7,1,8,3.2,0.6,0,0,0.1,3.2,0,3.1,349.5
74,7,1,16,6.4,1.2,0,0,0.3,6.4,0,6.1,699.1
78,7,1,7,2.6,0.3,0.2,0,0.3,2.6,0,2.1,310.9
79,7,1,5,1.8,0.2,0.1,0,0.2,1.8,0,1.5,222.1
81,7,1,2,0.7,0.1,0.1,0,0,0.7,0,0.6,80.4
84,7,0,28.5,14,3,0,0,1,14,1,12,1789
85,7,0,37,15,3,1,0,3,15,2,12,1987
86,7,0,41.5,19,4,0,0,2,19,0,18,2251
87,7,0,41,18,4,0,0,1,18,1,15,2035
88,7,0,52.5,19,2,1,1,1,18,0,16,2205
89,7,0,53,19,5,1,0,1,19,2,15,2356
90,7,1,16,7.3,1.4,0,0,0.5,7.3,0,6.9,855.8
122,7,1,4,1.6,0.7,0.1,0,0.3,1.6,0.3,0.9,164.7
123,7,1,4,1.6,0.7,0.1,0,0.3,1.6,0.3,0.9,164.7
8,8,1,1,0.4,0.1,0,0,0,0.4,0,0.4,56.9
12,8,1,2,0.8,0,0,0,0.1,0.8,0,0.8,125.9
27,8,1,2,0.9,0.3,0.1,0.1,0,0.8,0.1,0.8,106.8
29,8,1,2,0.9,0.3,0.1,0.1,0,0.8,0.1,0.8,106.8
30,8,1,2,0.9,0.2,0,0,0.1,0.9,0,0.9,103.6
34,8,1,4,1.9,0.4,0.1,0,0.1,1.9,0,1.7,207.2
35,8,1,7,3.4,1.5,0.1,0.3,0.4,3.1,0.4,2.7,371.5
41,8,1,8,3.2,0.8,0.2,0.2,0.2,3,0.3,2.8,400.4
42,8,1,9,3.6,0.9,0.2,0.2,0.2,3.4,0.3,3.2,450.4
63,8,1,1,0.4,0.1,0,0,0,0.4,0.1,0.3,50.9
77,8,1,1,0.4,0,0,0,0,0.4,0,0.3,44.4
79,8,1,1,0.4,0,0,0,0,0.4,0,0.3,44.4
80,8,1,29,10,1.8,1.5,0,0.4,10,0.5,9.3,1165.8
81,8,0,65,20,1,2,0,2,20,1,20,2232
83,8,1,2,0.7,0.1,0.1,0,0,0.7,0,0.6,80.4
84,8,0,59,22,5,2,0,0,22,0,21,2662
85,8,0,49,23,10,0,4,0,19,3,17,2572
86,8,0,56,18,1,4,0,1,18,0,18,2254
87,8,1,12,4.9,0.9,0.2,0,0.8,4.9,0.3,4.1,685.1
88,8,1,8,3.3,0.6,0.1,0,0.5,3.3,0.2,2.7,456.7
111,8,1,3,1,0.2,0.2,0.1,0.2,0.9,0.1,0.4,92.9
120,8,1,4,1.6,0.7,0.1,0,0.3,1.6,0.3,0.9,164.7
0,9,1,8,3.4,1,0.4,0,0.4,3.4,0.2,3.4,458.5
8,9,1,1,0.4,0.1,0,0,0,0.4,0,0.4,56.9
10,9,1,2,0.8,0,0,0,0.1,0.8,0,0.8,125.9
11,9,1,2,0.8,0,0,0,0.1,0.8,0,0.8,125.9
19,9,1,2,0.9,0.2,0,0,0.1,0.9,0,0.8,113.3
20,9,1,4,1.8,0.6,0,0.1,0.1,1.7,0.1,1.6,199.1
30,9,1,6,2.4,0.5,0,0,0.1,2.4,0.1,2,266.8
34,9,1,1,0.4,0.1,0,0,0,0.4,0,0.3,44.5
37,9,1,4,1.4,0.3,0.1,0,0.1,1.4,0.1,1.1,160.2
42,9,1,3,1.1,0.2,0,0,0,1.1,0.1,1.1,141.4
61,9,1,7,2.8,0.6,0.2,0,0.4,2.8,0.2,2.6,316.2
62,9,1,17,6.7,1.5,0.5,0,0.9,6.7,0.5,6.2,767.9
63,9,1,18,7.1,1.6,0.5,0,0.9,7.1,0.5,6.6,813.1
76,9,1,27,9,0.9,0.9,0,1.3,9,0.7,5.8,1048.9
77,9,0,45.5,17,2,1,0,0,17,0,15,1941
78,9,0,42,19,3,0,0,1,19,0,19,2011
79,9,1,25,8.3,0.8,0.8,0,1.2,8.3,0.6,5.4,971.2
80,9,0,36,18,5,1,0,0,18,0,17,2273
81,9,0,29,12,4,1,0,0,12,0,11,1255
83,9,1,13,5.4,1.7,0.2,0,0.2,5.4,0.2,4.3,620.3
84,9,0,87.5,34,7,2,5,6,29,0,29,3784
85,9,1,48.5,21.5,3.7,0,0,1.5,21.5,2.2,18.5,2663.4
86,9,1,3,1.3,0.2,0,0,0.1,1.3,0.1,1.1,164.7
87,9,1,2,0.9,0.2,0,0,0.1,0.9,0.1,0.8,109.8
120,9,1,4,1.6,0.4,0.1,0.3,0.2,1.3,0.2,1.2,164.6
121,9,1,1,0.4,0.1,0,0.1,0,0.3,0.1,0.3,41.1
0,10,1,14,6,1.7,0.7,0,0.7,6,0.3,6,802.3
2,10,1,1,0.4,0.1,0,0,0,0.4,0,0.4,57.3
6,10,1,1,0.4,0.1,0,0,0,0.4,0,0.4,56.9
9,10,1,2,0.8,0.2,0.1,0,0,0.8,0,0.8,113.8
19,10,1,8,3.6,0.8,0.1,0,0.4,3.6,0.1,3.4,453.1
20,10,1,17,7.8,2.5,0,0.4,0.4,7.4,0.4,6.6,846.1
26,10,1,4,1.4,0.3,0.1,0,0.1,1.4,0,1.3,186.6
27,10,1,1,0.4,0.1,0,0,0,0.4,0,0.3,46.6
28,10,1,4,1.4,0.3,0.1,0,0.1,1.4,0,1.3,186.6
33,10,1,4,1.6,0.3,0,0,0.1,1.6,0.1,1.3,177.9
34,10,1,3,1.2,0.3,0,0,0.1,1.2,0.1,1,133.4
37,10,1,8,2.8,0.6,0.2,0,0.2,2.8,0.1,2.2,320.4
38,10,1,6,2.1,0.4,0.2,0,0.2,2.1,0.1,1.6,240.3
60,10,1,24,9.5,2.1,0.7,0,1.2,9.5,0.7,8.8,1084.1
61,10,1,2,0.8,0.2,0.1,0,0.1,0.8,0.1,0.7,90.3
62,10,0,46,18,6,1,0,1,18,2,13,2132
63,10,1,22,8.7,1.9,0.6,0,1.1,8.7,0.6,8.1,993.8
72,10,1,5,1.8,0.3,0.3,0,0.1,1.8,0.1,1.3,230.8
76,10,1,4,1.3,0.1,0.1,0,0.2,1.3,0.1,0.9,155.4
77,10,0,77,23,0,3,0,2,23,0,19,2696
78,10,1,25,8.3,0.8,0.8,0,1.2,8.3,0.6,5.4,971.2
79,10,1,12,4,0.4,0.4,0,0.6,4,0.3,2.6,466.2
80,10,1,8,3.3,1.1,0.1,0,0.1,3.3,0.1,2.6,381.7
81,10,1,4,1.7,0.5,0.1,0,0.1,1.7,0.1,1.3,190.9
82,10,1,7,2.9,0.9,0.1,0,0.1,2.9,0.1,2.3,334
83,10,0,34,11,0,1,0,0,11,0,11,1438
85,10,1,10,4.4,0.8,0,0,0.3,4.4,0.5,3.8,549.2
110,10,1,1,0.3,0.1,0.1,0,0.1,0.3,0,0.1,31
120,10,1,13,5.3,1.4,0.4,0.9,0.6,4.4,0.7,3.9,534.9
121,10,1,1,0.4,0.1,0,0.1,0,0.3,0.1,0.3,41.1
122,10,1,6,2.5,0.7,0.2,0.4,0.3,2.1,0.3,1.8,246.9
123,10,1,7,2.9,0.8,0.2,0.5,0.3,2.4,0.4,2.1,288
124,10,1,15,6.1,1.7,0.5,1,0.6,5.1,0.8,4.5,617.2
0,11,1,4,1.7,0.5,0.2,0,0.2,1.7,0.1,1.7,229.2
8,11,1,7,2.9,0.9,0.2,0.1,0,2.8,0.1,2.8,398.4
12,11,1,4,1.7,0.1,0,0,0.3,1.7,0.1,1.7,251.8
15,11,1,2,0.9,0.2,0,0,0.1,0.9,0,0.8,113.3
16,11,1,4,1.8,0.4,0,0,0.2,1.8,0.1,1.7,226.5
17,11,1,22,10,2.3,0.2,0,1,10,0.3,9.3,1246
18,11,1,7,3.2,0.7,0.1,0,0.3,3.2,0.1,2.9,396.4
19,11,1,9,4.1,0.9,0.1,0,0.4,4.1,0.1,3.8,509.7
20,11,1,10,4.6,1.5,0,0.2,0.2,4.4,0.2,3.9,497.7
21,11,1,2,0.9,0.3,0,0,0,0.9,0,0.8,99.5
27,11,1,4,1.4,0.3,0.1,0,0.1,1.4,0,1.3,186.6
28,11,1,5,1.8,0.4,0.2,0,0.1,1.8,0,1.6,233.2
33,11,1,11,4.4,0.9,0,0,0.2,4.4,0.2,3.7,489.1
34,11,1,2,0.8,0.2,0,0,0,0.8,0,0.7,88.9
35,11,1,31,10.7,2.2,0.8,0,0.8,10.7,0.5,8.5,1241.4
36,11,1,16,5.5,1.1,0.4,0,0.4,5.5,0.3,4.4,640.7
37,11,1,8,2.8,0.6,0.2,0,0.2,2.8,0.1,2.2,320.4
38,11,1,1,0.3,0.1,0,0,0,0.3,0,0.3,40
59,11,1,2,0.9,0.2,0,0,0.1,0.9,0.1,0.8,100.8
60,11,0,40,17,5,0,2,0,15,2,16,1822
61,11,0,32,13,3,1,0,1,13,2,13,1377
62,11,1,20,7.9,1.7,0.6,0,1,7.9,0.6,7.3,903.5
71,11,0,46,14,0,0,0,1,14,0,12,1686
72,11,0,46.5,12,0,4,0,2,12,0,10,1619
73,11,1,7,2.6,0.5,0.4,0.1,0.1,2.5,0.1,1.8,323.1
74,11,1,9,3.3,0.6,0.5,0.1,0.1,3.2,0.1,2.3,415.5
79,11,1,5,1.7,0.2,0.2,0,0.2,1.7,0.1,1.1,194.2
80,11,0,76,23,1,5,0,3,23,0,22,2808
81,11,0,79.5,31,5,1,0,3,31,2,23,3734
82,11,0,43.5,16,3,1,0,2,16,0,14,1782
110,11,1,5,1.7,0.4,0.3,0.2,0.3,1.5,0.1,0.6,154.8
120,11,1,2,0.8,0.2,0.1,0.1,0.1,0.7,0.1,0.6,82.3
121,11,1,13.5,5.5,1.5,0.5,0.9,0.6,4.6,0.7,4,555.5
122,11,1,26,10.6,2.9,0.9,1.8,1.1,8.8,1.3,7.7,1069.9
123,11,0,31,14,2,0,0,4,14,0,13,1547
124,11,0,80,32,7,1,0,4,32,0,26,3885
125,11,0,75,34,11,1,11,9,23,4,13,3027
127,11,1,2,0.8,0.2,0,0,0.1,0.8,0.1,0.8,117.2
0,12,1,9,3.9,1.1,0.4,0,0.4,3.9,0.2,3.9,515.8
3,12,1,6,2.6,0.7,0.3,0,0.3,2.6,0.1,2.6,343.9
6,12,1,3,1.3,0.4,0.1,0.1,0,1.2,0.1,1.2,170.7
8,12,1,16,6.7,2,0.6,0.3,0,6.4,0.3,6.5,910.6
13,12,1,8,3.4,0.2,0,0,0.6,3.4,0.2,3.4,503.5
14,12,1,13.5,5.7,0.3,0,0,1,5.7,0.3,5.7,849.7
15,12,1,4,1.8,0.4,0,0,0.2,1.8,0.1,1.7,226.5
16,12,1,10,4.5,1,0.1,0,0.5,4.5,0.2,4.2,566.3
18,12,1,4,1.8,0.4,0,0,0.2,1.8,0.1,1.7,226.5
19,12,1,16,7.2,1.7,0.1,0,0.8,7.2,0.3,6.7,906.2
20,12,1,11.5,5.3,1.7,0,0.3,0.3,5,0.3,4.5,572.4
27,12,1,8,2.9,0.7,0.3,0,0.1,2.9,0,2.6,373.1
29,12,1,2,0.7,0.2,0.1,0,0,0.7,0,0.7,93.3
30,12,1,7,2.8,0.6,0,0,0.1,2.8,0.1,2.4,311.2
34,12,1,6,2.4,0.5,0,0,0.1,2.4,0.1,2,266.8
35,12,1,26,9,1.8,0.7,0,0.7,9,0.5,7.1,1041.2
36,12,1,7,2.4,0.5,0.2,0,0.2,2.4,0.1,1.9,280.3
58,12,1,16.5,7.4,1.8,0.3,0,0.8,7.4,1.1,6.3,831.6
59,12,1,14,6.3,1.6,0.2,0,0.7,6.3,0.9,5.4,705.6
60,12,1,21,8.3,1.8,0.6,0,1.1,8.3,0.6,7.7,948.6
61,12,1,8,3.2,0.7,0.2,0,0.4,3.2,0.2,2.9,361.4
68,12,1,9,3.9,0.8,0,0,0.3,3.9,0.5,3.1,458.2
69,12,1,3,1.3,0.3,0,0,0.1,1.3,0.2,1,152.7
70,12,1,25,9.2,1.7,1.4,0.3,0.3,8.9,0.3,6.5,1154.1
71,12,0,111,38,6,8,0,2,38,0,30,4302
72,12,0,51.5,25,5,0,0,3,25,1,25,2617
73,12,1,27.5,10.1,1.9,1.5,0.4,0.4,9.7,0.4,7.1,1269.5
75,12,1,16.5,5.5,0.5,0.5,0,0.8,5.5,0.4,3.6,641
79,12,1,6,2,0.2,0.2,0,0.3,2,0.1,1.3,233.1
80,12,0,33.5,12,3,0,0,1,12,0,11,1300
81,12,1,19,7.9,2.6,0.3,0,0.3,7.9,0.3,6.2,906.6
82,12,1,16,6.7,2.1,0.2,0,0.2,6.7,0.2,5.3,763.5
88,12,1,2,0.9,0.2,0,0,0.1,0.9,0.1,0.8,109.8
121,12,1,5,2,0.6,0.2,0.3,0.2,1.7,0.3,1.5,205.7
122,12,1,3,1.2,0.3,0.1,0.2,0.1,1,0.2,0.9,123.4
123,12,0,32,13,1,2,0,0,13,0,12,1634
124,12,0,45,21,4,1,0,0,21,3,19,2825
125,12,0,76.5,36,9,1,23,14,13,4,13,3269
126,12,1,1,0.4,0.1,0,0,0,0.4,0,0.4,58.6
9,13,1,7,2.9,0.9,0.2,0.1,0,2.8,0.1,2.8,398.4
14,13,1,2,0.8,0,0,0,0.1,0.8,0,0.8,125.9
16,13,1,9,4.1,0.9,0.1,0,0.4,4.1,0.1,3.8,509.7
17,13,1,9,4.1,0.9,0.1,0,0.4,4.1,0.1,3.8,509.7
18,13,1,13,5.9,1.3,0.1,0,0.6,5.9,0.2,5.5,736.3
19,13,1,7,3.2,0.7,0.1,0,0.3,3.2,0.1,2.9,396.4
20,13,1,7,3.2,1,0,0.2,0.2,3,0.2,2.7,348.4
21,13,1,18,8.3,2.6,0,0.4,0.4,7.9,0.4,7,895.9
22,13,1,13,6,1.9,0,0.3,0.3,5.7,0.3,5,647
26,13,1,5,1.8,0.4,0.2,0,0.1,1.8,0,1.6,233.2
28,13,1,5,1.8,0.4,0.2,0,0.1,1.8,0,1.6,233.2
32,13,1,2,0.8,0.2,0,0,0,0.8,0,0.7,88.9
33,13,1,3.5,1.4,0.3,0,0,0.1,1.4,0.1,1.2,155.6
34,13,1,2,0.8,0.2,0,0,0,0.8,0,0.7,88.9
35,13,1,6,2.1,0.4,0.2,0,0.2,2.1,0.1,1.6,240.3
57,13,1,11,4.9,1.2,0.2,0,0.5,4.9,0.7,4.2,554.4
58,13,0,66,24,6,3,2,3,22,3,19,2987
59,13,1,19,8.5,2.1,0.3,0,0.9,8.5,1.2,7.3,957.6
68,13,1,22,9.4,1.9,0,0,0.6,9.4,1.3,7.5,1120.1
69,13,0,45.5,18,2,1,0,3,18,1,17,2242
70,13,0,34,14,4,0,0,1,14,1,11,1413
71,13,0,49,20,3,0,0,2,20,0,20,2157
72,13,0,37,12,1,2,0,1,12,0,12,1558
73,13,0,89,38,7,1,0,8,38,0,34,3679
74,13,0,48.5,19,6,1,0,0,19,0,18,2137
75,13,0,70,26,5,1,0,0,26,1,23,3196
90,13,1,2,0.9,0.2,0,0,0.1,0.9,0,0.9,107
117,13,1,2,0.7,0.1,0.1,0.1,0.1,0.6,0,0.3,61.9
122,13,1,21,8.6,2.3,0.7,1.4,0.9,7.2,1.1,6.3,864.1
123,13,0,315,132,33,11,4,13,128,3,86,12270
125,13,0,99,55,25,0,37,14,18,9,14,3953
126,13,1,13,5.5,1.2,0,0,0.4,5.5,0.4,5.5,761.5
127,13,1,8,3.4,0.7,0,0,0.2,3.4,0.2,3.4,468.6
9,14,1,1,0.5,0.2,0,0,0.1,0.5,0,0.5,60.3
14,14,1,2,1,0.4,0.1,0,0,1,0.1,0.9,142.5
15,14,1,13,4.9,0.2,0,0,0.3,4.9,0.3,4.9,576.7
16,14,1,10,3.7,0.1,0,0,0.2,3.7,0.2,3.7,443.6
24,14,1,4,1.5,0.3,0.1,0.1,0.1,1.4,0.1,1.3,221.5
28,14,1,1,0.5,0.1,0,0,0,0.5,0,0.4,52.9
31,14,1,7,3,0.5,0,0,0,3,0.2,2.8,335.5
32,14,1,15,6.5,1,0,0,0,6.5,0.5,6,719
33,14,1,13,5.6,0.9,0,0,0,5.6,0.4,5.2,623.1
46,14,1,7,2.3,0.4,0.4,0,0,2.3,0.2,1.8,323.3
47,14,1,14,4.7,0.8,0.8,0,0,4.7,0.4,3.6,646.5
48,14,1,20,6.7,1.2,1.2,0,0,6.7,0.6,5.1,923.6
49,14,1,9,3,0.5,0.5,0,0,3,0.3,2.3,415.6
56,14,0,39,13,1,0,0,1,13,0,12,1825
57,14,0,22.5,13,5,0,0,4,13,3,9,1699
68,14,0,45.5,20,3,0,0,1,20,1,19,2497
69,14,0,99,39,12,3,3,1,36,3,17,3633
70,14,0,37,13,3,2,1,1,12,0,11,2207
71,14,0,22,11,4,0,2,0,9,2,9,1482
72,14,1,6,2.1,0.4,0.2,0.1,0.1,2,0.2,1.7,230.8
74,14,0,45,17,0,0,0,0,17,0,17,1793
75,14,0,60,25,4,1,0,4,25,2,23,2543
76,14,1,27,10,1.4,0,0,0.9,10,0,8.2,1116.8
77,14,1,2,0.7,0.1,0,0,0.1,0.7,0,0.6,82.7
86,14,1,5,1.9,0.4,0.1,0.1,0.1,1.8,0.2,1.6,238
88,14,1,1,0.4,0.1,0,0,0,0.4,0,0.3,47.6
89,14,1,2,0.8,0.2,0,0.1,0,0.7,0.1,0.6,95.2
122,14,0,41,14,3,3,1,0,13,2,11,1522
123,14,0,51,26,9,0,1,2,25,1,21,2704
124,14,0,21.5,11,3,0,3,2,8,1,9,964
125,14,1,9,3.5,0.8,0.3,0.3,0.1,3.2,0.3,2.5,424.1
126,14,0,96,30,3,3,0,4,30,0,26,3352
127,14,0,36,15,4,1,0,0,15,1,11,1889
1,15,1,2,1.1,0.3,0,0,0.2,1.1,0,1,120.6
11,15,1,1,0.5,0.2,0,0,0,0.5,0,0.4,71.2
12,15,1,5,2.4,1,0.2,0,0,2.4,0.2,2.2,356.2
17,15,1,2,0.7,0,0,0,0,0.7,0,0.7,88.7
18,15,1,14,5.2,0.2,0,0,0.3,5.2,0.3,5.2,621.1
24,15,1,2,0.8,0.1,0,0.1,0,0.7,0.1,0.7,110.8
27,15,1,9,4.1,1.3,0.2,0,0.1,4.1,0.3,3.8,476.2
28,15,1,25,11.5,3.5,0.6,0,0.4,11.5,0.8,10.5,1322.7
29,15,1,11,5,1.5,0.3,0,0.2,5,0.4,4.6,582
31,15,1,15,6.5,1,0,0,0,6.5,0.5,6,719
39,15,1,2,0.9,0.3,0,0,0,0.9,0.1,0.9,105.2
43,15,1,3,1.2,0.1,0,0,0.1,1.2,0.1,1.1,146
44,15,1,2,0.8,0.1,0,0,0.1,0.8,0.1,0.7,97.3
45,15,0,50,16,3,2,0,0,16,0,15,1981
46,15,0,32,20,12,0,0,2,20,2,15,2360
47,15,0,42,20,8,0,6,3,14,0,13,2509
48,15,0,63.5,31,10,1,4,4,27,5,20,3441
49,15,0,29,12,3,0,0,0,12,1,11,1333
50,15,1,18,6,0,0.3,0,0.8,6,0,5.2,706
51,15,1,25.5,8.6,0,0.4,0,1.2,8.6,0,7.4,1000.1
54,15,1,5,1.7,0,0.1,0,0.2,1.7,0,1.5,196.1
55,15,1,14,5.7,1.7,0.3,0.4,0,5.3,1,5,649
56,15,1,20,8.1,2.4,0.5,0.5,0,7.6,1.4,7.1,927.1
67,15,1,9,3.2,0.3,0.3,0,0.1,3.2,0.1,3,339.6
68,15,0,70.5,26,1,2,0,2,26,2,24,3083
69,15,0,70,31,9,2,0,1,31,3,30,3059
70,15,0,42,20,5,0,1,3,19,0,16,2554
71,15,0,28.5,13,2,0,0,2,13,1,8,1626
75,15,1,11,4.1,0.6,0,0,0.4,4.1,0,3.3,455
76,15,1,2,0.7,0.1,0,0,0.1,0.7,0,0.6,82.7
77,15,1,1,0.4,0.1,0,0,0,0.4,0,0.3,41.4
86,15,1,18,6.8,1.5,0.3,0.3,0.3,6.5,0.6,5.7,856.9
87,15,1,1,0.4,0.1,0,0,0,0.4,0,0.3,47.6
88,15,1,2,0.8,0.2,0,0.1,0,0.7,0.1,0.6,95.2
121,15,1,8,3,0.4,0.2,0.2,0.2,2.8,0.1,2.1,339.8
122,15,1,22.5,8.5,1.1,0.7,0.7,0.4,7.8,0.2,5.8,955.7
123,15,0,67,38,20,1,18,4,20,6,20,3258
124,15,1,15,5.7,0.7,0.4,0.5,0.3,5.2,0.1,3.9,637.2
126,15,1,20,7.9,1.7,0.6,0.7,0.2,7.2,0.6,5.5,942.3
127,15,1,23,9.1,2,0.7,0.8,0.2,8.3,0.7,6.4,1083.7
12,16,1,1,0.5,0.2,0,0,0,0.5,0,0.4,71.2
15,16,1,2,0.7,0,0,0,0,0.7,0,0.7,88.7
17,16,1,13,4.9,0.2,0,0,0.3,4.9,0.3,4.9,576.7
18,16,1,15,5.6,0.2,0,0,0.4,5.6,0.4,5.6,665.4
20,16,1,8,3,0.5,0.1,0.2,0.1,2.8,0.3,2.6,443.1
25,16,1,8,3.7,1.1,0.2,0,0.1,3.7,0.3,3.3,423.3
26,16,0,23.5,11,2,0,3,4,8,0,9,1463
27,16,1,15,6.9,2.1,0.4,0,0.2,6.9,0.5,6.3,793.6
28,16,1,2,0.9,0.3,0,0,0,0.9,0.1,0.8,105.8
29,16,1,15,6.9,2.1,0.4,0,0.2,6.9,0.5,6.3,793.6
30,16,1,1,0.4,0.1,0,0,0,0.4,0,0.4,47.9
43,16,0,23,11,3,0,0,1,11,0,10,1269
44,16,0,51,21,5,2,0,0,21,3,20,2124
45,16,0,18,11,6,0,0,1,11,1,10,1247
46,16,1,6,2,0.3,0.3,0,0,2,0.2,1.5,277.1
47,16,1,24,8,1.4,1.4,0,0,8,0.7,6.1,1108.3
48,16,0,37,19,9,1,0,4,19,4,17,2341
49,16,1,20,6.7,1.2,1.2,0,0,6.7,0.6,5.1,923.6
50,16,1,4,1.3,0,0.1,0,0.2,1.3,0,1.2,156.9
52,16,1,3,1,0,0,0,0.1,1,0,0.9,117.7
55,16,1,2,0.8,0.2,0,0,0,0.8,0.1,0.7,92.7
56,16,1,6,2.4,0.7,0.1,0.1,0,2.3,0.4,2.1,278.1
67,16,1,32,11.3,1.2,1.2,0,0.4,11.3,0.4,10.5,1207.4
68,16,0,74,29,7,3,0,5,29,1,26,3074
69,16,0,75,27,4,2,0,2,27,4,22,2711
70,16,0,45,15,3,1,0,1,15,0,14,1755
71,16,1,18,6.2,1.2,0.7,0.2,0.2,6,0.5,5,692.3
76,16,1,4.5,1.7,0.2,0,0,0.2,1.7,0,1.4,186.1
77,16,1,8,3,0.4,0,0,0.3,3,0,2.4,330.9
78,16,1,2,0.7,0.1,0,0,0.1,0.7,0,0.6,82.7
85,16,1,5,1.9,0.4,0.1,0.1,0.1,1.8,0.2,1.6,238
86,16,1,27,10.3,2.3,0.4,0.4,0.4,9.9,0.8,8.6,1285.3
89,16,1,10,3.8,0.9,0.2,0.2,0.2,3.6,0.3,3.2,476
121,16,1,14,5.3,0.7,0.4,0.4,0.3,4.9,0.1,3.6,594.7
122,16,0,18.5,11,5,0,5,3,6,0,4,684
123,16,0,57,25,7,2,6,3,19,4,19,2609
124,16,1,6,2.3,0.3,0.2,0.2,0.1,2.1,0.1,1.6,254.9
126,16,1,2,0.8,0.2,0.1,0.1,0,0.7,0.1,0.6,94.2
127,16,1,2,0.8,0.2,0.1,0.1,0,0.7,0.1,0.6,94.2
12,17,1,4,1.9,0.8,0.1,0,0,1.9,0.1,1.8,285
14,17,1,3,1.4,0.6,0.1,0,0,1.4,0.1,1.3,213.7
15,17,1,6,2.2,0.1,0,0,0.1,2.2,0.1,2.2,266.2
17,17,1,8,3,0.1,0,0,0.2,3,0.2,3,354.9
20,17,1,14.5,5.5,0.9,0.2,0.5,0.2,5,0.5,4.8,803.1
24,17,1,4,1.5,0.3,0.1,0.1,0.1,1.4,0.1,1.3,221.5
25,17,1,8,3.7,1.1,0.2,0,0.1,3.7,0.3,3.3,423.3
30,17,1,9,3.9,0.6,0,0,0,3.9,0.3,3.6,431.4
39,17,1,10,4.5,1.4,0.2,0,0.2,4.5,0.5,4.3,526.2
40,17,0,28,12,4,1,0,2,12,1,10,1315
41,17,1,4,1.6,0.1,0,0,0.1,1.6,0.1,1.5,194.7
43,17,1,3,1.2,0.1,0,0,0.1,1.2,0.1,1.1,146
44,17,1,12,4.9,0.4,0,0,0.4,4.9,0.4,4.4,584
45,17,1,12,4,0.7,0.7,0,0,4,0.3,3,554.2
46,17,1,20,6.7,1.2,1.2,0,0,6.7,0.6,5.1,923.6
47,17,1,6,2,0.3,0.3,0,0,2,0.2,1.5,277.1
66,17,1,2,0.7,0.1,0.1,0,0,0.7,0,0.7,75.5
67,17,1,5,1.8,0.2,0.2,0,0.1,1.8,0.1,1.6,188.7
68,17,0,50,22,4,0,0,2,22,1,20,2667
69,17,0,23,12,5,0,2,1,10,0,10,1112
70,17,1,30,10.4,2,1.2,0.3,0.3,10.1,0.9,8.4,1153.8
71,17,1,4,1.4,0.3,0.2,0,0,1.4,0.1,1.1,153.8
73,17,1,19,6.6,1.3,0.7,0.2,0.2,6.4,0.5,5.3,730.8
74,17,1,1,0.3,0.1,0,0,0,0.3,0,0.3,38.5
85,17,1,22,8.4,1.9,0.3,0.4,0.3,8,0.7,7,1047.3
86,17,1,20,7.6,1.7,0.3,0.3,0.3,7.3,0.6,6.4,952.1
111,17,1,1,0.4,0.1,0,0,0.1,0.4,0,0.3,41.7
121,17,1,13,4.9,0.6,0.4,0.4,0.3,4.5,0.1,3.4,552.2
122,17,1,4,1.5,0.2,0.1,0.1,0.1,1.4,0,1,169.9
123,17,0,67,23,5,4,1,4,22,2,20,2681
124,17,1,18,6.8,0.9,0.5,0.5,0.4,6.3,0.2,4.7,764.6
125,17,0,145,54,12,6,23,14,31,4,17,4672
126,17,0,75.5,24,2,1,0,4,24,0,20,2608
14,18,1,2,1,0.4,0.1,0,0,1,0.1,0.9,142.5
20,18,1,14,5.3,0.9,0.2,0.4,0.2,4.9,0.4,4.6,775.4
21,18,1,4,1.5,0.3,0.1,0.1,0.1,1.4,0.1,1.3,221.5
22,18,1,5,1.9,0.3,0.1,0.2,0.1,1.7,0.2,1.7,276.9
24,18,1,2,0.8,0.1,0,0.1,0,0.7,0.1,0.7,110.8
25,18,1,10,4.6,1.4,0.2,0,0.2,4.6,0.3,4.2,529.1
26,18,1,12,5.5,1.7,0.3,0,0.2,5.5,0.4,5,634.9
27,18,1,6,2.8,0.8,0.1,0,0.1,2.8,0.2,2.5,317.5
38,18,1,7,3.1,1,0.1,0,0.1,3.1,0.4,3,368.3
39,18,1,39,17.5,5.4,0.7,0,0.7,17.5,2,16.8,2052.2
40,18,0,65,34,12,1,7,3,27,3,21,3305
41,18,0,31.5,15,5,1,2,2,13,0,15,1418
42,18,1,2,0.8,0.1,0,0,0.1,0.8,0.1,0.7,97.3
43,18,1,1,0.4,0,0,0,0,0.4,0,0.4,48.7
67,18,1,6,2.1,0.2,0.2,0,0.1,2.1,0.1,2,226.4
68,18,1,22,7.8,0.8,0.8,0,0.3,7.8,0.3,7.2,830.1
69,18,1,6,2.1,0.2,0.2,0,0.1,2.1,0.1,2,226.4
70,18,1,2,0.7,0.1,0.1,0,0,0.7,0.1,0.6,76.9
71,18,1,16,5.5,1.1,0.6,0.1,0.2,5.4,0.5,4.5,615.4
72,18,1,4,1.4,0.3,0.2,0,0,1.4,0.1,1.1,153.8
74,18,1,4,1.4,0.3,0.2,0,0,1.4,0.1,1.1,153.8
75,18,1,2,0.7,0.1,0,0,0.1,0.7,0,0.6,82.7
85,18,1,5,1.9,0.4,0.1,0.1,0.1,1.8,0.2,1.6,238
86,18,1,8,3,0.7,0.1,0.1,0.1,2.9,0.2,2.5,380.8
87,18,1,1,0.4,0.1,0,0,0,0.4,0,0.3,47.6
88,18,1,2,0.8,0.2,0,0.1,0,0.7,0.1,0.6,95.2
93,18,1,4,1.6,0.3,0.1,0.1,0.1,1.5,0.1,1.3,172.7
112,18,1,1,0.4,0.1,0,0,0.1,0.4,0,0.3,41.7
122,18,0,37.5,12,1,0,0,0,12,1,10,1299
123,18,0,62,22,3,5,4,3,18,2,17,2818
124,18,0,36,18,8,0,0,0,18,0,15,1826
125,18,0,126,47,10,2,11,6,36,1,30,4397
126,18,0,179,87,35,2,58,31,29,23,7,6244
127,18,1,3,1.2,0.3,0.1,0.1,0,1.1,0.1,0.8,141.4
19,19,1,16,6.9,1.7,0,0,0,6.9,0.3,6.6,786.3
20,19,1,14,5.4,1,0.4,0.4,0.4,5,0.3,4.9,588.9
24,19,1,16,6.2,1.2,0.4,0.5,0.4,5.7,0.3,5.6,673
25,19,1,3,1.1,0.2,0,0.1,0,1,0.1,1,166.2
26,19,1,3,1.1,0.2,0,0.1,0,1,0.1,1,166.2
36,19,1,4,1.5,0.3,0.1,0,0.1,1.5,0.1,1.4,198.7
37,19,1,3,1.2,0.2,0.1,0,0.1,1.2,0,1,149
38,19,1,11,4.3,0.7,0.4,0,0.4,4.3,0.2,3.7,546.5
39,19,0,36,15,5,2,2,3,13,4,10,1588
40,19,0,49,19,6,1,0,2,19,2,12,2137
41,19,0,33.5,15,2,0,0,1,15,0,14,1614
42,19,1,2,0.7,0.2,0.1,0,0,0.7,0.1,0.7,76.7
68,19,1,4,1.5,0.3,0.1,0.1,0.1,1.4,0.2,1.3,172.7
71,19,1,2,1,0.5,0,0.2,0,0.8,0,0.9,125.8
76,19,1,4,2.1,1,0,0.4,0,1.7,0,1.7,251.6
81,19,1,2,0.7,0.1,0,0,0.1,0.7,0,0.7,86.8
84,19,1,6,2.2,0.4,0,0,0.3,2.2,0.1,2,260.5
85,19,1,3,1.1,0.2,0,0,0.1,1.1,0,1,130.3
87,19,1,2,0.7,0.1,0,0,0.1,0.7,0,0.7,86.8
88,19,1,15,5.6,0.9,0,0,0.7,5.6,0.2,5.1,651.3
89,19,1,4,1.5,0.2,0,0,0.2,1.5,0.1,1.4,173.7
92,19,1,12,4.7,1,0.4,0.4,0.4,4.3,0.4,3.9,518.2
93,19,1,14,5.5,1.1,0.5,0.5,0.5,5,0.5,4.6,604.6
121,19,1,2,0.8,0.2,0,0,0.1,0.8,0.1,0.7,90.8
122,19,0,52,20,4,0,0,0,20,1,16,2193
123,19,0,26,15,8,0,9,1,6,2,11,1399
124,19,0,52,21,3,1,0,2,21,0,21,2427
125,19,0,104,32,1,5,0,3,32,1,29,3689
126,19,0,60,19,2,1,0,0,19,0,16,2029
127,19,1,6,2.5,0.4,0.1,0,0.1,2.5,0.1,2.5,382.1
0,20,1,7,3.8,1.1,0,0,0.8,3.8,0,3.5,422.2
9,20,1,1,0.4,0.1,0,0,0,0.4,0,0.4,49.1
19,20,0,46,18,7,4,0,1,18,1,18,1993
20,20,1,23,8.9,1.7,0.6,0.7,0.6,8.2,0.4,8,967.5
21,20,1,4,1.5,0.3,0.1,0.1,0.1,1.4,0.1,1.4,168.3
22,20,0,41,14,2,1,0,1,14,0,14,2000
23,20,0,52,19,0,1,3,5,16,0,18,2438
24,20,1,27,10.4,2,0.7,0.7,0.7,9.7,0.5,9.4,1135.7
36,20,1,22,8.5,1.4,0.7,0,0.7,8.5,0.4,7.5,1092.9
37,20,0,31,17,8,0,1,4,16,0,17,1721
38,20,1,2,0.8,0.1,0.1,0,0.1,0.8,0,0.7,99.4
39,20,0,39,22,9,0,2,1,20,2,16,2149
40,20,0,36.5,18,4,0,4,6,14,3,11,2173
41,20,0,36.5,16,6,1,1,1,15,1,13,1890
47,20,1,5,2.2,0.7,0.1,0,0.2,2.2,0.2,2.1,264.8
85,20,1,10.5,3.9,0.6,0,0,0.5,3.9,0.2,3.6,455.9
88,20,1,4,1.5,0.2,0,0,0.2,1.5,0.1,1.4,173.7
89,20,1,12,4.4,0.7,0,0,0.5,4.4,0.2,4.1,521.1
91,20,1,7,2.7,0.6,0.2,0.2,0.2,2.5,0.2,2.3,302.3
92,20,0,37,14,2,0,0,0,14,1,12,1586
93,20,1,29.5,11.6,2.4,1,1,1,10.6,1,9.6,1273.9
96,20,1,2,0.8,0.2,0.1,0.1,0.1,0.7,0.1,0.7,86.4
116,20,1,2,0.8,0.2,0,0,0.1,0.8,0.1,0.6,83.3
118,20,1,2,0.8,0.2,0,0,0.1,0.8,0.1,0.6,83.3
119,20,1,4,1.6,0.4,0.1,0,0.2,1.6,0.1,1.2,166.6
122,20,1,11,4.6,1,0.2,0.3,0.4,4.3,0.5,3.7,499.6
123,20,0,34,12,1,1,0,2,12,3,10,1444
124,20,0,37,15,1,0,0,2,15,0,14,1619
125,20,1,2,0.8,0.1,0,0,0,0.8,0,0.8,127.4
0,21,1,11,5.9,1.7,0,0,1.3,5.9,0,5.5,663.4
5,21,1,2,0.8,0.2,0.1,0,0,0.8,0,0.8,98.2
7,21,1,3,1.1,0.2,0.1,0,0,1.1,0.1,1.1,147.2
8,21,1,9,3.4,0.7,0.4,0,0,3.4,0.2,3.4,441.7
9,21,1,3,1.1,0.2,0.1,0,0,1.1,0.1,1.1,147.2
14,21,1,3,1.4,0.6,0.1,0,0,1.4,0.1,1.3,213.7
15,21,1,4,1.7,0.4,0,0,0,1.7,0.1,1.6,196.6
19,21,1,19,8.1,2,0,0,0,8.1,0.3,7.8,933.7
20,21,0,49,21,5,2,0,0,21,0,20,2022
22,21,0,32.5,13,3,0,0,1,13,0,12,1834
23,21,0,130,59,24,5,51,4,8,7,33,4512
24,21,0,45.5,19,6,1,16,4,3,3,8,1508
31,21,1,4,1.8,0.7,0.1,0,0.1,1.8,0.2,1.6,196.2
36,21,0,55,24,4,0,0,1,24,0,23,2623
37,21,0,28.5,13,4,1,1,0,12,0,9,1757
38,21,0,63,25,3,1,3,1,22,2,18,2871
39,21,0,62,30,11,2,4,4,26,3,19,3695
40,21,1,21.5,8,2.3,1.1,0.6,0,7.4,0.6,7.5,824.5
41,21,1,14,5.2,1.5,0.7,0.4,0,4.8,0.4,4.9,536.9
47,21,1,15,6.6,2,0.2,0,0.5,6.6,0.5,6.4,794.3
49,21,1,20,8.9,2.6,0.3,0,0.7,8.9,0.7,8.5,1059
50,21,1,10,3.4,0,0.2,0,0.5,3.4,0,2.9,392.2
60,21,1,11,4,0.9,0.4,0.1,0.3,3.9,0.5,3.7,474.9
61,21,1,21,7.7,1.7,0.7,0.2,0.6,7.5,0.9,7,906.6
62,21,1,5.5,2,0.4,0.2,0,0.1,2,0.2,1.8,237.4
70,21,1,1,0.5,0.2,0,0.1,0,0.4,0,0.4,62.9
77,21,1,2,1,0.5,0,0.2,0,0.8,0,0.9,125.8
78,21,1,5,2.6,1.2,0,0.5,0,2.1,0,2.1,314.5
79,21,1,4,2.1,1,0,0.4,0,1.7,0,1.7,251.6
86,21,1,7,2.6,0.4,0,0,0.3,2.6,0.1,2.4,304
92,21,1,17,6.7,1.4,0.6,0.6,0.6,6.1,0.6,5.6,734.1
110,21,1,7,2.8,0.6,0.1,0,0.4,2.8,0.2,2,291.6
118,21,0,28,14,5,0,0,1,14,0,12,1668
119,21,1,10,4,0.9,0.2,0,0.6,4,0.3,2.9,416.6
122,21,0,26,13,6,0,5,0,8,1,8,1201
123,21,1,2,0.8,0.2,0,0,0.1,0.8,0.1,0.7,90.8
124,21,1,4,1.7,0.4,0.1,0.1,0.1,1.6,0.2,1.3,181.7
125,21,0,88.5,37,8,2,0,11,37,5,24,2947
126,21,1,6,2.5,0.4,0.1,0,0.1,2.5,0.1,2.5,382.1
127,21,1,4,1.7,0.2,0,0,0,1.7,0,1.7,254.7
0,22,1,5,2.7,0.8,0,0,0.6,2.7,0,2.5,301.5
7,22,1,6,2.2,0.4,0.3,0,0,2.2,0.1,2.2,294.4
11,22,1,5,2.4,1,0.2,0,0,2.4,0.2,2.2,356.2
18,22,1,2,0.9,0.2,0,0,0,0.9,0,0.8,98.3
19,22,1,8,3.4,0.9,0,0,0,3.4,0.1,3.3,393.1
20,22,0,115,58,23,3,0,6,58,8,50,5142
21,22,1,2,0.8,0.1,0.1,0.1,0.1,0.7,0,0.7,84.1
22,22,1,23,8.9,1.7,0.6,0.7,0.6,8.2,0.4,8,967.5
23,22,0,122,51,17,4,36,4,15,8,49,4558
24,22,0,27,13,4,1,8,1,5,0,13,993
31,22,1,2,0.9,0.3,0,0,0,0.9,0.1,0.8,98.1
32,22,1,7,3.1,1.2,0.1,0,0.1,3.1,0.3,2.8,343.3
33,22,1,19,8.5,3.2,0.4,0,0.4,8.5,0.8,7.7,931.8
36,22,0,33,13,0,0,0,0,13,0,13,1372
37,22,1,6,2.3,0.4,0.2,0,0.2,2.3,0.1,2,298.1
38,22,0,33,12,2,1,0,0,12,1,10,1491
39,22,0,35,17,6,1,3,2,14,4,11,1821
46,22,1,5,2.2,0.7,0.1,0,0.2,2.2,0.2,2.1,264.8
47,22,0,36,12,1,1,0,0,12,1,9,1235
48,22,1,4,1.8,0.5,0.1,0,0.1,1.8,0.1,1.7,211.8
60,22,1,24,8.8,1.9,0.8,0.2,0.6,8.6,1,8,1036.1
61,22,0,46,16,1,0,0,3,16,0,16,1804
62,22,0,41,12,0,2,0,1,12,2,6,1660
79,22,1,3,1.6,0.7,0,0.3,0,1.3,0,1.3,188.7
87,22,1,2,0.7,0.1,0,0,0.1,0.7,0,0.7,86.8
92,22,1,2,0.8,0.2,0.1,0.1,0.1,0.7,0.1,0.7,86.4
94,22,1,3,1.2,0.2,0.1,0.1,0.1,1.1,0.1,1,129.6
109,22,1,27.5,9.4,2,1.5,1,1.5,8.4,0.5,3.5,851.3
110,22,1,5,2,0.5,0.1,0,0.3,2,0.2,1.5,208.3
117,22,0,27,11,3,0,0,1,11,0,11,1215
118,22,0,104,34,2,5,0,3,34,2,30,3990
119,22,0,55,20,2,1,0,1,20,2,17,2537
122,22,1,1,0.4,0.1,0,0,0,0.4,0,0.3,45.4
123,22,1,31,12.8,2.9,0.5,0.8,1.1,12,1.3,10.4,1408.1
127,22,1,11,4.6,0.7,0.1,0,0.1,4.6,0.1,4.6,700.5
7,23,1,16,6,1.2,0.8,0,0,6,0.4,6,785.2
11,23,1,3,1.4,0.6,0.1,0,0,1.4,0.1,1.3,213.7
17,23,1,4,1.7,0.4,0,0,0,1.7,0.1,1.6,196.6
18,23,1,3,1.3,0.3,0,0,0,1.3,0.1,1.2,147.4
20,23,0,178,90,36,4,55,15,35,11,66,6976
21,23,0,57,23,3,0,0,1,23,1,21,1895
22,23,0,58,37,20,0,0,3,37,2,37,3130
23,23,0,119.5,56,20,2,26,7,30,6,39,4353
24,23,0,52.5,21,4,3,7,3,14,2,19,1854
33,23,1,5,2.2,0.9,0.1,0,0.1,2.2,0.2,2,245.2
34,23,1,10,4.5,1.7,0.2,0,0.2,4.5,0.4,4,490.4
35,23,1,2,0.8,0.1,0.1,0,0.1,0.8,0,0.7,99.4
37,23,1,4,1.5,0.3,0.1,0,0.1,1.5,0.1,1.4,198.7
38,23,1,2,0.8,0.1,0.1,0,0.1,0.8,0,0.7,99.4
39,23,1,6,2.3,0.4,0.2,0,0.2,2.3,0.1,2,298.1
46,23,0,34,13,2,1,1,1,12,0,12,1419
47,23,1,12,5.3,1.6,0.2,0,0.4,5.3,0.4,5.1,635.4
58,23,1,27,11.3,2.5,1,0,1.5,11.3,0,9.3,1285.2
59,23,1,28,11.7,2.5,1,0,1.5,11.7,0,9.7,1332.8
60,23,1,36,13.2,2.8,1.3,0.3,0.9,12.9,1.6,11.9,1554.1
61,23,1,10,3.7,0.8,0.3,0.1,0.3,3.6,0.4,3.3,431.7
62,23,1,3,1.1,0.2,0.1,0,0.1,1.1,0.1,1,129.5
90,23,1,14,5.5,1.1,0.5,0.5,0.5,5,0.5,4.6,604.6
91,23,1,12,4.7,1,0.4,0.4,0.4,4.3,0.4,3.9,518.2
92,23,1,1,0.4,0.1,0,0,0,0.4,0,0.3,43.2
93,23,1,2,0.8,0.2,0.1,0.1,0.1,0.7,0.1,0.7,86.4
94,23,1,3,1.2,0.2,0.1,0.1,0.1,1.1,0.1,1,129.6
109,23,1,4,1.4,0.3,0.2,0.2,0.2,1.2,0.1,0.5,123.8
110,23,1,2,0.8,0.2,0,0,0.1,0.8,0.1,0.6,83.3
117,23,1,2,0.8,0.2,0,0,0.1,0.8,0.1,0.6,83.3
118,23,1,29,11.6,2.7,0.4,0,1.8,11.6,0.9,8.5,1208.2
119,23,0,85.5,30,3,0,0,5,30,2,22,3369
120,23,1,6,2.5,0.6,0.1,0.2,0.2,2.3,0.3,2,272.5
121,23,1,17,7,1.6,0.3,0.4,0.6,6.6,0.7,5.7,772.2
122,23,1,17,7,1.6,0.3,0.4,0.6,6.6,0.7,5.7,772.2
123,23,1,15,6.2,1.4,0.3,0.4,0.5,5.8,0.6,5,681.3
124,23,1,10,4.1,0.9,0.2,0.2,0.3,3.9,0.4,3.4,454.2
125,23,1,8,3.3,0.5,0.1,0,0.1,3.3,0.1,3.3,509.5
126,23,1,2,0.8,0.1,0,0,0,0.8,0,0.8,127.4
20,24,0,134.5,50,12,7,14,9,36,4,22,4960
21,24,0,252,140,74,5,110,19,30,22,22,9629
22,24,0,75,51,30,0,51,7,0,6,22,3156
23,24,1,25,9.3,2.5,1.1,4.3,0.4,5,0.7,6.8,927.9
24,24,1,18,6.7,1.8,0.8,3.1,0.3,3.6,0.5,4.9,668.1
34,24,1,1,0.5,0.2,0,0,0,0.5,0,0.3,49.1
35,24,0,24,11,3,0,0,1,11,1,9,1214
36,24,0,27,12,6,1,2,0,10,1,6,1395
58,24,0,29,13,4,0,0,0,13,2,12,1512
59,24,0,33,15,6,1,1,1,14,0,14,2071
60,24,1,10,5.5,2,0,0,0,5.5,0.5,4,614
61,24,1,5,2.8,1,0,0,0,2.8,0.2,2,307
65,24,1,2,0.7,0.1,0,0,0,0.7,0.1,0.6,81.8
69,24,1,2,0.7,0.1,0,0,0,0.7,0.1,0.6,81.8
72,24,1,3,1.2,0.3,0.1,0,0,1.2,0.1,1.1,148.5
85,24,1,6,2.1,0.1,0.1,0,0.1,2.1,0.1,2,272.1
86,24,1,22,7.6,0.5,0.5,0,0.5,7.6,0.3,7.3,997.9
87,24,1,2,0.7,0,0,0,0,0.7,0,0.7,90.7
90,24,1,4,1.4,0.3,0.1,0,0.1,1.4,0.1,1.4,166.5
91,24,1,13,4.5,0.9,0.5,0,0.2,4.5,0.5,4.5,541
96,24,1,3,1.1,0.2,0.1,0,0.1,1.1,0,1,131.2
101,24,1,2,0.8,0.2,0.1,0,0.1,0.8,0.2,0.8,121
108,24,1,2,1,0.4,0.1,0,0.1,1,0.2,0.7,107.5
118,24,1,13,4.7,0.6,0.4,0,0.4,4.7,0.3,4.1,513.7
119,24,0,51.5,17,2,1,0,2,17,2,14,2133
120,24,1,19,6.7,0.8,0.5,0.2,0.8,6.5,0.5,5.8,814.3
121,24,1,22.5,8,0.9,0.6,0.3,0.9,7.7,0.6,6.9,964.3
122,24,1,19,6.7,0.8,0.5,0.2,0.8,6.5,0.5,5.8,814.3
123,24,1,1,0.4,0,0,0,0,0.4,0,0.3,42.9
124,24,1,15,5.3,0.6,0.4,0.2,0.6,5.1,0.4,4.6,642.9
125,24,1,16,7,1.7,0.2,0,0.5,7,0.8,6.3,845.1
126,24,1,15,6.5,1.6,0.2,0,0.4,6.5,0.8,5.9,792.3
127,24,1,1,0.4,0.1,0,0,0,0.4,0.1,0.4,52.8
7,25,1,2,1.2,0.6,0,0,0,1.2,0.1,0.8,131.3
20,25,1,10,3.7,1,0.4,1.7,0.1,2,0.3,2.7,371.1
21,25,0,100,72,50,0,72,9,0,11,15,5247
22,25,0,375.5,229,137,6,229,34,0,59,2,15973
23,25,0,214.5,118,64,6,118,22,0,35,0,7879
24,25,1,14,5.2,1.4,0.6,2.4,0.2,2.8,0.4,3.8,519.6
26,25,0,36,15,4,2,0,0,15,1,13,1672
27,25,0,61,27,5,1,0,2,27,1,25,2913
28,25,1,10,3.8,0.8,0.5,0,0,3.8,0.3,3,448.4
35,25,1,15,6.8,0.8,0,0.4,1.1,6.4,0,4.5,769.1
36,25,1,15,6.8,0.8,0,0.4,1.1,6.4,0,4.5,769.1
56,25,1,5,2.1,0.8,0.2,0.5,0.3,1.6,0.1,1.3,280.7
57,25,0,22,11,6,1,0,0,11,2,8,1414
58,25,1,11.5,4.9,1.9,0.5,1.1,0.6,3.8,0.3,3,645.7
59,25,1,13,5.5,2.1,0.5,1.2,0.7,4.3,0.4,3.4,729.9
60,25,1,4,2.2,0.8,0,0,0,2.2,0.2,1.6,245.6
70,25,1,1,0.4,0.1,0,0,0,0.4,0,0.4,49.5
75,25,1,3,1.3,0.3,0.1,0,0.2,1.3,0.1,1.1,178.5
85,25,1,5,1.7,0.1,0.1,0,0.1,1.7,0.1,1.7,226.8
86,25,1,4,1.4,0.1,0.1,0,0.1,1.4,0,1.3,181.4
93,25,1,8,2.8,0.6,0.3,0,0.1,2.8,0.3,2.8,332.9
107,25,1,1,0.5,0.2,0,0,0,0.5,0.1,0.3,53.7
108,25,1,3,1.4,0.7,0.1,0,0.1,1.4,0.3,1,161.2
110,25,1,8,2.6,0.3,0.1,0,0.3,2.6,0.1,2.2,324
117,25,1,5,1.8,0.2,0.2,0,0.2,1.8,0.1,1.6,197.6
118,25,0,54,19,2,2,0,3,19,0,15,2226
119,25,0,41,17,4,0,0,0,17,1,15,1832
120,25,1,18,6.4,0.7,0.5,0.3,0.7,6.1,0.5,5.5,771.5
121,25,1,20,7.1,0.8,0.5,0.3,0.8,6.8,0.5,6.1,857.2
122,25,1,13,4.6,0.5,0.3,0.2,0.5,4.4,0.3,4,557.2
125,25,1,2,0.9,0.2,0,0,0.1,0.9,0.1,0.8,105.6
126,25,1,3,1.3,0.3,0,0,0.1,1.3,0.2,1.2,158.5
10,26,1,1,0.4,0.1,0,0,0,0.4,0,0.3,58.4
15,26,1,2,0.9,0.2,0,0,0.1,0.9,0,0.7,116.7
20,26,0,26,13,3,0,2,1,11,1,12,1324
21,26,0,174,95,53,3,95,19,0,29,0,6219
22,26,0,168.5,103,64,3,103,6,0,24,42,6916
23,26,0,102.5,60,36,2,60,3,0,20,0,4379
24,26,1,2,0.7,0.2,0.1,0.3,0,0.4,0.1,0.5,74.2
26,26,0,23.5,11,3,0,0,2,11,1,11,1115
27,26,0,37,18,6,2,0,1,18,0,17,1850
30,26,1,2,1,0.4,0,0.1,0,0.9,0.1,0.6,98.3
56,26,0,30.5,11,1,2,0,1,11,0,10,1183
57,26,0,47,23,8,0,2,1,21,1,19,2408
58,26,1,6,2.5,1,0.2,0.6,0.3,1.9,0.2,1.6,336.9
59,26,1,9,3.8,1.5,0.4,0.9,0.5,2.9,0.2,2.3,505.3
66,26,1,3,1,0.1,0.1,0,0.1,1,0.1,0.9,122.7
68,26,1,1,0.3,0,0,0,0,0.3,0,0.3,40.9
69,26,1,3,1,0.1,0.1,0,0.1,1,0.1,0.9,122.7
73,26,1,11,4.2,1.1,0.3,0,0,4.2,0.3,3.9,544.4
74,26,1,6,2.3,0.6,0.2,0,0,2.3,0.2,2.2,296.9
85,26,1,2,0.7,0,0,0,0,0.7,0,0.7,90.7
86,26,1,4,1.4,0.1,0.1,0,0.1,1.4,0,1.3,181.4
92,26,1,1,0.3,0.1,0,0,0,0.3,0,0.3,41.6
95,26,1,1,0.4,0.1,0,0,0,0.4,0,0.3,43.7
96,26,1,2,0.7,0.2,0.1,0,0.1,0.7,0,0.6,87.5
99,26,1,5,1.8,0.4,0.2,0,0.2,1.8,0.1,1.6,218.7
102,26,1,10,4,1,0.5,0,0.5,4,0.8,3.8,605
103,26,1,3,1.2,0.3,0.1,0,0.1,1.2,0.2,1.1,181.5
109,26,1,9,4.3,2,0.4,0,0.4,4.3,0.8,3.1,483.7
110,26,1,4,1.3,0.1,0,0,0.1,1.3,0,1.1,162
111,26,1,2,0.7,0.1,0,0,0.1,0.7,0,0.5,81
117,26,1,18.5,6.6,0.9,0.6,0,0.6,6.6,0.5,5.9,731.1
118,26,0,37,13,1,0,0,1,13,1,11,1524
119,26,1,8,2.9,0.4,0.3,0,0.3,2.9,0.2,2.5,316.1
120,26,1,10,3.5,0.4,0.3,0.1,0.4,3.4,0.3,3.1,428.6
121,26,1,14,5,0.6,0.4,0.2,0.6,4.8,0.4,4.3,600
122,26,0,38,11,0,1,0,0,11,0,11,1357
123,26,1,30.5,10.8,1.2,0.8,0.4,1.2,10.4,0.8,9.3,1307.2
124,26,0,57,22,1,1,7,2,15,1,8,2421
125,26,0,51,18,3,2,0,0,18,0,12,1878
126,26,1,7,3,0.8,0.1,0,0.2,3,0.4,2.8,369.7
127,26,1,19,8.3,2,0.2,0,0.5,8.3,1,7.5,1003.6
13,27,1,3,1.3,0.3,0.1,0,0.1,1.3,0,1,175.1
16,27,1,5,2.2,0.5,0.1,0,0.2,2.2,0,1.7,291.8
17,27,1,1,0.4,0.1,0,0,0,0.4,0,0.3,58.4
19,27,1,11,4.8,1,0.2,0,0.4,4.8,0,3.8,642
20,27,0,135,77,42,2,51,8,26,12,44,6136
21,27,0,369,216,130,8,216,29,0,58,14,14197
22,27,0,272.5,156,89,6,156,23,0,52,0,10451
23,27,0,93.5,62,40,1,62,8,0,13,0,4053
24,27,1,1,0.4,0.1,0,0.2,0,0.2,0,0.3,37.1
25,27,0,39,18,3,1,0,1,18,1,17,1695
26,27,1,7,2.6,0.6,0.4,0,0,2.6,0.2,2.1,313.9
30,27,1,7,3.4,1.4,0,0.2,0,3.2,0.2,2.3,344
31,27,1,3,1.4,0.6,0,0,0,1.4,0.1,1,147.4
32,27,1,20,9.7,3.9,0,0.5,0,9.2,0.7,6.4,983
33,27,1,14,6.8,2.7,0,0.3,0,6.5,0.5,4.5,688.1
56,27,1,10,4.2,1.6,0.4,0.9,0.5,3.3,0.3,2.6,561.5
57,27,1,15,6.3,2.4,0.6,1.4,0.8,4.9,0.4,3.9,842.2
65,27,1,22.5,7.4,0.8,0.4,0,0.4,7.4,0.8,7,920.3
66,27,1,13,4.3,0.5,0.2,0,0.2,4.3,0.5,4.1,531.8
72,27,1,2,0.8,0.2,0.1,0,0,0.8,0.1,0.7,99
73,27,1,5,1.9,0.5,0.1,0,0,1.9,0.1,1.8,247.4
85,27,1,5,1.7,0.1,0.1,0,0.1,1.7,0.1,1.7,226.8
86,27,1,15,5.2,0.4,0.4,0,0.4,5.2,0.2,5,680.4
89,27,1,7,2.4,0.2,0.2,0,0.2,2.4,0.1,2.3,317.5
90,27,1,15,5.2,1,0.5,0,0.3,5.2,0.5,5.2,624.3
91,27,1,10,3.5,0.7,0.3,0,0.2,3.5,0.3,3.5,416.2
92,27,1,3.5,1.2,0.2,0.1,0,0.1,1.2,0.1,1.2,145.7
95,27,1,7,2.6,0.5,0.2,0,0.2,2.6,0.1,2.3,306.2
96,27,1,2,0.7,0.2,0.1,0,0.1,0.7,0,0.6,87.5
104,27,1,7,2.8,0.7,0.3,0,0.3,2.8,0.5,2.6,423.5
105,27,1,3,1.4,0.7,0.1,0,0.1,1.4,0.3,1,161.2
106,27,1,1,0.5,0.2,0,0,0,0.5,0.1,0.3,53.7
110,27,1,4,1.3,0.1,0,0,0.1,1.3,0,1.1,162
111,27,1,8,2.6,0.3,0.1,0,0.3,2.6,0.1,2.2,324
115,27,1,16,5.7,0.8,0.5,0,0.5,5.7,0.4,5.1,632.3
116,27,1,8,2.9,0.4,0.3,0,0.3,2.9,0.2,2.5,316.1
117,27,0,41,13,2,2,1,0,12,1,12,1966
118,27,1,3,1.1,0.1,0.1,0,0.1,1.1,0.1,1,118.6
119,27,1,2,0.7,0.1,0.1,0,0.1,0.7,0,0.6,79
120,27,1,26,9.2,1,0.7,0.3,1,8.9,0.7,7.9,1114.3
121,27,0,41.5,18,3,0,0,3,18,1,17,2312
122,27,0,40,13,1,1,0,1,13,0,12,1424
123,27,0,55.5,30,11,0,19,10,11,9,10,2520
124,27,0,44,16,4,1,0,2,16,2,13,1978
125,27,1,16,7,1.7,0.2,0,0.5,7,0.8,6.3,845.1
126,27,0,35.5,14,2,0,3,4,11,3,11,1515
127,27,1,2,0.9,0.2,0,0,0.1,0.9,0.1,0.8,105.6
3,28,1,3,1.7,0.9,0,0,0,1.7,0.1,1.3,197
13,28,1,3,1.3,0.3,0.1,0,0.1,1.3,0,1,175.1
14,28,1,10,4.4,0.9,0.2,0,0.4,4.4,0,3.5,583.6
15,28,1,4,1.7,0.4,0.1,0,0.1,1.7,0,1.4,233.5
19,28,1,15,6.5,1.4,0.3,0,0.5,6.5,0,5.2,875.5
20,28,0,48,26,11,0,0,1,26,2,25,2312
21,28,0,87.5,56,30,0,24,6,32,8,32,3767
22,28,0,173.5,97,57,4,85,8,12,29,28,6469
25,28,1,18,6.8,1.5,1,0,0,6.8,0.5,5.4,807.1
26,28,1,1,0.4,0.1,0.1,0,0,0.4,0,0.3,44.8
29,28,1,1,0.4,0.1,0.1,0,0,0.4,0,0.3,44.8
30,28,1,11,5.3,2.1,0,0.2,0,5.1,0.4,3.5,540.6
31,28,1,22,10.6,4.3,0,0.5,0,10.1,0.8,7.1,1081.3
32,28,0,40.5,17,7,1,1,2,16,2,17,1950
33,28,1,7,3.4,1.4,0,0.2,0,3.2,0.2,2.3,344
57,28,1,4,1.7,0.7,0.2,0.4,0.2,1.3,0.1,1,224.6
63,28,1,1,0.6,0.2,0,0,0,0.6,0,0.4,61.4
66,28,1,4,1.3,0.1,0.1,0,0.1,1.3,0.1,1.3,163.6
67,28,1,4,1.3,0.1,0.1,0,0.1,1.3,0.1,1.3,163.6
69,28,1,3,1,0.1,0.1,0,0.1,1,0.1,0.9,122.7
70,28,1,9,3.5,0.9,0.2,0,0,3.5,0.2,3.2,445.4
71,28,1,2,0.8,0.2,0.1,0,0,0.8,0.1,0.7,99
75,28,1,2,0.9,0.2,0.1,0,0.1,0.9,0.1,0.7,119
84,28,1,2,0.8,0.2,0.1,0,0,0.8,0,0.7,101.7
87,28,1,6,2.1,0.1,0.1,0,0.1,2.1,0.1,2,272.1
89,28,1,3,1,0.1,0.1,0,0.1,1,0,1,136.1
90,28,1,3,1,0.2,0.1,0,0.1,1,0.1,1,124.9
99,28,1,1,0.4,0.1,0,0,0,0.4,0,0.3,43.7
103,28,1,6,2.4,0.6,0.3,0,0.3,2.4,0.4,2.2,363
104,28,1,12,4.8,1.2,0.6,0,0.6,4.8,0.9,4.5,726
105,28,1,4,1.9,0.9,0.2,0,0.2,1.9,0.3,1.4,215
113,28,1,4,1.3,0.1,0,0,0.1,1.3,0,1.1,162
114,28,1,61,19.9,1.9,0.6,0,1.9,19.9,0.6,16.7,2470.8
115,28,1,30,10.8,1.5,1,0,1,10.8,0.7,9.6,1185.6
116,28,1,4,1.4,0.2,0.1,0,0.1,1.4,0.1,1.3,158.1
117,28,1,1,0.4,0,0,0,0,0.4,0,0.3,39.5
118,28,1,14,5,0.7,0.5,0,0.5,5,0.3,4.5,553.3
119,28,0,60.5,22,2,1,0,4,22,1,16,2684
120,28,0,78,29,1,0,0,5,29,0,27,3082
121,28,0,25,12,3,0,0,0,12,0,12,1672
122,28,0,79.5,27,4,2,0,6,27,1,11,2775
123,28,1,18,6.4,0.7,0.5,0.3,0.7,6.1,0.5,5.5,771.5
125,28,1,19,8.3,2,0.2,0,0.5,8.3,1,7.5,1003.6
126,28,1,26,11.3,2.8,0.3,0,0.7,11.3,1.3,10.3,1373.3
127,28,0,29,12,1,1,3,2,9,1,7,1345
1,29,1,1,0.6,0.3,0,0,0,0.6,0,0.4,65.7
12,29,1,5,2,0.3,0,0,0.1,2,0,2,256.3
13,29,1,2,0.8,0.1,0,0,0,0.8,0,0.8,102.5
19,29,0,31,12,3,0,2,0,10,1,10,1352
20,29,1,8,4.1,1.1,0,0,0.6,4.1,0.2,3.1,362.4
21,29,0,71.5,32,11,1,1,2,31,2,31,2925
22,29,1,16,8.2,2.2,0,0,1.3,8.2,0.3,6.3,724.7
23,29,1,4,2,0.5,0,0,0.3,2,0.1,1.6,181.2
24,29,0,108,39,6,2,3,11,36,7,1,3199
25,29,1,4,1.4,0.2,0.2,0,0,1.4,0.1,1.3,155.1
27,29,1,3,1.1,0.2,0.2,0.1,0,1,0.1,0.9,116.4
28,29,1,2,0.7,0.1,0.1,0,0,0.7,0,0.6,77.6
29,29,1,5,1.8,0.3,0.3,0.1,0,1.7,0.1,1.6,193.9
30,29,0,23,12,5,0,0,0,12,0,12,1461
31,29,0,29,16,6,1,0,3,16,0,12,2015
32,29,1,17,6.9,1.4,0.7,0,1.4,6.9,0,5.1,832.3
55,29,1,2,0.8,0.2,0.1,0,0,0.8,0,0.7,89.2
59,29,1,2,0.8,0.2,0.1,0,0,0.8,0,0.7,89.2
63,29,1,4,1.3,0.2,0.2,0,0.2,1.3,0.1,1.1,159.6
64,29,1,2,0.6,0.1,0.1,0,0.1,0.6,0.1,0.5,79.8
67,29,1,1,0.4,0.1,0,0,0,0.4,0,0.3,47
68,29,1,10,3.7,0.9,0.3,0.1,0.3,3.6,0.2,3.2,470.1
69,29,1,1,0.4,0.1,0,0,0,0.4,0,0.3,47
70,29,1,11,4.7,1.2,0.4,0,0.8,4.7,0.4,3.9,654.5
83,29,1,8,3.2,0.9,0.2,0.1,0,3.1,0,2.8,406.7
84,29,1,12.5,5,1.3,0.4,0.2,0,4.8,0,4.4,635.5
85,29,1,14,5.3,0.9,0.2,0,0.3,5.3,0.5,5,684.8
86,29,1,14,5.3,0.9,0.2,0,0.3,5.3,0.5,5,684.8
87,29,1,6,2.3,0.4,0.1,0,0.1,2.3,0.2,2.2,293.5
88,29,1,22,8.4,1.5,0.3,0,0.5,8.4,0.8,7.9,1076.1
95,29,1,5,1.8,0.6,0.3,0,0.1,1.8,0.1,1.5,246.5
96,29,1,1,0.4,0.1,0.1,0,0,0.4,0,0.3,49.3
101,29,1,17,7.3,2,0.5,0.5,0.2,6.8,0.2,5.8,1004.4
102,29,1,7,3,0.8,0.2,0.2,0.1,2.8,0.1,2.4,413.6
103,29,1,5,2.1,0.6,0.1,0.1,0,2,0,1.7,295.4
104,29,1,21,9,2.4,0.6,0.6,0.2,8.4,0.2,7.1,1240.7
105,29,0,71,22,3,3,0,2,22,1,19,2451
106,29,1,4,1.4,0.4,0.2,0.2,0.1,1.2,0.2,1,181.8
115,29,1,22,8.6,1.7,0.8,0.3,1.1,8.3,0.8,7.8,993.6
116,29,0,25,13,4,0,0,1,13,1,10,1331
117,29,1,20,7.8,1.5,0.8,0.2,1,7.6,0.8,7.1,903.3
118,29,1,25,9.8,1.9,0.9,0.3,1.3,9.5,0.9,8.9,1129.1
119,29,0,62.5,22,2,2,0,3,22,3,21,2564
120,29,0,67,31,9,2,0,1,31,1,28,3280
121,29,1,19,7.8,1.5,1,1.3,1.8,6.5,1,5,911.8
122,29,0,77,32,12,4,19,3,13,6,13,2726
123,29,1,20,8.2,1.6,1.1,1.3,1.8,6.9,1.1,5.3,959.7
124,29,1,2,0.8,0.2,0.1,0.1,0.2,0.7,0.1,0.5,96
127,29,1,5,1.7,0.3,0.1,0,0.1,1.7,0.2,1.5,228.4
0,30,1,2,1.2,0.6,0,0,0,1.2,0.1,0.8,131.3
1,30,1,5,2.9,1.5,0,0,0,2.9,0.2,2.1,328.3
12,30,1,30,12.2,1.7,0.3,0,0.6,12.2,0.3,12.2,1537.9
18,30,1,6,2.5,0.5,0,0.1,0.1,2.4,0.2,2.1,302.6
19,30,1,10,4.1,0.9,0,0.1,0.1,4,0.4,3.5,504.4
20,30,1,5,2.5,0.7,0,0,0.4,2.5,0.1,2,226.5
21,30,1,18,9.2,2.5,0,0,1.4,9.2,0.4,7.1,815.3
22,30,0,33,15,6,1,12,2,3,2,1,1326
23,30,0,108.5,40,10,6,13,12,27,5,10,2998
24,30,0,88,32,4,3,3,10,29,4,1,2449
25,30,1,2,0.7,0.1,0.1,0,0,0.7,0,0.6,77.6
26,30,1,9,3.2,0.5,0.5,0.1,0.1,3.1,0.2,2.8,349.1
27,30,0,33,13,1,1,0,1,13,1,12,1598
28,30,1,2,0.7,0.1,0.1,0,0,0.7,0,0.6,77.6
29,30,1,10,3.6,0.5,0.5,0.2,0.1,3.4,0.2,3.1,387.8
30,30,0,57,25,6,1,0,2,25,2,23,2673
31,30,0,44,15,2,1,2,1,13,2,15,1567
53,30,1,13,4.9,1,0.4,0,0.3,4.9,0,4.3,579.6
54,30,1,1,0.4,0.1,0,0,0,0.4,0,0.3,44.6
59,30,1,2,0.8,0.2,0.1,0,0,0.8,0,0.7,89.2
61,30,1,6,1.9,0.2,0.3,0,0.3,1.9,0.2,1.6,239.4
63,30,1,2,0.6,0.1,0.1,0,0.1,0.6,0.1,0.5,79.8
64,30,1,1,0.3,0,0,0,0.1,0.3,0,0.3,39.9
65,30,1,4,1.5,0.3,0.1,0,0.1,1.5,0.1,1.3,188.1
67,30,1,3,1.1,0.3,0.1,0,0.1,1.1,0.1,1,141
68,30,0,56,19,2,0,0,0,19,0,18,2619
69,30,1,20,7.3,1.7,0.5,0.1,0.5,7.2,0.4,6.5,940.3
70,30,1,1,0.4,0.1,0,0,0.1,0.4,0,0.4,59.5
82,30,1,4,1.6,0.4,0.1,0.1,0,1.5,0,1.4,203.4
83,30,1,10,4,1.1,0.3,0.2,0,3.8,0,3.5,508.4
84,30,1,7,2.8,0.7,0.2,0.1,0,2.7,0,2.5,355.9
85,30,1,4,1.5,0.3,0.1,0,0.1,1.5,0.1,1.4,195.7
86,30,1,2,0.8,0.1,0,0,0,0.8,0.1,0.7,97.8
87,30,1,6,2.3,0.4,0.1,0,0.1,2.3,0.2,2.2,293.5
88,30,1,13.5,5.1,0.9,0.2,0,0.3,5.1,0.5,4.8,660.4
91,30,1,8,3,0.6,0.2,0,0.2,3,0.1,2.6,349.9
92,30,1,14,5.2,1.1,0.4,0,0.4,5.2,0.2,4.5,612.3
98,30,1,5,1.8,0.6,0.3,0,0.1,1.8,0.1,1.5,246.5
99,30,1,9,3.2,1.1,0.5,0,0.3,3.2,0.3,2.6,443.6
100,30,1,24,10.3,2.8,0.6,0.7,0.2,9.6,0.2,8.1,1417.9
101,30,0,46,18,6,2,3,4,15,1,12,1907
102,30,1,13,5.6,1.5,0.3,0.4,0.1,5.2,0.1,4.4,768
103,30,0,47,21,6,1,10,2,11,4,6,2137
104,30,0,29,11,3,1,0,1,11,0,9,1315
105,30,0,36,12,2,2,0,1,12,0,11,1426
106,30,1,3,1.1,0.3,0.1,0.1,0.1,1,0.1,0.8,136.4
111,30,1,4,1.3,0.1,0,0,0.1,1.3,0,1.1,162
116,30,1,1,0.4,0.1,0,0,0.1,0.4,0,0.4,45.2
117,30,0,39,11,1,1,0,0,11,0,9,1253
118,30,0,45,13,0,1,0,0,13,1,10,1697
119,30,0,71,28,5,0,0,1,28,2,27,2970
120,30,0,59,25,5,2,1,0,24,1,24,2700
121,30,0,24.5,12,5,0,4,1,8,2,6,1585
122,30,0,29,16,8,0,13,7,3,3,1,1186
123,30,0,43.5,21,9,0,16,4,5,4,4,1621
124,30,0,25.5,11,3,0,0,0,11,0,9,1331
125,30,1,17,5.8,1.1,0.5,0,0.2,5.8,0.5,5,776.6
126,30,1,25.5,8.7,1.6,0.7,0,0.3,8.7,0.8,7.4,1164.9
127,30,1,22,7.5,1.4,0.6,0,0.3,7.5,0.7,6.4,1005
7,31,1,1,0.6,0.3,0,0,0,0.6,0,0.4,65.7
8,31,1,3,1.7,0.9,0,0,0,1.7,0.1,1.3,197
11,31,1,5,2,0.3,0,0,0.1,2,0,2,256.3
12,31,1,11,4.5,0.6,0.1,0,0.2,4.5,0.1,4.5,563.9
18,31,1,12,5,1,0,0.2,0.1,4.8,0.4,4.2,605.3
21,31,0,70.5,16,3,8,0,2,16,12.8,0,736
25,31,1,5,1.8,0.3,0.3,0.1,0,1.7,0.1,1.6,193.9
26,31,0,92.5,57,33,2,36,9,21,1,18,4020
27,31,1,7,2.5,0.4,0.4,0.1,0.1,2.4,0.2,2.2,271.5
28,31,1,8,2.9,0.4,0.4,0.1,0.1,2.8,0.2,2.5,310.3
29,31,1,13,4.7,0.7,0.7,0.2,0.1,4.5,0.3,4.1,504.2
30,31,1,15,6.1,1.3,0.6,0,1.3,6.1,0,4.5,734.4
39,31,1,8,3.6,0.4,0,0.2,0.6,3.4,0,2.4,410.2
52,31,1,10,3.8,0.8,0.3,0,0.2,3.8,0,3.3,445.9
53,31,1,30,11.3,2.4,0.9,0,0.6,11.3,0,9.9,1337.6
54,31,1,12,4.5,1,0.4,0,0.2,4.5,0,3.9,535
60,31,1,3,1,0.1,0.1,0,0.2,1,0.1,0.8,119.7
61,31,1,25.5,8.1,1,1.2,0,1.4,8.1,0.8,6.8,1017.3
62,31,1,21,6.7,0.8,1,0,1.1,6.7,0.6,5.6,837.8
65,31,1,8,2.9,0.7,0.2,0,0.2,2.9,0.2,2.6,376.1
66,31,1,7,2.6,0.6,0.2,0.1,0.2,2.5,0.2,2.3,329.1
67,31,1,22,8.1,1.9,0.6,0.1,0.6,8,0.5,7.1,1034.3
68,31,1,28.5,10.4,2.5,0.8,0.1,0.8,10.3,0.6,9.2,1339.9
69,31,1,21,7.7,1.8,0.6,0.1,0.6,7.6,0.5,6.8,987.3
72,31,1,4,1.7,0.4,0.1,0,0.3,1.7,0.1,1.4,238
86,31,1,6,2.3,0.4,0.1,0,0.1,2.3,0.2,2.2,293.5
87,31,0,32,11,1,1,2,0,9,0,8,1523
88,31,1,5,1.9,0.3,0.1,0,0.1,1.9,0.2,1.8,244.6
91,31,1,4,1.5,0.3,0.1,0,0.1,1.5,0.1,1.3,175
92,31,1,2,0.7,0.2,0.1,0,0.1,0.7,0,0.6,87.5
98,31,1,1,0.4,0.1,0.1,0,0,0.4,0,0.3,49.3
99,31,0,36,11,1,1,0,0,11,1,11,1425
100,31,1,12,5.1,1.4,0.3,0.3,0.1,4.8,0.1,4.1,709
101,31,0,20,12,7,1,8,1,4,3,0,844
102,31,0,39.5,16,4,0,1,0,15,2,8,1736
103,31,0,27,12,4,0,10,3,2,4,3,855
104,31,1,2,0.9,0.2,0.1,0.1,0,0.8,0,0.7,118.2
106,31,1,6.5,2.4,0.6,0.3,0.3,0.2,2.1,0.3,1.7,295.5
116,31,1,2,0.8,0.2,0.1,0,0.1,0.8,0.1,0.7,90.3
117,31,1,7,2.7,0.5,0.3,0.1,0.4,2.6,0.3,2.5,316.2
120,31,0,43,15,3,2,4,3,11,1,12,1934
121,31,0,36.5,15,3,1,0,3,15,1,15,2088
122,31,0,44.5,19,4,1,6,6,13,2,7,2061
123,31,0,51,17,2,3,1,1,16,1,16,2499
124,31,0,50,20,2,1,0,2,20,1,17,2315
125,31,0,34,12,1,0,0,0,12,1,12,1594
126,31,1,26,8.8,1.6,0.7,0,0.3,8.8,0.8,7.6,1187.7
127,31,1,26,8.8,1.6,0.7,0,0.3,8.8,0.8,7.6,1187.7
0,32,1,7,4,2.2,0,0,0,4,0.3,3,459.6
11,32,1,3,1.2,0.2,0,0,0.1,1.2,0,1.2,153.8
12,32,1,11,4.5,0.6,0.1,0,0.2,4.5,0.1,4.5,563.9
13,32,1,10,4.1,0.6,0.1,0,0.2,4.1,0.1,4.1,512.6
14,32,1,14,5.7,0.8,0.1,0,0.3,5.7,0.1,5.7,717.7
17,32,1,16,6.6,1.4,0,0.2,0.2,6.4,0.6,5.7,807
18,32,1,9,3.7,0.8,0,0.1,0.1,3.6,0.3,3.2,454
25,32,1,13,4.7,0.7,0.7,0.2,0.1,4.5,0.3,4.1,504.2
26,32,0,109,38,6,8,0,12,38,4,27,3174
27,32,1,24,8.6,1.3,1.3,0.4,0.2,8.2,0.5,7.5,930.8
29,32,0,73,24,2,6,1,1,23,0,18,2668
30,32,1,6,2.4,0.5,0.3,0,0.5,2.4,0,1.8,293.7
36,32,1,2,0.9,0.1,0,0,0.2,0.9,0,0.6,102.6
45,32,1,2,0.8,0.2,0.1,0,0,0.8,0,0.7,89.2
51,32,1,4,1.5,0.3,0.1,0,0.1,1.5,0,1.3,178.3
52,32,1,2,0.8,0.2,0.1,0,0,0.8,0,0.7,89.2
53,32,1,6,2.3,0.5,0.2,0,0.1,2.3,0,2,267.5
62,32,1,1,0.3,0,0,0,0.1,0.3,0,0.3,39.9
64,32,1,18,5.7,0.7,0.8,0,1,5.7,0.5,4.8,718.1
65,32,1,15,5.5,1.3,0.4,0.1,0.4,5.4,0.3,4.9,705.2
66,32,1,25,9.2,2.2,0.7,0.2,0.7,9,0.5,8.1,1175.3
67,32,0,26,12,4,0,0,1,12,0,11,1610
68,32,1,11,4,0.9,0.3,0,0.3,4,0.2,3.6,517.1
72,32,1,2,0.9,0.2,0.1,0,0.1,0.9,0.1,0.7,119
84,32,1,2,0.8,0.2,0.1,0,0,0.8,0,0.7,101.7
85,32,0,33,13,3,0,0,0,13,0,10,1527
86,32,0,31,11,1,1,0,2,11,3,10,1275
87,32,0,35.5,16,7,2,0,1,16,4,11,1694
91,32,1,2,0.7,0.2,0.1,0,0.1,0.7,0,0.6,87.5
92,32,1,2,0.7,0.2,0.1,0,0.1,0.7,0,0.6,87.5
97,32,1,2,0.7,0.2,0.1,0,0.1,0.7,0.1,0.6,98.6
98,32,1,10,3.5,1.2,0.6,0,0.3,3.5,0.3,2.9,492.9
99,32,1,1,0.4,0.1,0.1,0,0,0.4,0,0.3,49.3
104,32,1,4,1.7,0.5,0.1,0.1,0,1.6,0,1.4,236.3
105,32,1,6,2.2,0.5,0.3,0.3,0.2,1.9,0.3,1.6,272.7
106,32,1,28,10.1,2.5,1.3,1.3,0.9,8.8,1.3,7.3,1272.8
107,32,1,5,1.8,0.5,0.2,0.2,0.2,1.6,0.2,1.3,227.3
119,32,1,2,0.8,0.2,0.1,0,0.1,0.8,0.1,0.7,90.3
120,32,1,4,1.6,0.3,0.2,0.2,0.4,1.4,0.2,1.1,191.9
121,32,1,1,0.4,0.1,0.1,0.1,0.1,0.3,0.1,0.3,48
123,32,0,36,12,2,1,0,1,12,1,12,1313
124,32,1,22.5,9.2,1.8,1.2,1.5,2.1,7.7,1.2,5.9,1079.7
125,32,1,16,5.4,1,0.4,0,0.2,5.4,0.5,4.7,730.9
126,32,1,14,4.8,0.9,0.4,0,0.2,4.8,0.4,4.1,639.5
127,32,1,4,1.4,0.2,0.1,0,0.1,1.4,0.1,1.2,182.7
0,33,1,1,0.6,0.3,0,0,0,0.6,0,0.4,65.7
7,33,1,1,0.6,0.3,0,0,0,0.6,0,0.4,65.7
11,33,1,13,5.3,0.7,0.1,0,0.2,5.3,0.1,5.3,666.4
12,33,1,2,0.8,0.1,0,0,0,0.8,0,0.8,102.5
15,33,1,3,1.2,0.3,0,0,0,1.2,0.1,1.1,151.3
16,33,1,5,2.1,0.4,0,0.1,0.1,2,0.2,1.8,252.2
17,33,1,21,8.7,1.8,0,0.3,0.3,8.4,0.8,7.4,1059.2
26,33,1,8,2.9,0.4,0.4,0.1,0.1,2.8,0.2,2.5,310.3
29,33,1,19,6.8,1,1,0.3,0.1,6.5,0.4,6,736.9
30,33,1,9,3.6,0.8,0.4,0,0.8,3.6,0,2.7,440.6
45,33,1,2,0.8,0.2,0.1,0,0,0.8,0,0.7,89.2
51,33,1,2,0.8,0.2,0.1,0,0,0.8,0,0.7,89.2
59,33,1,10.5,4,0.8,0.3,0,0.2,4,0,3.4,468.2
60,33,1,26,8.3,1,1.2,0,1.4,8.3,0.8,6.9,1037.2
63,33,1,2,0.6,0.1,0.1,0,0.1,0.6,0.1,0.5,79.8
64,33,1,20,6.4,0.8,0.9,0,1.1,6.4,0.6,5.3,797.9
66,33,1,9,3.3,0.8,0.2,0,0.2,3.3,0.2,2.9,423.1
71,33,1,3,1.3,0.3,0.1,0,0.2,1.3,0.1,1.1,178.5
72,33,1,1,0.4,0.1,0,0,0.1,0.4,0,0.4,59.5
73,33,1,1,0.4,0.1,0,0,0.1,0.4,0,0.4,59.5
84,33,1,20,7.9,2.1,0.6,0.3,0,7.6,0,7,1016.8
85,33,1,4,1.5,0.3,0.1,0,0.1,1.5,0.1,1.4,195.7
86,33,1,24,9.1,1.6,0.4,0,0.5,9.1,0.9,8.6,1174
87,33,0,72.5,24,4,2,0,2,24,3,22,2933
88,33,1,16,6.1,1.1,0.2,0,0.4,6.1,0.6,5.7,782.7
91,33,1,12,4.4,0.9,0.4,0,0.4,4.4,0.2,3.9,524.9
102,33,1,7,3,0.8,0.2,0.2,0.1,2.8,0.1,2.4,413.6
103,33,0,33,11,1,0,0,1,11,1,11,1128
105,33,1,24,8.7,2.2,1.1,1.1,0.8,7.6,1.1,6.2,1091
107,33,1,12,4.3,1.1,0.5,0.5,0.4,3.8,0.5,3.1,545.5
121,33,1,1.5,0.6,0.1,0.1,0.1,0.1,0.5,0.1,0.4,72
122,33,1,5,2,0.4,0.3,0.3,0.5,1.7,0.3,1.3,239.9
123,33,0,47,16,3,2,0,2,16,1,11,1911
124,33,1,1,0.4,0.1,0.1,0.1,0.1,0.3,0.1,0.3,48
0,34,1,1,0.4,0.2,0,0,0,0.4,0,0.4,59
9,34,1,4,1.6,0.2,0.1,0,0.2,1.6,0.1,1.4,205.7
10,34,1,2,0.9,0.2,0.1,0.1,0,0.8,0.1,0.7,111.7
11,34,1,5,2.2,0.6,0.1,0.3,0.1,1.9,0.2,1.8,279.2
16,34,1,13,5.4,1.8,0,0.5,0,4.9,0.4,5.4,568
17,34,1,3,1.2,0.4,0,0.1,0,1.1,0.1,1.2,131.1
25,34,1,27,9.8,2.1,2,0,0,9.8,1.4,8,1130.8
26,34,0,37,13,1,2,2,1,11,0,10,1464
27,34,1,17,6.2,1.4,1.2,0,0,6.2,0.9,5.1,712
28,34,1,24,8.7,1.9,1.7,0,0,8.7,1.3,7.2,1005.1
29,34,0,22,11,3,0,0,2,11,1,9,1179
30,34,1,21.5,7,1.2,0.6,0,0.3,7,0.6,6.1,778.7
35,34,1,12.5,5.4,1.4,0.3,0,0.7,5.4,0.5,4,528.1
36,34,1,13,5.6,1.5,0.4,0,0.7,5.6,0.5,4.2,549.3
44,34,1,5,2.1,0.3,0.2,0.3,0,1.8,0,1.4,232.5
49,34,1,4,2.2,1.2,0.1,0.7,0.2,1.5,0.4,1.8,221.7
50,34,1,4,1.4,0.2,0.1,0.1,0.2,1.3,0,0.9,153.6
51,34,1,2,0.7,0.1,0.1,0,0.1,0.7,0,0.4,76.8
64,34,1,2,0.8,0.1,0,0.1,0.1,0.7,0,0.7,92.8
73,34,1,4,1.8,0.4,0.1,0,0.1,1.8,0.2,1,204.7
84,34,1,7,2.4,0.4,0.3,0.1,0.2,2.3,0.2,2.1,264.7
86,34,1,5,2.2,0.5,0,0.1,0.4,2.1,0.1,2.1,264
87,34,1,23,10.2,2.3,0,0.6,1.7,9.6,0.6,9.7,1214.2
88,34,0,31,11,0,0,0,0,11,1,9,1297
90,34,1,2,0.7,0.1,0,0,0,0.7,0,0.6,96.3
92,34,1,4,1.4,0.2,0.1,0.1,0,1.3,0.1,1.3,192.6
102,34,1,7,2.6,0.1,0.2,0,0.3,2.6,0.1,2.3,317.4
103,34,1,22,8.2,0.3,0.5,0,0.9,8.2,0.3,7.2,997.7
104,34,1,4,1.5,0.1,0.1,0,0.2,1.5,0.1,1.3,181.4
105,34,1,9,3.4,0.8,0.3,0.6,0.2,2.8,0.5,2.6,392.8
111,34,1,6,2.6,0.9,0.1,0.1,0.1,2.5,0.1,2.2,341.9
117,34,1,5,1.6,0.1,0.2,0,0.1,1.6,0,1.5,209.2
118,34,1,14,4.5,0.3,0.6,0,0.3,4.5,0.1,4.2,585.6
0,35,1,4,1.8,0.7,0.1,0.1,0.1,1.7,0.2,1.4,236
3,35,1,5,2.2,0.9,0.1,0.1,0.1,2.1,0.2,1.8,295
10,35,1,4,1.8,0.5,0.1,0.2,0.1,1.6,0.2,1.4,223.3
16,35,0,23,11,4,1,0,1,11,1,10,1339
25,35,1,3,1.1,0.2,0.2,0,0,1.1,0.2,0.9,125.6
26,35,1,7,2.5,0.6,0.5,0,0,2.5,0.4,2.1,293.2
27,35,1,27,9.8,2.1,2,0,0,9.8,1.4,8,1130.8
28,35,1,18,6.6,1.4,1.3,0,0,6.6,1,5.4,753.9
29,35,0,44,18,5,1,4,2,14,1,10,1866
30,35,1,14,4.6,0.8,0.4,0,0.2,4.6,0.4,4,507
31,35,1,3,1,0.2,0.1,0,0,1,0.1,0.9,108.7
33,35,1,5,1.6,0.3,0.1,0,0.1,1.6,0.1,1.4,181.1
34,35,1,2,0.7,0.1,0.1,0,0,0.7,0.1,0.6,72.4
35,35,1,24,10.4,2.7,0.7,0,1.3,10.4,1,7.7,1014
36,35,1,11,4.8,1.2,0.3,0,0.6,4.8,0.5,3.5,464.8
43,35,1,1,0.4,0.1,0,0.1,0,0.3,0,0.3,46.5
44,35,1,12,5,0.8,0.4,0.8,0,4.2,0,3.4,558.1
45,35,1,4,2.2,1.2,0.1,0.7,0.2,1.5,0.4,1.8,221.7
46,35,1,1,0.6,0.3,0,0.2,0,0.4,0.1,0.4,55.4
47,35,1,4,2.2,1.2,0.1,0.7,0.2,1.5,0.4,1.8,221.7
48,35,0,33,14,5,1,11,1,3,3,2,1172
49,35,0,43.5,19,5,1,4,4,15,3,11,1893
50,35,0,48.5,19,4,0,0,1,19,2,16,2074
51,35,0,48,17,1,1,0,3,17,1,14,1866
54,35,1,20,7.2,1.2,0.7,0.4,0.9,6.8,0.2,4.4,768
61,35,1,2,0.8,0.1,0,0.1,0.1,0.7,0,0.7,92.8
63,35,1,6,2.3,0.4,0.1,0.1,0.2,2.2,0.1,2.1,278.5
64,35,1,2,0.8,0.1,0,0.1,0.1,0.7,0,0.7,92.8
71,35,1,5,2.2,0.6,0.1,0,0.1,2.2,0.3,1.3,255.9
74,35,1,1,0.4,0.1,0,0,0,0.4,0.1,0.3,51.2
82,35,1,9,3.1,0.5,0.4,0.1,0.2,3,0.2,2.8,340.4
84,35,1,26,8.9,1.5,1.2,0.3,0.6,8.6,0.6,8,983.3
85,35,0,72,19,0,5,0,2,19,0,18,2179
88,35,1,1,0.4,0.1,0,0,0.1,0.4,0,0.4,52.8
99,35,1,7,2.5,0.3,0.1,0.1,0,2.4,0.1,2.2,337.1
103,35,1,7,2.6,0.1,0.2,0,0.3,2.6,0.1,2.3,317.4
104,35,1,1,0.4,0,0,0,0,0.4,0,0.3,45.3
112,35,1,5,2.1,0.7,0.1,0.1,0.1,2,0.1,1.8,284.9
114,35,1,14,6,2,0.1,0.3,0.1,5.7,0.3,5.1,797.9
116,35,1,34.5,11.1,0.8,1.4,0,0.6,11.1,0.3,10.3,1443.2
117,35,1,21,6.7,0.5,0.9,0,0.4,6.7,0.2,6.2,878.4
118,35,1,10,3.2,0.2,0.4,0,0.2,3.2,0.1,3,418.3
0,36,1,4,1.8,0.7,0.1,0.1,0.1,1.7,0.2,1.4,236
8,36,1,13,5.1,0.8,0.3,0,0.5,5.1,0.3,4.6,668.4
9,36,1,10,4,0.6,0.2,0,0.4,4,0.2,3.5,514.2
15,36,1,7,2.9,1,0,0.2,0,2.7,0.2,2.9,305.8
16,36,0,41,18,5,1,3,2,15,6,11,2101
17,36,1,3,1.2,0.4,0,0.1,0,1.1,0.1,1.2,131.1
28,36,1,22,8,1.7,1.6,0,0,8,1.2,6.6,921.4
30,36,0,68,21,2,3,0,0,21,1,20,2116
31,36,1,15,4.9,0.8,0.4,0,0.2,4.9,0.4,4.3,543.3
34,36,1,1,0.3,0.1,0,0,0,0.3,0,0.3,36.2
35,36,1,2,0.9,0.2,0.1,0,0.1,0.9,0.1,0.6,84.5
43,36,1,4,1.7,0.3,0.1,0.3,0,1.4,0,1.1,186
44,36,1,2.5,1,0.2,0.1,0.1,0,0.9,0,0.7,116.3
45,36,1,12,6.8,3.8,0.2,2.3,0.5,4.5,1.2,5.2,665
46,36,1,6,3.4,1.9,0.1,1.1,0.2,2.3,0.6,2.6,332.5
47,36,0,47.5,22,10,2,13,3,9,6,7,2179
48,36,0,55.5,44,31,0,39,7,5,8,18,3114
49,36,0,45,27,12,0,24,9,3,6,3,1927
50,36,0,24,12,4,0,0,3,12,0,10,1275
51,36,1,22,7.9,1.3,0.8,0.4,0.9,7.5,0.2,4.9,844.8
52,36,1,26.5,9.5,1.6,0.9,0.4,1.1,9.1,0.2,5.9,1017.6
53,36,0,38,12,2,1,0,2,12,0,7,1372
54,36,1,30.5,10.9,1.8,1,0.5,1.3,10.4,0.3,6.8,1171.3
62,36,1,3,1.1,0.2,0.1,0,0.1,1.1,0,1,139.2
63,36,1,1,0.4,0.1,0,0,0,0.4,0,0.3,46.4
71,36,1,17,7.6,1.9,0.3,0,0.3,7.6,0.9,4.4,870.1
72,36,1,2,0.9,0.2,0,0,0,0.9,0.1,0.5,102.4
73,36,1,4,1.8,0.4,0.1,0,0.1,1.8,0.2,1,204.7
83,36,1,13,4.4,0.7,0.6,0.1,0.3,4.3,0.3,4,491.6
84,36,1,10,3.4,0.6,0.5,0.1,0.2,3.3,0.2,3.1,378.2
98,36,1,13,4.7,0.5,0.2,0.3,0,4.4,0.2,4.2,626
99,36,1,24,8.6,0.9,0.5,0.5,0,8.1,0.5,7.7,1155.6
100,36,1,8,3,0.1,0.2,0,0.3,3,0.1,2.6,362.8
102,36,1,14,5.2,0.2,0.3,0,0.5,5.2,0.2,4.6,634.9
103,36,0,65,20,1,4,0,2,20,0,18,2502
104,36,1,30,11.2,0.5,0.7,0,1.2,11.2,0.5,9.8,1360.5
105,36,1,26,9.7,2.2,0.9,1.8,0.4,7.9,1.3,7.5,1134.7
106,36,1,1,0.4,0.1,0,0.1,0,0.3,0.1,0.3,43.6
111,36,1,20,8.5,2.9,0.2,0.4,0.2,8.1,0.4,7.3,1139.8
112,36,1,10,4.3,1.5,0.1,0.2,0.1,4.1,0.2,3.6,569.9
113,36,1,9,3.8,1.3,0.1,0.2,0.1,3.6,0.2,3.3,512.9
114,36,1,9,3.8,1.3,0.1,0.2,0.1,3.6,0.2,3.3,512.9
115,36,1,2,0.6,0,0.1,0,0,0.6,0,0.6,83.7
116,36,0,50,15,1,1,0,1,15,0,15,1811
117,36,1,25.5,8.2,0.6,1.1,0,0.5,8.2,0.2,7.6,1066.7
1,37,1,6,2.7,1,0.1,0.1,0.1,2.6,0.3,2.2,354
4,37,1,8,3.6,1.4,0.2,0.2,0.2,3.4,0.3,2.9,472
7,37,1,7,2.8,0.4,0.1,0,0.3,2.8,0.1,2.5,359.9
8,37,1,6,2.4,0.4,0.1,0,0.2,2.4,0.1,2.1,308.5
15,37,0,33,20,12,1,9,1,11,2,9,1949
16,37,0,32,11,0,0,0,1,11,1,9,1150
28,37,1,5,1.8,0.4,0.4,0,0,1.8,0.3,1.5,209.4
29,37,1,1,0.4,0.1,0.1,0,0,0.4,0.1,0.3,41.9
30,37,1,9,2.9,0.5,0.2,0,0.1,2.9,0.2,2.6,326
31,37,1,3,1,0.2,0.1,0,0,1,0.1,0.9,108.7
43,37,1,1,0.4,0.1,0,0.1,0,0.3,0,0.3,46.5
44,37,1,4,1.7,0.3,0.1,0.3,0,1.4,0,1.1,186
45,37,1,17,9.6,5.3,0.4,3.2,0.7,6.4,1.8,7.4,942.1
46,37,0,129,66,32,3,39,8,27,17,23,5975
47,37,0,80,41,16,2,25,11,16,4,7,3584
48,37,0,103,53,21,1,27,5,26,3,28,4554
49,37,0,50,23,8,0,2,4,21,4,16,2358
50,37,0,80,37,12,1,0,3,37,3,27,3598
51,37,0,55,23,5,1,0,2,23,2,22,2530
52,37,0,63,19,1,5,0,3,19,1,16,2101
53,37,1,12,4.3,0.7,0.4,0.2,0.5,4.1,0.1,2.7,460.8
61,37,1,7,2.6,0.4,0.1,0.1,0.2,2.5,0.1,2.4,324.9
62,37,1,34,12.8,2.1,0.7,0.7,1,12.1,0.3,11.7,1578.2
63,37,1,7,2.6,0.4,0.1,0.1,0.2,2.5,0.1,2.4,324.9
68,37,1,3,1.1,0.2,0.1,0,0.1,1.1,0,1,139.2
69,37,1,6,2.3,0.4,0.1,0.1,0.2,2.2,0.1,2.1,278.5
71,37,1,2,0.9,0.2,0,0,0,0.9,0.1,0.5,102.4
72,37,1,6,2.7,0.7,0.1,0,0.1,2.7,0.3,1.6,307.1
73,37,1,5,2.2,0.6,0.1,0,0.1,2.2,0.3,1.3,255.9
74,37,1,2,0.9,0.2,0,0,0,0.9,0.1,0.5,102.4
78,37,1,12,3.6,0.3,0.3,0,0,3.6,0,3.6,445.9
84,37,1,6,2,0.3,0.3,0,0.1,2,0.1,1.8,226.9
97,37,1,1,0.4,0,0,0,0,0.4,0,0.3,48.2
102,37,1,2,0.7,0,0,0,0.1,0.7,0,0.7,90.7
103,37,1,8,3,0.1,0.2,0,0.3,3,0.1,2.6,362.8
104,37,1,14,5.2,0.2,0.3,0,0.5,5.2,0.2,4.6,634.9
105,37,1,10,3.7,0.8,0.3,0.7,0.2,3,0.5,2.9,436.4
106,37,1,7,2.6,0.6,0.2,0.5,0.1,2.1,0.4,2,305.5
112,37,1,8,3.4,1.2,0.1,0.2,0.1,3.2,0.2,2.9,455.9
113,37,1,3,1.3,0.4,0,0.1,0,1.2,0.1,1.1,171
114,37,1,4,1.7,0.6,0,0.1,0,1.6,0.1,1.5,228
115,37,1,6,1.9,0.1,0.2,0,0.1,1.9,0.1,1.8,251
116,37,1,19.5,6.2,0.4,0.8,0,0.4,6.2,0.2,5.8,815.7
117,37,1,6,1.9,0.1,0.2,0,0.1,1.9,0.1,1.8,251
118,37,0,34,11,0,2,0,4,11,1,9,1359
119,37,1,22,7,0.5,0.9,0,0.4,7,0.2,6.5,920.3
120,37,1,3,1.3,0.3,0.1,0,0.2,1.3,0.2,1,191.9
6,38,1,6,2.4,0.4,0.1,0,0.2,2.4,0.1,2.1,308.5
7,38,1,2,0.8,0.1,0,0,0.1,0.8,0,0.7,102.8
14,38,1,4,1.8,0.5,0.1,0.2,0.1,1.6,0.2,1.4,223.3
15,38,0,75,29,8,2,0,6,29,3,22,2691
16,38,0,132,61,17,2,0,2,61,12,55,4939
18,38,1,3,1.2,0.4,0,0.1,0,1.1,0.1,1.2,131.1
23,38,1,3,1.4,0.4,0,0.1,0.2,1.3,0.1,1,156.8
44,38,1,2,0.8,0.1,0.1,0.1,0,0.7,0,0.6,93
45,38,0,52,24,7,0,3,0,21,0,19,2629
46,38,0,44,24,9,0,14,6,10,2,11,2125
47,38,0,34,15,3,1,5,2,10,1,9,1679
48,38,0,40,20,7,0,4,3,16,3,13,1959
49,38,0,64,30,8,0,0,7,30,2,24,2894
50,38,0,110,51,14,4,0,7,51,5,40,4405
51,38,0,43,16,1,1,0,1,16,0,15,2188
52,38,0,30,12,2,0,0,1,12,0,12,1424
53,38,0,46.5,13,2,6,0,1,13,1,13,1626
61,38,1,3,1.1,0.2,0.1,0,0.1,1.1,0,1,139.2
62,38,1,13,4.9,0.8,0.3,0.3,0.4,4.6,0.1,4.5,603.4
68,38,1,8.5,3.2,0.5,0.2,0.2,0.3,3,0.1,2.9,394.5
69,38,1,1,0.4,0.1,0,0,0,0.4,0,0.3,46.4
70,38,1,2,0.9,0.2,0,0,0,0.9,0.1,0.5,102.4
73,38,1,3,1.3,0.3,0.1,0,0.1,1.3,0.2,0.8,153.6
74,38,1,1,0.4,0.1,0,0,0,0.4,0.1,0.3,51.2
77,38,1,1,0.3,0,0,0,0,0.3,0,0.3,37.2
78,38,1,24,7.1,0.6,0.6,0,0,7.1,0,7.1,891.9
83,38,1,10,3.4,0.6,0.5,0.1,0.2,3.3,0.2,3.1,378.2
84,38,1,7,2.4,0.4,0.3,0.1,0.2,2.3,0.2,2.1,264.7
85,38,1,8,3.6,0.8,0,0.2,0.6,3.4,0.2,3.4,422.3
86,38,1,3.5,1.6,0.3,0,0.1,0.3,1.5,0.1,1.5,184.8
90,38,1,2,0.7,0.1,0,0,0,0.7,0,0.6,96.3
103,38,1,10,3.7,0.2,0.2,0,0.4,3.7,0.2,3.3,453.5
104,38,1,2,0.7,0,0,0,0.1,0.7,0,0.7,90.7
105,38,1,6,2.2,0.5,0.2,0.4,0.1,1.8,0.3,1.7,261.9
111,38,1,2,0.9,0.3,0,0.1,0,0.8,0,0.7,114
114,38,1,6,2.6,0.9,0.1,0.1,0.1,2.5,0.1,2.2,341.9
115,38,1,18,5.8,0.4,0.7,0,0.3,5.8,0.2,5.4,753
116,38,1,9,2.9,0.2,0.4,0,0.2,2.9,0.1,2.7,376.5
119,38,1,26,8.3,0.6,1.1,0,0.5,8.3,0.2,7.7,1087.6
120,38,1,13,5.5,1.3,0.3,0,1,5.5,0.8,4.4,831.7
121,38,1,2,0.8,0.2,0,0,0.2,0.8,0.1,0.7,128
0,39,1,1,0.4,0.2,0,0,0,0.4,0,0.4,59
14,39,0,38,20,10,1,4,3,16,5,12,2556
15,39,0,41,21,8,1,5,5,16,5,13,1753
16,39,0,67.5,32,9,0,0,3,32,3,29,2681
25,39,1,1,0.5,0.1,0,0.1,0.1,0.4,0,0.3,52.2
27,39,1,2,1,0.2,0,0.1,0.1,0.9,0.1,0.7,104.5
43,39,1,18,8.1,2.8,0.8,1.3,0.8,6.8,0.3,6.3,850.8
44,39,0,46.5,19,4,0,1,2,18,0,8,2114
45,39,1,20,7.4,1.6,0.4,0.4,0.4,7,1.2,5,896.7
46,39,1,15,5.5,1.2,0.3,0.3,0.3,5.2,0.9,3.8,672.5
47,39,0,38,17,3,0,0,4,17,2,13,2141
48,39,0,34,19,9,0,8,2,11,4,10,1750
49,39,0,57,22,4,1,2,2,20,0,21,2379
50,39,0,48,22,4,0,0,0,22,1,21,2326
51,39,1,21,7.7,0.7,0,0.4,1.1,7.3,0.7,6.1,946.7
52,39,0,90,33,10,3,0,5,33,7,7,3017
53,39,1,8,2.9,0.3,0,0.2,0.4,2.7,0.3,2.3,360.6
55,39,1,1,0.4,0.1,0,0,0.1,0.4,0,0.4,54.6
56,39,0,30,11,4,1,1,1,10,0,11,1560
60,39,1,2,0.7,0.1,0.1,0,0,0.7,0,0.6,91.8
68,39,1,3,1.1,0.1,0.1,0,0.1,1.1,0,1,138.9
75,39,1,13,4.7,1.1,0.5,0,0.1,4.7,0.3,4.5,610.8
77,39,1,5,1.8,0.4,0.2,0,0,1.8,0.1,1.7,234.9
82,39,1,9,4,1.2,0.1,0.5,0.7,3.5,0.2,3.2,448.2
83,39,1,14,6.2,1.9,0.2,0.7,1.1,5.5,0.4,4.9,697.2
84,39,1,15,6.7,2,0.2,0.8,1.2,5.9,0.4,5.3,747
85,39,1,5,1.9,0.3,0,0.2,0.1,1.7,0,1.6,231.7
86,39,1,9,3.4,0.5,0,0.3,0.2,3.1,0,2.9,417.1
103,39,1,12,4.9,1.1,0.4,0,0,4.9,1.4,4.9,564.4
111,39,1,3,1.2,0.4,0.1,0,0,1.2,0.1,1.2,163.9
112,39,1,6,2.4,0.7,0.2,0,0.1,2.4,0.2,2.3,327.7
114,39,1,2,0.8,0.2,0.1,0,0,0.8,0.1,0.8,109.2
115,39,1,7,2.5,0.3,0.2,0,0.2,2.5,0.2,2.3,326.2
116,39,1,5,1.8,0.2,0.2,0,0.2,1.8,0.2,1.6,233
124,39,1,5,1.8,0.1,0.1,0,0.1,1.8,0.1,1.5,246.2
125,39,1,6,2.5,0.6,0.1,0,0.5,2.5,0.4,2,383.9
2,40,1,2,0.9,0.3,0,0,0,0.9,0.1,0.7,118
13,40,1,13,5.7,1.6,0.3,0.7,0.2,5,0.6,4.7,725.9
14,40,1,23.5,10.3,2.8,0.6,1.2,0.4,9.1,1,8.5,1312.2
15,40,1,13.5,6.3,1.5,0,1.5,0.7,4.8,0.7,4.8,622.1
16,40,1,17,7.9,1.9,0,1.9,0.9,6,0.9,6.1,783.4
18,40,1,1,0.5,0.1,0,0.1,0.1,0.4,0.1,0.4,46.1
23,40,1,11,5.2,1.4,0,0.5,0.8,4.7,0.5,3.6,574.8
24,40,1,3,1.4,0.4,0,0.1,0.2,1.3,0.1,1,156.8
25,40,0,37,12,1,0,0,1,12,0,12,1573
26,40,0,36,13,2,0,0,2,13,2,12,1621
27,40,1,17,8.1,2.1,0,0.8,1.2,7.3,0.8,5.6,888.2
29,40,1,4,1.9,0.5,0,0.2,0.3,1.7,0.2,1.3,209
42,40,1,4,1.8,0.6,0.2,0.3,0.2,1.5,0.1,1.4,189.1
43,40,1,25,11.3,3.9,1.1,1.8,1.1,9.5,0.4,8.8,1181.7
44,40,0,33,12,3,1,0,1,12,0,10,1369
45,40,1,11,4.1,0.9,0.2,0.2,0.2,3.9,0.6,2.8,493.2
46,40,0,110.5,34,4,7,1,4,33,2,32,3642
47,40,0,175,86,34,1,81,20,5,26,7,5550
48,40,0,106.5,59,26,0,33,11,26,7,21,4726
49,40,0,41,14,1,0,0,1,14,0,14,1418
50,40,0,57.5,26,5,0,0,1,26,2,24,2954
51,40,0,55.5,24,3,1,0,2,24,0,22,2428
52,40,1,4,1.5,0.1,0,0.1,0.2,1.4,0.1,1.2,180.3
55,40,1,11,4.7,1.1,0,0,0.6,4.7,0.4,4.1,601
57,40,1,16,6.8,1.6,0,0,0.9,6.8,0.6,5.9,874.3
59,40,1,2,0.9,0.2,0,0,0.1,0.9,0.1,0.7,109.3
64,40,1,9,3.2,0.5,0.4,0,0.2,3.2,0.1,2.9,412.9
67,40,1,11,3.9,0.3,0.3,0,0.2,3.9,0.1,3.8,509.4
68,40,1,22.5,7.9,0.7,0.7,0,0.4,7.9,0.2,7.7,1042
73,40,1,12,4.3,0.9,0.4,0,0.4,4.3,0.2,3.6,553.8
74,40,1,8,2.9,0.6,0.2,0,0.2,2.9,0.1,2.4,369.2
76,40,1,13,4.7,1.1,0.5,0,0.1,4.7,0.3,4.5,610.8
77,40,0,32,11,0,0,2,2,9,3,7,1359
78,40,1,9.5,3.4,0.8,0.4,0,0.1,3.4,0.2,3.3,446.4
85,40,1,6,2.3,0.4,0,0.3,0.1,2,0,1.9,278
87,40,1,4,1.5,0.2,0,0.1,0.1,1.4,0,1.3,185.4
88,40,1,6,2.3,0.4,0,0.3,0.1,2,0,1.9,278
108,40,1,1,0.4,0.1,0,0,0,0.4,0.1,0.4,47
111,40,1,2,0.8,0.2,0.1,0,0,0.8,0.1,0.8,109.2
118,40,1,3,1.1,0.1,0.1,0,0.1,1.1,0.1,1,139.8
123,40,1,27,9.8,0.8,0.4,0,0.8,9.8,0.4,8.3,1329.6
124,40,1,4,1.5,0.1,0.1,0,0.1,1.5,0.1,1.2,197
1,41,1,1,0.4,0.2,0,0,0,0.4,0,0.4,59
3,41,1,3,1.3,0.5,0.1,0,0.1,1.3,0.1,1.1,177
5,41,1,5,2.2,0.9,0.1,0.1,0.1,2.1,0.2,1.8,295
8,41,1,1,0.4,0.2,0,0,0,0.4,0,0.4,59
12,41,1,2,0.9,0.2,0.1,0.1,0,0.8,0.1,0.7,111.7
13,41,1,7,3.1,0.8,0.2,0.4,0.1,2.7,0.3,2.5,390.9
17,41,1,2,0.9,0.2,0,0.2,0.1,0.7,0.1,0.7,92.2
18,41,1,2,0.9,0.2,0,0.2,0.1,0.7,0.1,0.7,92.2
25,41,1,13,6.2,1.6,0,0.6,0.9,5.6,0.6,4.3,679.2
26,41,1,15,7.2,1.9,0,0.7,1,6.5,0.7,4.9,783.7
27,41,0,32,13,1,0,0,2,13,0,13,1624
28,41,1,11,5.2,1.4,0,0.5,0.8,4.7,0.5,3.6,574.8
44,41,1,11,5,1.7,0.5,0.8,0.5,4.2,0.2,3.9,519.9
45,41,0,29,18,10,0,0,0,18,0,17,1846
46,41,0,55.5,20,5,3,3,3,17,0,16,2259
47,41,0,108,44,9,3,32,17,12,16,11,3610
48,41,0,70,24,1,2,0,3,24,0,22,2819
49,41,0,40.5,17,5,1,0,1,17,1,16,2086
50,41,0,25,12,3,0,0,0,12,1,12,1343
51,41,0,23,12,5,0,0,0,12,0,12,1136
54,41,1,7,2.6,0.2,0,0.2,0.4,2.4,0.2,2,315.6
55,41,1,4,1.7,0.4,0,0,0.2,1.7,0.2,1.5,218.6
60,41,1,5,1.8,0.3,0.2,0,0.1,1.8,0,1.6,229.4
62,41,1,2,0.7,0.1,0.1,0,0,0.7,0,0.6,91.8
63,41,1,6,2.2,0.3,0.3,0,0.1,2.2,0.1,1.9,275.3
64,41,1,20,7.2,1.1,0.9,0,0.4,7.2,0.2,6.4,917.5
65,41,1,12,4.2,0.4,0.4,0,0.2,4.2,0.1,4.1,555.7
66,41,1,11,3.9,0.3,0.3,0,0.2,3.9,0.1,3.8,509.4
67,41,1,12,4.2,0.4,0.4,0,0.2,4.2,0.1,4.1,555.7
74,41,1,4,1.4,0.3,0.1,0,0.1,1.4,0.1,1.2,184.6
75,41,1,5,1.8,0.4,0.2,0,0,1.8,0.1,1.7,234.9
76,41,1,22,8,1.8,0.8,0,0.2,8,0.5,7.7,1033.7
77,41,1,2,0.7,0.2,0.1,0,0,0.7,0,0.7,94
82,41,1,10,4.5,1.4,0.1,0.6,0.8,3.9,0.3,3.5,498
83,41,1,7,3.1,0.9,0.1,0.4,0.6,2.7,0.2,2.5,348.6
87,41,1,2,0.8,0.1,0,0.1,0,0.7,0,0.6,92.7
102,41,1,3,1.2,0.3,0.1,0,0,1.2,0.4,1.2,141.1
107,41,1,8,3.3,0.7,0.2,0,0,3.3,0.9,3.3,376.2
111,41,1,1,0.4,0.1,0,0,0,0.4,0,0.4,54.6
113,41,1,3,1.2,0.4,0.1,0,0,1.2,0.1,1.2,163.9
114,41,1,2,0.8,0.2,0.1,0,0,0.8,0.1,0.8,109.2
118,41,1,8,2.9,0.4,0.2,0,0.2,2.9,0.2,2.6,372.8
120,41,1,9,3.3,0.3,0.1,0,0.3,3.3,0.1,2.8,443.2
122,41,1,8,2.9,0.2,0.1,0,0.2,2.9,0.1,2.5,394
123,41,1,8,2.9,0.2,0.1,0,0.2,2.9,0.1,2.5,394
0,42,1,2,0.9,0.3,0,0,0,0.9,0.1,0.7,118
12,42,1,18,7.9,2.2,0.5,0.9,0.3,7,0.8,6.5,1005.1
13,42,1,19,8.3,2.3,0.5,1,0.3,7.3,0.8,6.8,1060.9
15,42,1,1,0.5,0.1,0,0.1,0.1,0.4,0.1,0.4,46.1
27,42,1,4,1.9,0.5,0,0.2,0.3,1.7,0.2,1.3,209
28,42,1,4,1.9,0.5,0,0.2,0.3,1.7,0.2,1.3,209
44,42,1,12,5.4,1.9,0.5,0.8,0.5,4.6,0.2,4.2,567.2
45,42,1,15,5.5,1.2,0.3,0.3,0.3,5.2,0.9,3.8,672.5
47,42,1,4,1.5,0.3,0.1,0.1,0.1,1.4,0.2,1,179.3
48,42,0,65,23,3,2,0,3,23,0,20,2293
49,42,0,146,71,24,1,1,3,70,1,62,6531
50,42,1,26,9.6,0.8,0,0.6,1.4,9,0.8,7.6,1172.1
57,42,1,1,0.4,0.1,0,0,0.1,0.4,0,0.4,54.6
58,42,1,1,0.4,0.1,0,0,0.1,0.4,0,0.4,54.6
59,42,1,11.5,4.9,1.1,0,0,0.7,4.9,0.4,4.2,628.4
60,42,1,9,3.2,0.5,0.4,0,0.2,3.2,0.1,2.9,412.9
62,42,1,5,1.8,0.3,0.2,0,0.1,1.8,0,1.6,229.4
63,42,1,14,5,0.8,0.7,0,0.3,5,0.1,4.5,642.3
64,42,1,7,2.5,0.4,0.3,0,0.1,2.5,0.1,2.2,321.1
65,42,1,9,3.2,0.3,0.3,0,0.2,3.2,0.1,3.1,416.8
66,42,1,16,5.6,0.5,0.5,0,0.3,5.6,0.2,5.5,741
68,42,1,4,1.4,0.1,0.1,0,0.1,1.4,0,1.4,185.2
69,42,1,2,0.7,0.1,0.1,0,0,0.7,0,0.7,92.6
71,42,1,12,4.3,0.9,0.4,0,0.4,4.3,0.2,3.6,553.8
72,42,1,18,6.5,1.4,0.5,0,0.5,6.5,0.3,5.4,830.7
75,42,1,23,8.3,1.9,0.9,0,0.2,8.3,0.5,8,1080.7
76,42,1,19.5,7.1,1.6,0.7,0,0.1,7.1,0.4,6.8,916.2
78,42,1,7,2.5,0.6,0.3,0,0.1,2.5,0.2,2.4,328.9
79,42,1,1,0.4,0.1,0,0,0,0.4,0,0.3,47
82,42,1,2,0.9,0.3,0,0.1,0.2,0.8,0.1,0.7,99.6
83,42,1,7,3.1,0.9,0.1,0.4,0.6,2.7,0.2,2.5,348.6
84,42,1,5,2.2,0.7,0.1,0.3,0.4,1.9,0.1,1.8,249
107,42,1,2,0.8,0.2,0.1,0,0,0.8,0.2,0.8,94.1
108,42,1,8,3.3,0.7,0.2,0,0,3.3,0.9,3.3,376.2
111,42,1,8,3.2,0.9,0.2,0,0.1,3.2,0.2,3.1,437
112,42,1,4,1.6,0.5,0.1,0,0.1,1.6,0.1,1.6,218.5
113,42,1,19,7.6,2.2,0.5,0,0.2,7.6,0.5,7.4,1037.8
114,42,1,2,0.8,0.2,0.1,0,0,0.8,0.1,0.8,109.2
116,42,1,4,1.4,0.2,0.1,0,0.1,1.4,0.1,1.3,186.4
117,42,1,14,5,0.7,0.4,0,0.4,5,0.4,4.6,652.3
118,42,1,14,5,0.7,0.4,0,0.4,5,0.4,4.6,652.3
120,42,1,3.5,1.3,0.1,0,0,0.1,1.3,0,1.1,172.4
124,42,1,4,1.5,0.1,0.1,0,0.1,1.5,0.1,1.2,197
125,42,1,3,1.3,0.3,0.1,0,0.2,1.3,0.2,1,191.9
126,42,1,3.5,1.5,0.4,0.1,0,0.3,1.5,0.2,1.2,223.9
127,42,1,8.5,3.6,0.9,0.2,0,0.7,3.6,0.5,2.9,543.8
6,43,1,4,1.8,0.7,0.1,0.1,0.1,1.7,0.2,1.4,236
11,43,1,12,5.3,1.4,0.3,0.6,0.2,4.7,0.5,4.3,670
12,43,1,7,3.1,0.8,0.2,0.4,0.1,2.7,0.3,2.5,390.9
37,43,1,7,3,0.8,0.2,0,0.4,3,0.3,2.3,295.8
38,43,1,2,0.9,0.2,0.1,0,0.1,0.9,0.1,0.6,84.5
40,43,1,1,0.5,0.2,0,0.1,0,0.4,0,0.4,47.3
48,43,1,20,7.4,1.6,0.4,0.4,0.4,7,1.2,5,896.7
49,43,1,18,6.6,1.4,0.3,0.3,0.3,6.3,1,4.5,807
50,43,1,26.5,9.7,0.9,0,0.6,1.4,9.1,0.9,7.7,1194.6
59,43,1,4,1.7,0.4,0,0,0.2,1.7,0.2,1.5,218.6
60,43,1,2,0.7,0.1,0.1,0,0,0.7,0,0.6,91.8
62,43,1,7,2.5,0.4,0.3,0,0.1,2.5,0.1,2.2,321.1
63,43,1,5,1.8,0.3,0.2,0,0.1,1.8,0,1.6,229.4
64,43,1,13,4.7,0.7,0.6,0,0.2,4.7,0.1,4.2,596.4
74,43,1,12.5,4.5,0.9,0.4,0,0.4,4.5,0.2,3.8,576.9
78,43,1,15,5.4,1.2,0.6,0,0.1,5.4,0.3,5.2,704.8
82,43,1,5,2.2,0.7,0.1,0.3,0.4,1.9,0.1,1.8,249
85,43,1,18,6.8,1.1,0,0.7,0.4,6.1,0,5.8,834.1
113,43,1,21,8.5,2.5,0.5,0,0.3,8.5,0.5,8.2,1147.1
114,43,1,4,1.6,0.5,0.1,0,0.1,1.6,0.1,1.6,218.5
116,43,1,5,1.8,0.2,0.2,0,0.2,1.8,0.2,1.6,233
117,43,1,2,0.7,0.1,0.1,0,0.1,0.7,0.1,0.7,93.2
118,43,1,2,0.7,0.1,0.1,0,0.1,0.7,0.1,0.7,93.2
123,43,1,3,1.1,0.1,0,0,0.1,1.1,0,0.9,147.7
125,43,1,6,2.5,0.6,0.1,0,0.5,2.5,0.4,2,383.9
3,44,1,4,1.7,0.7,0.3,0.2,0,1.5,0.1,0.8,174.6
10,44,1,3,1,0.1,0.1,0.1,0.1,0.9,0.1,0.8,140
11,44,1,5,1.7,0.1,0.1,0.2,0.2,1.5,0.2,1.3,233.4
36,44,1,12,4.8,1.5,0.5,0,0,4.8,0.2,4.6,578
37,44,1,8,3.2,1,0.3,0,0,3.2,0.1,3.1,385.4
49,44,1,19,7.5,1.5,0.3,0.3,0.6,7.2,1.8,6,801.9
50,44,1,9,3.3,0.6,0.2,0,0.2,3.3,0,2.8,418
58,44,1,13,4.8,0.5,0.4,0,0.5,4.8,0.1,4.5,589.2
59,44,1,3,1.1,0.1,0.1,0,0.1,1.1,0,1,136
62,44,1,7,2.6,0.6,0.4,0.1,0.5,2.5,0.1,2.1,347.2
73,44,1,2,0.7,0.1,0,0,0.1,0.7,0.1,0.6,100.1
74,44,1,7,2.6,0.2,0.1,0,0.3,2.6,0.2,2,350.2
77,44,1,20,6.5,1.2,1.2,0,0,6.5,0.3,5.8,771.1
80,44,1,3,1.1,0.3,0.1,0,0,1.1,0.1,1,139.9
84,44,1,3,1.1,0.3,0.1,0,0,1.1,0.1,1,139.9
85,44,1,2,0.7,0.2,0.1,0,0,0.7,0.1,0.6,89.2
86,44,1,3,1.1,0.3,0.1,0,0,1.1,0.2,0.9,133.8
87,44,1,10,3.7,0.9,0.3,0,0.1,3.7,0.7,3,445.9
109,44,1,2,0.8,0.1,0.1,0,0.2,0.8,0.1,0.6,109.4
111,44,1,4,1.5,0.2,0.1,0,0.1,1.5,0,1.5,185.7
113,44,1,12,4.6,0.7,0.3,0,0.4,4.6,0.1,4.4,557
116,44,1,2,1,0.3,0,0,0.1,1,0,0.8,132.1
125,44,1,4,1.7,0.4,0.1,0,0.2,1.7,0.2,1.4,198.9
11,45,1,4,1.4,0.1,0.1,0.2,0.2,1.2,0.2,1,186.7
33,45,1,1,0.5,0.2,0,0,0.1,0.5,0,0.3,53.2
34,45,1,10,4.8,1.8,0.1,0.1,0.6,4.7,0.4,3,531.7
35,45,1,18.5,7.3,2.4,0.8,0,0,7.3,0.3,7.1,891.1
36,45,1,22,8.7,2.8,0.9,0,0,8.7,0.3,8.4,1059.7
37,45,1,6,2.4,0.8,0.3,0,0,2.4,0.1,2.3,289
38,45,0,43,17,4,2,0,3,17,1,12,1950
51,45,1,1,0.4,0.1,0,0,0,0.4,0,0.3,46.4
54,45,1,4,1.5,0.3,0.1,0,0.1,1.5,0,1.3,185.8
56,45,1,6,2.2,0.3,0.2,0,0.3,2.2,0.1,2.1,271.9
57,45,1,10,3.7,0.4,0.3,0,0.4,3.7,0.1,3.5,453.2
58,45,0,22,11,4,0,0,1,11,0,10,1172
63,45,1,1,0.4,0.1,0.1,0,0.1,0.4,0,0.3,49.6
69,45,1,4,1.5,0.3,0.2,0.1,0.3,1.4,0.1,1.2,198.4
72,45,1,2,0.7,0.1,0,0,0.1,0.7,0.1,0.6,100.1
73,45,1,6,2.2,0.2,0.1,0,0.3,2.2,0.2,1.8,300.2
77,45,1,10,3.2,0.6,0.6,0,0,3.2,0.2,2.9,385.5
81,45,1,8,3,0.9,0.4,0,0.1,3,0.2,2.7,373
98,45,1,3,1.1,0.2,0.1,0,0,1.1,0.1,0.8,140.2
105,45,1,3,1.2,0.2,0.1,0,0.3,1.2,0.1,0.9,164.1
113,45,1,8,3,0.5,0.2,0,0.3,3,0.1,2.9,371.3
125,45,1,3,1.3,0.3,0.1,0,0.1,1.3,0.1,1.1,149.1
126,45,1,2,0.9,0.2,0,0,0.1,0.9,0.1,0.7,99.4
9,46,1,3,1.2,0.5,0.2,0.1,0,1.1,0.1,0.6,131
10,46,1,4,1.4,0.1,0.1,0.2,0.2,1.2,0.2,1,186.7
28,46,1,2,0.9,0.2,0.1,0.2,0.1,0.7,0.2,0.5,101.8
31,46,1,3,1.4,0.5,0,0,0.2,1.4,0.1,0.9,159.5
32,46,1,6,2.9,1.1,0.1,0.1,0.4,2.8,0.2,1.8,319
33,46,1,5,2.4,0.9,0.1,0.1,0.3,2.3,0.2,1.5,265.8
34,46,1,7,3.4,1.3,0.1,0.1,0.5,3.3,0.3,2.1,372.2
38,46,1,4,1.6,0.5,0.2,0,0,1.6,0.1,1.5,192.7
49,46,1,1,0.4,0.1,0,0,0,0.4,0.1,0.3,42.2
50,46,1,4,1.5,0.3,0.1,0,0.1,1.5,0,1.3,185.8
51,46,1,9,3.3,0.6,0.2,0,0.2,3.3,0,2.8,418
52,46,1,3,1.1,0.2,0.1,0,0.1,1.1,0,0.9,139.3
53,46,1,24,8.8,1.6,0.6,0,0.6,8.8,0,7.6,1114.7
54,46,1,7,2.6,0.5,0.2,0,0.2,2.6,0,2.2,325.1
55,46,1,14,5.2,0.6,0.5,0,0.6,5.2,0.1,4.8,634.5
56,46,1,21,7.8,0.9,0.7,0,0.9,7.8,0.2,7.3,951.8
57,46,1,17,6.3,0.7,0.6,0,0.7,6.3,0.1,5.9,770.5
58,46,1,3,1.1,0.1,0.1,0,0.1,1.1,0,1,136
62,46,1,4,1.5,0.3,0.2,0.1,0.3,1.4,0.1,1.2,198.4
63,46,1,3,1.1,0.3,0.2,0,0.2,1.1,0.1,0.9,148.8
70,46,1,3,1.1,0.1,0,0,0.1,1.1,0.1,0.9,150.1
72,46,1,9,3.3,0.3,0.1,0,0.4,3.3,0.3,2.6,450.3
73,46,1,5,1.8,0.1,0.1,0,0.2,1.8,0.1,1.5,250.1
77,46,1,3,1,0.2,0.2,0,0,1,0,0.9,115.7
80,46,1,5,1.8,0.5,0.2,0,0.1,1.8,0.2,1.7,233.2
81,46,1,26,9.6,2.8,1.2,0,0.4,9.6,0.8,8.8,1212.4
98,46,1,2,0.7,0.1,0,0,0,0.7,0,0.5,93.5
108,46,1,1.5,0.6,0.1,0.1,0,0.1,0.6,0.1,0.5,82.1
111,46,1,26,9.9,1.5,0.6,0,0.9,9.9,0.3,9.6,1206.8
126,46,1,4,1.7,0.4,0.1,0,0.2,1.7,0.2,1.4,198.9
1,47,1,3,1.2,0.5,0.2,0.1,0,1.1,0.1,0.6,131
6,47,1,1,0.4,0.2,0.1,0,0,0.4,0,0.2,43.7
28,47,1,7,3.3,0.8,0.3,0.9,0.5,2.4,0.5,1.9,356.3
29,47,1,18,8.4,2.1,0.7,2.3,1.2,6.1,1.4,4.9,916.1
30,47,0,30,11,2,0,0,1,11,0,10,1185
31,47,1,16,7.7,2.9,0.2,0.2,1,7.5,0.6,4.8,850.7
32,47,1,9,4.3,1.6,0.1,0.1,0.6,4.2,0.4,2.7,478.5
49,47,1,3,1.2,0.2,0,0.1,0.1,1.1,0.3,0.9,126.6
50,47,1,6,2.2,0.4,0.2,0,0.2,2.2,0,1.9,278.7
53,47,1,5,1.8,0.3,0.1,0,0.1,1.8,0,1.6,232.2
56,47,1,9.5,3.5,0.4,0.3,0,0.4,3.5,0.1,3.3,430.6
57,47,0,24,11,2,0,0,2,11,0,11,1338
70,47,1,8.5,3.1,0.2,0.1,0,0.4,3.1,0.2,2.5,425.2
71,47,1,16,5.8,0.5,0.2,0,0.7,5.8,0.5,4.7,800.5
76,47,1,4,1.3,0.2,0.2,0,0,1.3,0.1,1.2,154.2
77,47,1,9,2.9,0.6,0.6,0,0,2.9,0.1,2.6,347
80,47,1,5,1.8,0.5,0.2,0,0.1,1.8,0.2,1.7,233.2
81,47,1,9,3.3,1,0.4,0,0.1,3.3,0.3,3,419.7
82,47,1,1,0.4,0.1,0,0,0,0.4,0,0.3,46.6
89,47,1,14.5,5.4,1.3,0.4,0,0.2,5.4,1.1,4.3,646.6
90,47,1,11,4,0.8,0.2,0,0,4,0.2,3,514.2
97,47,1,5,1.8,0.3,0.1,0,0,1.8,0.1,1.4,233.8
107,47,1,2,0.8,0.1,0.1,0,0.2,0.8,0.1,0.6,109.4
111,47,1,18,6.8,1,0.4,0,0.6,6.8,0.2,6.6,835.4
113,47,1,14,5.3,0.8,0.3,0,0.5,5.3,0.2,5.1,649.8
123,47,1,4,1.7,0.4,0.1,0,0.2,1.7,0.2,1.4,198.9
125,47,1,3,1.3,0.3,0.1,0,0.1,1.3,0.1,1.1,149.1
126,47,1,4,1.7,0.4,0.1,0,0.2,1.7,0.2,1.4,198.9
9,48,1,8,3.3,1.4,0.6,0.4,0,2.9,0.2,1.6,349.3
16,48,1,8,2.8,0.2,0.2,0.4,0.4,2.4,0.4,2,373.4
17,48,1,19,6.6,0.4,0.4,0.9,0.9,5.7,0.9,4.9,886.8
27,48,1,16,7.5,1.9,0.6,2.1,1,5.4,1.2,4.4,814.3
28,48,1,13,6.1,1.5,0.5,1.7,0.8,4.4,1,3.5,661.6
29,48,1,14,6.5,1.6,0.5,1.8,0.9,4.7,1.1,3.8,712.5
30,48,1,9,4.3,1.6,0.1,0.1,0.6,4.2,0.4,2.7,478.5
31,48,1,4,1.9,0.7,0.1,0,0.3,1.9,0.2,1.2,212.7
32,48,0,56,19,0,1,0,3,19,1,14,2125
33,48,1,7,3.4,1.3,0.1,0.1,0.5,3.3,0.3,2.1,372.2
46,48,1,3,1.2,0.2,0,0.1,0.1,1.1,0.3,0.9,126.6
47,48,1,7,2.8,0.6,0.1,0.1,0.2,2.7,0.7,2.2,295.4
48,48,1,10,3.9,0.8,0.2,0.1,0.3,3.8,0.9,3.1,422
53,48,1,4,1.5,0.3,0.1,0,0.1,1.5,0,1.3,185.8
56,48,1,12,4.5,0.5,0.4,0,0.5,4.5,0.1,4.2,543.9
57,48,1,10,3.7,0.4,0.3,0,0.4,3.7,0.1,3.5,453.2
66,48,1,12,4.4,1,0.6,0.2,0.8,4.2,0.2,3.6,595.2
67,48,1,9,3.3,0.8,0.5,0.1,0.6,3.2,0.2,2.7,446.4
68,48,1,10.5,3.9,0.9,0.5,0.2,0.7,3.7,0.2,3.2,520.8
69,48,1,4,1.5,0.3,0.2,0.1,0.3,1.4,0.1,1.2,198.4
70,48,1,8,2.9,0.2,0.1,0,0.4,2.9,0.2,2.3,400.2
71,48,1,2,0.7,0.1,0,0,0.1,0.7,0.1,0.6,100.1
76,48,1,11,3.6,0.7,0.7,0,0,3.6,0.2,3.2,424.1
77,48,1,6,1.9,0.4,0.4,0,0,1.9,0.1,1.8,231.3
81,48,1,2,0.7,0.2,0.1,0,0,0.7,0.1,0.7,93.3
83,48,1,3,1.1,0.3,0.1,0,0,1.1,0.1,1,139.9
88,48,1,4,1.5,0.4,0.1,0,0.1,1.5,0.3,1.2,178.4
89,48,1,10,3.7,0.9,0.3,0,0.1,3.7,0.7,3,445.9
101,48,1,2,0.8,0.1,0.1,0,0.2,0.8,0.1,0.6,109.4
102,48,1,3,1.2,0.2,0.1,0,0.3,1.2,0.1,0.9,164.1
107,48,1,1,0.4,0.1,0,0,0.1,0.4,0,0.3,54.7
108,48,1,5,2,0.3,0.2,0,0.4,2,0.2,1.6,273.6
110,48,1,3,1.1,0.2,0.1,0,0.1,1.1,0,1.1,139.2
111,48,1,2,0.8,0.1,0,0,0.1,0.8,0,0.7,92.8
118,48,1,7,3.4,1.2,0,0,0.2,3.4,0,2.9,462.5
120,48,1,3,1.3,0.3,0.1,0,0.1,1.3,0.1,1.1,149.1
122,48,1,1,0.4,0.1,0,0,0,0.4,0,0.4,49.7
123,48,1,2,0.9,0.2,0,0,0.1,0.9,0.1,0.7,99.4
125,48,1,4,1.7,0.4,0.1,0,0.2,1.7,0.2,1.4,198.9
126,48,1,4,1.7,0.4,0.1,0,0.2,1.7,0.2,1.4,198.9
6,49,1,5,2.1,0.9,0.4,0.3,0,1.8,0.1,1,218.3
8,49,1,5,2.1,0.9,0.4,0.3,0,1.8,0.1,1,218.3
16,49,1,28,9.9,1.5,1.2,0.6,1.2,9.3,1.5,5.9,1219.9
25,49,1,1,0.4,0.1,0,0,0,0.4,0.1,0.3,45.6
26,49,1,8,3.2,1.2,0.3,0.1,0,3.1,0.5,2.4,365.2
27,49,1,1,0.4,0.1,0,0,0,0.4,0.1,0.3,45.6
28,49,0,38,19,4,0,7,3,12,1,11,2231
29,49,1,3,1.2,0.4,0.1,0,0,1.2,0.2,0.9,136.9
30,49,1,3,1.7,0.5,0,0,0.2,1.7,0,1.7,187.6
31,49,1,5,2.8,0.8,0,0,0.3,2.8,0,2.8,312.6
32,49,0,37,13,0,1,0,3,13,1,12,1448
49,49,1,19.5,7.7,1.5,0.3,0.3,0.6,7.4,1.8,6.1,823
50,49,1,8,2.8,0.8,0.3,1.3,0.8,1.5,0,2.8,284.9
53,49,1,14,5,1.4,0.5,2.3,1.4,2.7,0,5,498.6
54,49,1,7,2.5,0.7,0.2,1.1,0.7,1.4,0,2.5,249.3
55,49,1,10,4.4,1.9,0.5,0,0.2,4.4,0.2,4,536
56,49,1,22,9.7,4.1,1,0,0.5,9.7,0.5,8.7,1179.3
57,49,1,1,0.4,0.2,0,0,0,0.4,0,0.4,53.6
58,49,1,3,1.3,0.6,0.1,0,0.1,1.3,0.1,1.2,160.8
67,49,1,6,1.9,0.3,0.2,0,0.2,1.9,0.2,1.7,212.2
68,49,1,21,6.7,1.1,0.8,0,0.6,6.7,0.6,5.9,742.8
69,49,0,21,12,5,0,0,1,12,1,10,1578
70,49,1,2,0.6,0.1,0.1,0,0,0.6,0,0.6,77.1
84,49,1,8,3,0.7,0.2,0,0.1,3,0.6,2.4,356.7
88,49,1,4,1.4,0.1,0.1,0.1,0.1,1.3,0.1,1,167.2
89,49,0,39,13,2,1,0,1,13,0,10,1565
90,49,1,15,4.6,0.4,0.4,0,0.4,4.6,0.2,4.6,595.6
103,49,1,1,0.4,0.1,0,0,0,0.4,0,0.3,55.8
114,49,1,7,3.4,1.2,0,0,0.2,3.4,0,2.9,462.5
116,49,1,5,2,0.5,0.1,0,0.1,2,0.2,1.9,231.1
117,49,1,3,1.2,0.3,0,0,0,1.2,0.1,1.2,138.6
124,49,1,10,4.4,1.3,0.1,0.5,0.4,3.9,0.4,3.1,520.1
125,49,1,3,1.2,0.2,0.1,0,0.2,1.2,0.2,1.1,142.1
127,49,1,3,1.2,0.2,0.1,0,0.2,1.2,0.2,1.1,142.1
2,50,1,6,2.5,1,0.4,0.3,0,2.2,0.1,1.2,262
6,50,1,4,1.7,0.7,0.3,0.2,0,1.5,0.1,0.8,174.6
16,50,1,4,1.4,0.2,0.2,0.1,0.2,1.3,0.2,0.8,174.3
17,50,1,6.5,2.3,0.4,0.3,0.1,0.3,2.2,0.4,1.4,283.2
25,50,1,2,0.8,0.3,0.1,0,0,0.8,0.1,0.6,91.3
26,50,1,4,1.6,0.6,0.2,0,0,1.6,0.3,1.2,182.6
27,50,1,4,1.6,0.6,0.2,0,0,1.6,0.3,1.2,182.6
28,50,1,9,3.6,1.3,0.4,0.1,0,3.5,0.6,2.7,410.8
29,50,1,10,4.1,1.5,0.4,0.2,0,3.9,0.7,3,456.5
30,50,1,18,9.9,2.8,0,0,0.9,9.9,0,9.9,1125.5
31,50,1,9,5,1.4,0,0,0.5,5,0,5,562.7
50,50,1,2,0.7,0.2,0.1,0.3,0.2,0.4,0,0.7,71.2
55,50,1,3,1.3,0.6,0.1,0,0.1,1.3,0.1,1.2,160.8
58,50,1,1,0.4,0.2,0,0,0,0.4,0,0.4,53.6
61,50,1,2,0.7,0.2,0.1,0,0.1,0.7,0,0.6,99.2
62,50,1,2,0.7,0.2,0.1,0,0.1,0.7,0,0.6,99.2
67,50,1,4,1.3,0.2,0.2,0,0.1,1.3,0.1,1.1,141.5
68,50,1,1,0.3,0.1,0,0,0,0.3,0,0.3,35.4
88,50,1,18,6.3,0.6,0.4,0.3,0.6,6,0.3,4.3,752.3
89,50,1,20.5,7.2,0.7,0.5,0.3,0.7,6.9,0.3,4.9,856.8
90,50,1,4,1.2,0.1,0.1,0,0.1,1.2,0.1,1.2,158.8
91,50,1,5.5,1.7,0.2,0.2,0,0.2,1.7,0.1,1.7,218.4
97,50,1,5,1.8,0.3,0.1,0,0,1.8,0.1,1.4,233.8
98,50,1,2,0.7,0.1,0,0,0,0.7,0,0.5,93.5
104,50,1,8,3.4,0.5,0.2,0,0.3,3.4,0.3,2.5,446.5
108,50,1,3,1.2,0.2,0.1,0,0.3,1.2,0.1,0.9,164.1
116,50,1,3,1.2,0.3,0,0,0,1.2,0.1,1.2,138.6
117,50,1,16,6.4,1.6,0.2,0,0.2,6.4,0.8,6.2,739.4
118,50,1,10,4,1,0.1,0,0.1,4,0.5,3.9,462.1
121,50,0,35,13,2,2,0,0,13,0,13,1519
122,50,1,7,3.1,0.9,0.1,0.3,0.3,2.8,0.3,2.1,364.1
123,50,1,2,0.9,0.3,0,0.1,0.1,0.8,0.1,0.6,104
124,50,1,8,3.5,1.1,0.1,0.4,0.3,3.1,0.3,2.5,416.1
127,50,1,11,4.4,0.9,0.2,0.1,0.7,4.3,0.6,4.1,521.1
17,51,1,4,1.4,0.2,0.2,0.1,0.2,1.3,0.2,0.8,174.3
18,51,1,15,5.3,0.8,0.7,0.3,0.7,5,0.8,3.1,653.5
24,51,1,5,2.3,0.6,0.2,0.6,0.3,1.7,0.4,1.4,254.5
27,51,1,7,2.8,1,0.3,0.1,0,2.7,0.5,2.1,319.5
65,51,1,23,7.4,1.2,0.9,0,0.6,7.4,0.6,6.4,813.6
88,51,1,1,0.4,0,0,0,0,0.4,0,0.2,41.8
89,51,1,30,10.5,1,0.7,0.5,1,10,0.5,7.2,1253.8
97,51,1,4,1.5,0.3,0.1,0,0,1.5,0.1,1.1,187
98,51,1,2,0.7,0.1,0,0,0,0.7,0,0.5,93.5
104,51,1,1,0.4,0.1,0,0,0,0.4,0,0.3,55.8
106,51,1,2,0.8,0.1,0.1,0,0.2,0.8,0.1,0.6,109.4
107,51,1,1,0.4,0.1,0,0,0.1,0.4,0,0.3,54.7
112,51,1,1,0.5,0.2,0,0,0,0.5,0,0.4,66.1
113,51,1,2,1,0.3,0,0,0.1,1,0,0.8,132.1
114,51,1,3,1.4,0.5,0,0,0.1,1.4,0,1.2,198.2
118,51,1,7,2.8,0.7,0.1,0,0.1,2.8,0.3,2.7,323.5
123,51,1,9,4,1.2,0.1,0.5,0.3,3.5,0.3,2.8,468.1
124,51,1,6,2.7,0.8,0.1,0.3,0.2,2.4,0.2,1.8,312.1
127,51,1,6,2.4,0.5,0.1,0.1,0.4,2.3,0.3,2.2,284.2
18,52,1,20,7.1,1.1,0.9,0.5,0.9,6.6,1.1,4.2,871.4
19,52,1,3,1.1,0.2,0.1,0.1,0.1,1,0.2,0.6,130.7
31,52,1,3,1.7,0.5,0,0,0.2,1.7,0,1.7,187.6
56,52,1,2,0.9,0.4,0.1,0,0,0.9,0,0.8,107.2
65,52,1,8.5,2.7,0.5,0.3,0,0.2,2.7,0.2,2.4,300.7
66,52,1,11.5,3.7,0.6,0.5,0,0.3,3.7,0.3,3.2,406.8
80,52,1,4,1.5,0.4,0.1,0,0.1,1.5,0.3,1.2,178.4
81,52,1,2,0.7,0.2,0.1,0,0,0.7,0.1,0.6,89.2
82,52,1,3,1.1,0.3,0.1,0,0,1.1,0.2,0.9,133.8
85,52,1,2,0.7,0.1,0,0,0.1,0.7,0,0.5,83.6
86,52,1,30,10.5,1,0.7,0.5,1,10,0.5,7.2,1253.8
87,52,1,3,1.1,0.1,0.1,0.1,0.1,1,0,0.7,125.4
89,52,1,2,0.7,0.1,0,0,0.1,0.7,0,0.5,83.6
90,52,1,5,1.5,0.1,0.1,0,0.1,1.5,0.1,1.5,198.5
91,52,1,20,6.1,0.6,0.6,0,0.6,6.1,0.3,6.1,794.2
98,52,1,7,2.5,0.5,0.2,0,0,2.5,0.2,1.9,327.2
99,52,1,3,1.1,0.2,0.1,0,0,1.1,0.1,0.8,140.2
100,52,1,2,0.8,0.1,0,0,0.1,0.8,0.1,0.6,111.6
102,52,1,6.5,2.7,0.4,0.1,0,0.3,2.7,0.3,2.1,362.8
103,52,1,7,2.9,0.4,0.1,0,0.3,2.9,0.3,2.2,390.7
104,52,1,2,0.8,0.1,0,0,0.1,0.8,0.1,0.6,111.6
107,52,1,2,0.8,0.1,0.1,0,0.2,0.8,0.1,0.6,109.4
111,52,1,2,1,0.3,0,0,0.1,1,0,0.8,132.1
112,52,1,4,1.9,0.7,0,0,0.1,1.9,0,1.7,264.3
115,52,1,3,1.2,0.3,0,0,0,1.2,0.1,1.2,138.6
117,52,1,1,0.4,0.1,0,0,0,0.4,0,0.4,46.2
118,52,1,18,7.2,1.8,0.2,0,0.2,7.2,0.9,7,831.8
122,52,1,4,1.8,0.5,0,0.2,0.1,1.6,0.1,1.2,208
123,52,1,25,11,3.4,0.3,1.2,0.9,9.8,0.9,7.7,1300.3
124,52,1,4.5,2,0.6,0.1,0.2,0.2,1.8,0.2,1.4,234.1
127,52,1,22.5,9,1.8,0.5,0.2,1.4,8.8,1.2,8.3,1065.9
1,53,1,2,0.8,0.3,0.1,0.1,0,0.7,0,0.4,87.3
18,53,1,4,1.4,0.2,0.2,0.1,0.2,1.3,0.2,0.8,174.3
19,53,1,6,2.1,0.3,0.3,0.1,0.3,2,0.3,1.3,261.4
20,53,1,2,0.9,0.2,0.1,0.2,0.1,0.7,0.2,0.5,101.8
26,53,1,10,4.1,1.5,0.4,0.2,0,3.9,0.7,3,456.5
27,53,1,13,5.3,1.9,0.5,0.2,0,5.1,0.9,3.9,593.4
28,53,1,2,0.8,0.3,0.1,0,0,0.8,0.1,0.6,91.3
48,53,1,1,0.4,0.1,0,0,0,0.4,0.1,0.3,42.2
56,53,1,1,0.4,0.2,0,0,0,0.4,0,0.4,53.6
63,53,1,1,0.4,0.1,0.1,0,0.1,0.4,0,0.3,49.6
81,53,1,5,1.9,0.4,0.1,0,0.1,1.9,0.4,1.5,223
82,53,1,2,0.7,0.2,0.1,0,0,0.7,0.1,0.6,89.2
86,53,1,7,2.5,0.2,0.2,0.1,0.2,2.4,0.1,1.7,292.5
88,53,1,3,1.1,0.1,0.1,0.1,0.1,1,0,0.7,125.4
89,53,1,5,1.8,0.2,0.1,0.1,0.2,1.7,0.1,1.2,209
90,53,1,3,0.9,0.1,0.1,0,0.1,0.9,0,0.9,119.1
91,53,1,4,1.2,0.1,0.1,0,0.1,1.2,0.1,1.2,158.8
92,53,1,12,3.7,0.4,0.4,0,0.4,3.7,0.2,3.7,476.5
101,53,1,5,2.1,0.3,0.1,0,0.2,2.1,0.2,1.6,279.1
102,53,1,15,6.3,0.9,0.3,0,0.6,6.3,0.6,4.7,837.2
107,53,1,9,3.6,0.6,0.4,0,0.8,3.6,0.4,2.8,492.4
108,53,1,11,4.4,0.7,0.5,0,0.9,4.4,0.5,3.5,601.9
110,53,1,1,0.5,0.2,0,0,0,0.5,0,0.4,66.1
116,53,1,9,3.6,0.9,0.1,0,0.1,3.6,0.4,3.5,415.9
117,53,1,5,2,0.5,0.1,0,0.1,2,0.2,1.9,231.1
122,53,1,6,2.7,0.8,0.1,0.3,0.2,2.4,0.2,1.8,312.1
126,53,1,2,0.8,0.2,0,0,0.1,0.8,0.1,0.7,94.7
127,53,1,6,2.4,0.5,0.1,0.1,0.4,2.3,0.3,2.2,284.2
2,54,1,4,2,0.7,0,0.6,0.2,1.4,0.2,0.9,249.9
9,54,1,18,9.1,3.4,0,2.9,1,6.2,1,3.8,1124.6
10,54,1,18,8,2.1,0,0,1.3,8,0.4,6.3,1044.4
19,54,1,6,2.1,0.6,0.2,0.2,0.2,1.9,0.6,0.9,263.4
27,54,1,1,0.4,0.1,0,0,0,0.4,0,0.4,41.7
42,54,1,3,1.1,0.2,0.1,0.1,0.2,1,0.1,0.9,149.2
45,54,1,1.5,0.5,0.1,0,0,0.1,0.5,0,0.5,74.6
58,54,1,2,0.7,0.1,0.1,0,0.1,0.7,0.1,0.6,93.6
85,54,1,10,3.8,0.7,0.3,0,0.3,3.8,0.4,3.5,432.9
86,54,1,5,1.9,0.4,0.2,0,0.2,1.9,0.2,1.7,216.5
88,54,1,4,1.5,0.3,0.1,0,0.1,1.5,0.2,1.4,173.2
89,54,1,7.5,2.8,0.6,0.2,0,0.2,2.8,0.3,2.6,324.7
90,54,1,15,5.9,1.2,0.4,0,0.4,5.9,0.5,5.1,779.1
92,54,1,16,6.3,1.3,0.4,0,0.4,6.3,0.5,5.5,831.1
93,54,1,6,2.4,0.5,0.2,0,0.2,2.4,0.2,2.1,311.7
94,54,1,3,1.2,0.2,0.1,0,0.1,1.2,0.1,1,155.8
96,54,1,4,1.2,0.2,0.1,0,0.1,1.2,0.1,0.8,163.7
98,54,1,1,0.3,0,0,0,0,0.3,0,0.2,40.9
99,54,1,4,1.2,0.2,0.1,0,0.1,1.2,0.1,0.8,163.7
100,54,1,15,5.4,0.8,0.3,0,0.4,5.4,0.3,4.1,658.3
101,54,1,2,0.7,0.1,0,0,0.1,0.7,0,0.6,87.8
102,54,1,10,3.6,0.5,0.2,0,0.3,3.6,0.2,2.8,438.9
104,54,1,3,1.1,0.2,0.1,0,0.1,1.1,0.1,0.8,131.7
113,54,1,2,0.8,0.1,0,0,0.2,0.8,0.1,0.7,94.6
116,54,1,4,1.4,0.1,0.1,0,0,1.4,0,1.3,172.3
117,54,1,2,0.7,0.1,0,0,0,0.7,0,0.6,86.2
122,54,1,3,1.1,0.3,0.2,0,0.1,1.1,0,1.1,133.2
8,55,1,5,2.5,0.9,0,0.8,0.3,1.7,0.3,1.1,312.4
9,55,1,6,3,1.1,0,0.9,0.3,2.1,0.3,1.3,374.9
10,55,1,12,5.3,1.4,0,0,0.8,5.3,0.3,4.2,696.3
45,55,1,1,0.4,0.1,0,0,0.1,0.4,0,0.3,49.7
56,55,1,5,1.8,0.3,0.2,0,0.3,1.8,0.3,1.4,234.1
72,55,1,2,0.8,0.2,0,0,0,0.8,0.1,0.7,115.8
75,55,1,2,0.8,0.2,0,0,0,0.8,0.1,0.7,115.8
78,55,1,1,0.4,0.1,0,0,0,0.4,0,0.4,57.9
86,55,1,7,2.7,0.5,0.2,0,0.2,2.7,0.3,2.4,303.1
87,55,1,3,1.1,0.2,0.1,0,0.1,1.1,0.1,1,129.9
90,55,1,11,4.3,0.9,0.3,0,0.3,4.3,0.4,3.8,571.4
92,55,1,22,8.6,1.8,0.5,0,0.5,8.6,0.7,7.5,1142.7
93,55,1,2,0.8,0.2,0,0,0,0.8,0.1,0.7,103.9
96,55,1,6,1.9,0.3,0.2,0,0.1,1.9,0.2,1.3,245.6
100,55,1,8,2.9,0.4,0.2,0,0.2,2.9,0.2,2.2,351.1
101,55,1,7,2.5,0.4,0.2,0,0.2,2.5,0.2,1.9,307.2
110,55,1,6,2.4,0.2,0,0,0.7,2.4,0.3,2.1,283.9
111,55,1,4,1.6,0.1,0,0,0.5,1.6,0.2,1.4,189.3
112,55,1,3,1.2,0.1,0,0,0.3,1.2,0.2,1,141.9
115,55,1,25,8.6,0.9,0.6,0,0,8.6,0,8,1077.2
116,55,1,21,7.3,0.8,0.5,0,0,7.3,0,6.7,904.8
10,56,1,4,1.8,0.5,0,0,0.3,1.8,0.1,1.4,232.1
11,56,1,4,1.8,0.5,0,0,0.3,1.8,0.1,1.4,232.1
33,56,1,6,2.1,0.4,0.1,0,0.3,2.1,0.1,2,255.6
34,56,1,12,4.3,0.8,0.3,0,0.5,4.3,0.3,4,511.2
43,56,1,10,3.5,0.5,0.3,0.2,0.8,3.3,0.3,3,497.5
44,56,1,2,0.7,0.1,0.1,0,0.2,0.7,0.1,0.6,99.5
45,56,1,3,1.1,0.2,0.1,0.1,0.2,1,0.1,0.9,149.2
55,56,1,2,0.7,0.1,0.1,0,0.1,0.7,0.1,0.6,93.6
57,56,1,8,2.8,0.4,0.3,0,0.5,2.8,0.5,2.3,374.5
64,56,1,12,4.3,0.3,0.3,0,0,4.3,0.5,4,570.7
65,56,1,2,0.7,0,0,0,0,0.7,0.1,0.7,80.7
69,56,1,11,3.9,0.3,0.3,0,0.3,3.9,0.6,3.9,443.9
71,56,1,2,0.8,0.2,0,0,0,0.8,0.1,0.7,115.8
73,56,1,1,0.4,0.1,0,0,0,0.4,0,0.4,57.9
74,56,1,5,2,0.5,0,0,0,2,0.2,1.8,289.4
80,56,1,2,0.7,0.1,0,0,0.1,0.7,0.1,0.7,92.3
87,56,1,3,1.1,0.2,0.1,0,0.1,1.1,0.1,1,129.9
90,56,1,7,2.7,0.6,0.2,0,0.2,2.7,0.2,2.4,363.6
97,56,1,3,0.9,0.1,0.1,0,0,0.9,0.1,0.6,122.8
98,56,1,14,4.3,0.6,0.4,0,0.2,4.3,0.4,3,573
99,56,1,33,10.2,1.4,0.9,0,0.5,10.2,0.9,7,1350.7
101,56,1,7,2.5,0.4,0.2,0,0.2,2.5,0.2,1.9,307.2
102,56,1,9,3.2,0.5,0.2,0,0.3,3.2,0.2,2.5,395
103,56,1,8,2.9,0.4,0.2,0,0.2,2.9,0.2,2.2,351.1
110,56,1,4,1.6,0.1,0,0,0.5,1.6,0.2,1.4,189.3
114,56,1,10,4,0.3,0,0,1.1,4,0.6,3.4,473.1
115,56,1,18,6.2,0.7,0.4,0,0,6.2,0,5.8,775.6
120,56,1,6,2.3,0.6,0.3,0,0.3,2.3,0.1,2.2,266.5
121,56,1,22,8.4,2.2,1.2,0,0.9,8.4,0.3,8.1,977
11,57,1,2,0.9,0.2,0,0,0.1,0.9,0,0.7,116
12,57,1,3,1.3,0.3,0,0,0.2,1.3,0.1,1,174.1
33,57,1,8,2.8,0.5,0.2,0,0.4,2.8,0.2,2.7,340.8
34,57,1,12,4.3,0.8,0.3,0,0.5,4.3,0.3,4,511.2
35,57,1,2,0.9,0.2,0,0,0,0.9,0.1,0.7,111.3
41,57,1,2,0.7,0.1,0.1,0,0.2,0.7,0.1,0.6,99.5
57,57,1,2,0.7,0.1,0.1,0,0.1,0.7,0.1,0.6,93.6
58,57,1,5,1.8,0.3,0.2,0,0.3,1.8,0.3,1.4,234.1
68,57,1,9,3.1,0.2,0.2,0,0.2,3.1,0.4,3.1,363.2
69,57,1,15,5.2,0.4,0.4,0,0.4,5.2,0.8,5.2,605.2
80,57,1,17,6.2,0.6,0.3,0.2,0.5,6,0.6,5.7,784.8
81,57,1,2,0.7,0.1,0,0,0.1,0.7,0.1,0.7,92.3
84,57,1,2,0.7,0.1,0,0,0.1,0.7,0.1,0.7,92.3
85,57,1,3,1.1,0.2,0.1,0,0.1,1.1,0.1,1,129.9
89,57,1,7,2.7,0.5,0.2,0,0.2,2.7,0.3,2.4,303.1
90,57,1,5,2,0.4,0.1,0,0.1,2,0.2,1.7,259.7
91,57,1,7,2.7,0.6,0.2,0,0.2,2.7,0.2,2.4,363.6
99,57,1,2,0.6,0.1,0.1,0,0,0.6,0.1,0.4,81.9
100,57,1,3,1.1,0.2,0.1,0,0.1,1.1,0.1,0.8,131.7
101,57,1,3,1.1,0.2,0.1,0,0.1,1.1,0.1,0.8,131.7
102,57,1,2,0.7,0.1,0,0,0.1,0.7,0,0.6,87.8
103,57,1,2,0.7,0.1,0,0,0.1,0.7,0,0.6,87.8
104,57,1,15,5.4,0.8,0.3,0,0.4,5.4,0.3,4.1,658.3
105,57,1,3,1.3,0.1,0,0,0.2,1.3,0.1,1,151.5
106,57,1,10,4.2,0.3,0,0,0.6,4.2,0.3,3.2,505.2
107,57,1,3,1.3,0.1,0,0,0.2,1.3,0.1,1,151.5
108,57,1,2,0.8,0.1,0,0,0.1,0.8,0.1,0.6,101
111,57,1,3,1.2,0.1,0,0,0.3,1.2,0.2,1,141.9
112,57,1,3,1.2,0.1,0,0,0.3,1.2,0.2,1,141.9
120,57,1,26,9.9,2.6,1.5,0,1.1,9.9,0.4,9.5,1154.6
121,57,1,5,1.9,0.5,0.3,0,0.2,1.9,0.1,1.8,222
125,57,1,14,4.9,0.8,0.4,0,0,4.9,0.4,4.9,669.5
16,58,1,5,1.7,0.5,0.2,0.1,0.2,1.6,0.5,0.8,219.5
17,58,1,4,1.4,0.4,0.1,0.1,0.1,1.3,0.4,0.6,175.6
34,58,1,7,2.5,0.5,0.2,0,0.3,2.5,0.2,2.3,298.2
35,58,1,11,4.8,1.1,0,0,0,4.8,0.7,4,612.3
38,58,1,11,4.8,1.1,0,0,0,4.8,0.7,4,612.3
39,58,1,6,2.6,0.6,0,0,0,2.6,0.4,2.2,334
40,58,1,4,1.4,0.2,0.1,0.1,0.3,1.3,0.1,1.2,199
41,58,1,8,2.8,0.4,0.2,0.2,0.6,2.6,0.2,2.4,398
42,58,1,2,0.7,0.1,0.1,0,0.2,0.7,0.1,0.6,99.5
43,58,1,3,1.1,0.2,0.1,0.1,0.2,1,0.1,0.9,149.2
57,58,1,4,1.4,0.2,0.1,0,0.3,1.4,0.3,1.2,187.3
59,58,1,2,0.7,0.1,0.1,0,0.1,0.7,0.1,0.6,93.6
64,58,1,1,0.4,0,0,0,0,0.4,0,0.3,47.6
65,58,1,1,0.4,0,0,0,0,0.4,0,0.4,40.4
67,58,1,2,0.7,0,0,0,0,0.7,0.1,0.7,80.7
73,58,1,4,1.6,0.4,0,0,0,1.6,0.2,1.4,231.5
79,58,1,6,2.4,0.6,0,0,0,2.4,0.3,2.1,347.2
81,58,1,9,3.3,0.3,0.2,0.1,0.3,3.2,0.3,3,415.5
82,58,1,27,9.8,1,0.5,0.3,0.8,9.5,1,9,1246.4
83,58,1,20,7.2,0.8,0.4,0.2,0.6,7,0.8,6.7,923.2
84,58,1,26,9.4,1,0.5,0.2,0.7,9.2,1,8.7,1200.2
85,58,1,24,9.1,1.8,0.8,0,0.8,9.1,1,8.3,1039.1
86,58,1,2,0.8,0.1,0.1,0,0.1,0.8,0.1,0.7,86.6
87,58,1,19.5,7.4,1.4,0.6,0,0.6,7.4,0.8,6.8,844.2
90,58,1,1,0.4,0.1,0,0,0,0.4,0,0.3,51.9
91,58,1,8,3.1,0.7,0.2,0,0.2,3.1,0.3,2.7,415.5
92,58,1,17,6.7,1.4,0.4,0,0.4,6.7,0.6,5.8,883
100,58,1,29,10.4,1.5,0.6,0,0.9,10.4,0.6,8,1272.8
101,58,1,7,2.5,0.4,0.2,0,0.2,2.5,0.2,1.9,307.2
102,58,1,4,1.4,0.2,0.1,0,0.1,1.4,0.1,1.1,175.6
106,58,1,9,3.8,0.3,0,0,0.6,3.8,0.3,2.9,454.6
107,58,1,4,1.7,0.1,0,0,0.3,1.7,0.1,1.3,202.1
118,58,1,1,0.3,0,0,0,0,0.3,0,0.3,43.1
119,58,1,10,3.5,0.4,0.2,0,0,3.5,0,3.2,430.9
120,58,1,1,0.4,0.1,0.1,0,0,0.4,0,0.4,44.4
124,58,1,8,3,0.8,0.5,0,0.3,3,0.1,2.9,355.3
125,58,1,16,5.6,0.9,0.5,0,0,5.6,0.5,5.6,765.2
16,59,1,7,2.7,0.6,0.2,0.2,0.2,2.5,0.2,2.3,329.2
35,59,1,11,4.6,1.4,0,0,0,4.6,0.6,4.6,588.5
37,59,1,3,1.3,0.4,0,0,0,1.3,0.2,1.3,160.5
38,59,1,2,0.8,0.3,0,0,0,0.8,0.1,0.8,107
40,59,1,2,0.8,0.1,0.1,0,0.2,0.8,0,0.7,94.6
41,59,1,5,2,0.3,0.2,0.1,0.5,1.9,0.1,1.7,236.5
42,59,1,6,2.4,0.4,0.2,0.1,0.5,2.3,0.1,2,283.8
44,59,1,2,0.8,0.1,0.1,0,0.2,0.8,0,0.7,94.6
58,59,1,5,1.8,0.3,0.2,0,0.3,1.8,0.3,1.4,234.1
70,59,1,1,0.4,0.1,0,0,0.2,0.4,0.1,0.2,50.6
71,59,1,1,0.4,0.1,0,0,0.2,0.4,0.1,0.2,50.6
83,59,1,5,1.9,0.2,0.1,0.3,0.5,1.6,0.1,1.7,197
85,59,1,13,4.7,0.8,0.1,0.4,0.4,4.3,0.3,3.3,556.6
87,59,1,14.5,5.3,0.9,0.1,0.5,0.5,4.8,0.3,3.7,620.9
88,59,1,22,8,1.4,0.2,0.7,0.8,7.3,0.5,5.6,942
89,59,1,22,8,1.4,0.2,0.7,0.8,7.3,0.5,5.6,942
90,59,0,34,11,2,3,0,3,11,0,10,1346
91,59,1,27,9.5,1.5,1.5,0.4,1.3,9.1,0.4,8.2,1135.5
92,59,0,29,12,3,0,3,1,9,0,7,1295
100,59,1,1,0.4,0.1,0,0,0.1,0.4,0.1,0.2,48
101,59,1,1,0.4,0.1,0,0,0.1,0.4,0.1,0.2,48
102,59,1,20.5,8.3,2.7,0.5,0.7,1.2,7.6,1.5,4.7,984.7
103,59,1,8,3.3,1.1,0.2,0.3,0.5,3,0.6,1.8,384.3
104,59,1,4,1.6,0.5,0.1,0.1,0.2,1.5,0.3,0.9,192.1
105,59,1,12,4.3,0.7,0.3,0.2,0.9,4.1,0.2,3.3,562.5
106,59,1,9.5,3.4,0.5,0.3,0.1,0.7,3.3,0.1,2.6,445.3
124,59,1,5,2,0.4,0.2,0,0.3,2,0.1,1.7,252.8
14,60,1,1,0.3,0.1,0,0,0,0.3,0.1,0.2,43.9
15,60,1,5,2,0.4,0.2,0.2,0.1,1.8,0.1,1.6,235.1
19,60,1,3,1.2,0.2,0.1,0.1,0.1,1.1,0.1,1,141.1
20,60,1,32,12.4,3.6,0.9,0,0,12.4,0.9,11.6,1335.1
34,60,1,4,1.7,0.5,0,0,0,1.7,0.2,1.7,214
35,60,1,3,1.3,0.4,0,0,0,1.3,0.2,1.3,160.5
44,60,1,8,3.2,0.5,0.3,0.1,0.7,3.1,0.2,2.7,378.4
45,60,1,1,0.5,0.2,0,0,0,0.5,0,0.5,72.1
49,60,1,2,1.1,0.4,0,0.1,0,1,0.1,0.9,144.2
56,60,1,5,1.8,0.3,0.2,0,0.3,1.8,0.3,1.4,234.1
68,60,1,2,0.7,0,0,0,0,0.7,0.1,0.7,95.1
69,60,1,4,1.4,0.1,0.1,0,0,1.4,0.2,1.3,190.2
70,60,1,11,4.7,1.3,0,0.4,1.7,4.3,1.3,2.7,556.3
73,60,1,1,0.4,0.1,0,0,0.2,0.4,0.1,0.2,50.6
75,60,1,1,0.4,0.1,0,0,0,0.4,0,0.4,57.9
76,60,1,1,0.4,0.1,0,0,0,0.4,0,0.4,57.9
82,60,1,4,1.6,0.1,0.1,0.3,0.4,1.3,0.1,1.3,157.6
83,60,1,3,1.2,0.1,0.1,0.2,0.3,1,0.1,1,118.2
89,60,1,7,2.5,0.4,0,0.2,0.2,2.3,0.1,1.8,299.7
90,60,1,2,0.7,0.1,0.1,0,0.1,0.7,0,0.6,84.1
91,60,1,11,3.9,0.6,0.6,0.2,0.5,3.7,0.2,3.3,462.6
92,60,0,31,13,3,1,0,2,13,1,6,1574
94,60,1,11,3.9,0.6,0.6,0.2,0.5,3.7,0.2,3.3,462.6
103,60,1,25,10.2,3.3,0.6,0.9,1.5,9.3,1.8,5.7,1200.9
104,60,0,42,11,0,2,0,0,11,0,9,1404
105,60,1,9.5,3.4,0.5,0.3,0.1,0.7,3.3,0.1,2.6,445.3
124,60,1,21.5,8.6,1.8,0.9,0,1.4,8.6,0.5,7.2,1087.2
9,61,1,3,1.5,0.6,0,0.5,0.2,1,0.2,0.6,187.4
15,61,1,16,6.3,1.3,0.6,0.5,0.4,5.8,0.5,5.1,752.4
16,61,1,4,1.6,0.3,0.1,0.1,0.1,1.5,0.1,1.3,188.1
18,61,1,2,0.8,0.2,0.1,0.1,0,0.7,0.1,0.6,94
19,61,1,18,7.1,1.5,0.6,0.6,0.4,6.5,0.5,5.8,846.4
33,61,1,5,2.1,0.7,0,0,0,2.1,0.3,2.1,267.5
41,61,1,4.5,1.8,0.3,0.1,0.1,0.4,1.7,0.1,1.5,212.8
43,61,1,17,6.8,1.1,0.6,0.3,1.6,6.5,0.4,5.6,804
44,61,1,8,3.2,0.5,0.3,0.1,0.7,3.1,0.2,2.7,378.4
45,61,1,3,1.6,0.6,0,0.1,0,1.5,0.1,1.4,216.2
46,61,1,5,2.7,1,0,0.2,0,2.5,0.2,2.3,360.4
55,61,1,3,1.1,0.2,0.1,0,0.2,1.1,0.2,0.9,140.4
56,61,1,10,3.6,0.5,0.3,0,0.7,3.6,0.7,2.9,468.1
68,61,1,2,0.7,0,0,0,0,0.7,0.1,0.7,95.1
71,61,1,2,0.8,0.2,0,0,0.3,0.8,0.2,0.5,101.2
72,61,1,10,4.2,1.2,0,0.3,1.5,3.9,1.2,2.4,505.8
75,61,1,4,1.6,0.4,0,0,0,1.6,0.2,1.4,231.5
76,61,1,4,1.6,0.4,0,0,0,1.6,0.2,1.4,231.5
81,61,1,6.5,2.5,0.2,0.1,0.5,0.6,2,0.1,2.2,256.1
82,61,0,30,13,3,0,0,1,13,0,13,1386
83,61,1,6.5,2.5,0.2,0.1,0.5,0.6,2,0.1,2.2,256.1
86,61,1,2,0.7,0.1,0,0.1,0.1,0.6,0,0.5,85.6
89,61,1,12,4.4,0.7,0.1,0.4,0.4,4,0.2,3.1,513.8
90,61,0,40,17,5,0,2,1,15,2,6,1595
91,61,1,13,4.6,0.7,0.7,0.2,0.6,4.4,0.2,4,546.7
92,61,1,1,0.4,0.1,0.1,0,0,0.4,0,0.3,42.1
95,61,1,3,0.9,0.1,0.1,0,0,0.9,0.1,0.6,122.8
104,61,1,12,4.9,1.6,0.3,0.4,0.7,4.5,0.9,2.7,576.4
105,61,1,6,2.1,0.3,0.2,0.1,0.4,2,0.1,1.6,281.2
114,61,1,8,3.6,1.1,0.2,0,0.7,3.6,0.5,3.2,356.7
115,61,1,5.5,2.5,0.8,0.2,0,0.5,2.5,0.3,2.2,245.3
117,61,1,1,0.5,0.1,0,0,0.1,0.5,0.1,0.4,44.6
123,61,1,4,1.6,0.3,0.2,0,0.3,1.6,0.1,1.3,202.3
124,61,1,7,2.8,0.6,0.3,0,0.4,2.8,0.1,2.4,354
127,61,1,1,0.4,0.1,0.1,0,0,0.4,0,0.3,48.4
15,62,1,18,7.1,1.5,0.6,0.6,0.4,6.5,0.5,5.8,846.4
16,62,1,20,7.8,1.6,0.7,0.6,0.5,7.2,0.6,6.4,940.5
17,62,0,24,13,6,0,0,1,13,1,8,1152
18,62,0,31,11,3,2,0,0,11,1,9,1193
19,62,1,14,5.5,1.1,0.5,0.4,0.3,5.1,0.4,4.5,658.3
29,62,1,3,1.2,0.3,0.1,0,0,1.2,0.1,1.1,125.2
32,62,1,3,1.3,0.4,0,0,0,1.3,0.2,1.3,160.5
33,62,1,7,2.9,0.9,0,0,0,2.9,0.4,2.9,374.5
42,62,1,7,2.8,0.5,0.2,0.1,0.6,2.7,0.2,2.3,331.1
43,62,1,18,7.2,1.2,0.6,0.3,1.6,6.9,0.4,6,851.3
44,62,1,23,9.2,1.5,0.8,0.4,2.1,8.8,0.6,7.6,1087.8
46,62,1,3,1.6,0.6,0,0.1,0,1.5,0.1,1.4,216.2
47,62,1,2,1.1,0.4,0,0.1,0,1,0.1,0.9,144.2
59,62,1,1,0.4,0.1,0,0,0.1,0.4,0.1,0.3,46.8
60,62,1,2.5,0.9,0.1,0.1,0,0,0.9,0.1,0.8,118.9
63,62,1,2,0.7,0,0,0,0,0.7,0.1,0.7,95.1
69,62,1,13,4.7,0.3,0.3,0,0,4.7,0.5,4.4,618.3
76,62,1,7,2.8,0.7,0,0,0,2.8,0.3,2.4,405.1
83,62,1,5,1.9,0.2,0.1,0.3,0.5,1.6,0.1,1.7,197
84,62,1,24,9.3,0.9,0.4,1.8,2.2,7.5,0.4,8,945.8
87,62,1,5,1.8,0.3,0,0.2,0.2,1.6,0.1,1.3,214.1
88,62,1,2,0.7,0.1,0,0.1,0.1,0.6,0,0.5,85.6
89,62,1,9,3.3,0.6,0.1,0.3,0.3,3,0.2,2.3,385.4
90,62,1,36,12.7,2,2,0.6,1.7,12.1,0.6,10.9,1514
91,62,1,4,1.4,0.2,0.2,0.1,0.2,1.3,0.1,1.2,168.2
92,62,1,5,1.8,0.3,0.3,0.1,0.2,1.7,0.1,1.5,210.3
97,62,1,1,0.3,0,0,0,0,0.3,0,0.2,40.9
103,62,1,9,3.7,1.2,0.2,0.3,0.5,3.4,0.6,2,432.3
105,62,1,7,2.5,0.4,0.2,0.1,0.5,2.4,0.1,1.9,328.1
107,62,1,12,4.3,0.7,0.3,0.2,0.9,4.1,0.2,3.3,562.5
108,62,1,1,0.4,0.1,0,0,0.1,0.4,0,0.3,46.9
109,62,1,4,1.4,0.2,0.1,0,0.3,1.4,0.1,1.1,187.5
117,62,1,1,0.5,0.1,0,0,0.1,0.5,0.1,0.4,44.6
124,62,1,10,4,0.8,0.4,0,0.6,4,0.2,3.4,505.7
126,62,1,1,0.4,0.1,0.1,0,0,0.4,0,0.3,48.4
0,63,1,17,7.4,1.4,0,0,0.5,7.4,0.5,7.4,963.9
1,63,1,20,8.6,1.6,0,0,0.5,8.6,0.5,8.6,1134.1
9,63,1,1.5,0.8,0.3,0,0.3,0.1,0.5,0.1,0.3,93.7
13,63,1,14,4.8,1.3,0.4,0.4,0.4,4.4,1.3,2.2,614.7
14,63,1,2,0.7,0.2,0.1,0.1,0.1,0.6,0.2,0.3,87.8
15,63,1,14,5.5,1.1,0.5,0.4,0.3,5.1,0.4,4.5,658.3
16,63,1,4,1.6,0.3,0.1,0.1,0.1,1.5,0.1,1.3,188.1
17,63,1,25,9.8,2,0.9,0.7,0.6,9.1,0.7,8,1175.6
18,63,1,21,8.2,1.7,0.7,0.6,0.5,7.6,0.6,6.8,987.5
42,63,1,3,1.2,0.2,0.1,0.1,0.3,1.1,0.1,1,141.9
43,63,1,7,2.8,0.5,0.2,0.1,0.6,2.7,0.2,2.3,331.1
44,63,1,10,4,0.7,0.3,0.2,0.9,3.8,0.2,3.3,472.9
46,63,1,2,1.1,0.4,0,0.1,0,1,0.1,0.9,144.2
47,63,1,3,1.6,0.6,0,0.1,0,1.5,0.1,1.4,216.2
48,63,1,3,1.6,0.6,0,0.1,0,1.5,0.1,1.4,216.2
51,63,1,2,0.7,0.1,0.1,0,0.1,0.7,0.1,0.6,93.6
59,63,1,3,1.1,0.2,0.1,0,0.2,1.1,0.2,0.9,140.4
60,63,1,7,2.5,0.1,0.1,0,0,2.5,0.3,2.4,332.9
68,63,1,2,0.7,0,0,0,0,0.7,0.1,0.7,95.1
72,63,1,7,3,0.8,0,0.2,1.1,2.8,0.8,1.7,354
86,63,1,2,0.7,0.1,0,0.1,0.1,0.6,0,0.5,85.6
87,63,1,2,0.7,0.1,0,0.1,0.1,0.6,0,0.5,85.6
89,63,1,33,12,2,0.2,1.1,1.1,10.9,0.7,8.4,1413
90,63,1,15,5.3,0.8,0.8,0.3,0.7,5,0.2,4.6,630.8
101,63,1,3,1.2,0.4,0.1,0.1,0.2,1.1,0.2,0.7,144.1
105,63,1,5,1.8,0.3,0.1,0.1,0.4,1.7,0.1,1.4,234.4
106,63,1,2,0.7,0.1,0.1,0,0.1,0.7,0,0.5,93.7
109,63,1,2,0.7,0.1,0.1,0,0.1,0.7,0,0.5,93.7
110,63,1,4,1.8,0.6,0.1,0,0.3,1.8,0.2,1.6,178.4
111,63,1,3,1.4,0.4,0.1,0,0.3,1.4,0.2,1.2,133.8
116,63,1,1,0.5,0.1,0,0,0.1,0.5,0.1,0.4,44.6
118,63,1,12,5.4,1.7,0.3,0,1,5.4,0.7,4.7,535.1
125,63,1,2,0.8,0.2,0.1,0,0.1,0.8,0,0.7,96.9
127,63,1,14,5.8,1.6,0.8,0,0.4,5.8,0,4.7,678.2
0,64,1,22,8.4,2,1.1,0,0.9,8.4,0.9,7.5,1069.4
1,64,0,29,11,0,0,0,3,11,1,10,1240
12,64,1,6,2.4,0.7,0.1,0.1,0.1,2.3,0.1,2.2,282.1
13,64,1,4,1.6,0.5,0.1,0.1,0.1,1.5,0,1.5,188.1
14,64,0,45,15,2,2,0,2,15,0,15,1765
15,64,1,9,3.8,0.8,0.1,0,0.6,3.8,0.3,3.5,479.4
16,64,1,14,5.9,1.2,0.2,0,0.9,5.9,0.5,5.4,745.7
17,64,0,33.5,13,3,2,0,1,13,3,13,1440
18,64,1,5,2.1,0.4,0.1,0,0.3,2.1,0.2,1.9,266.3
43,64,1,16,5.9,1.1,0.4,0.1,0.2,5.8,0.9,5.1,704.5
44,64,1,10,3.7,0.7,0.2,0.1,0.2,3.6,0.5,3.2,440.3
45,64,1,8,3.9,1.6,0.2,0.3,0.2,3.6,0.5,3.2,438
46,64,1,3,1.5,0.6,0.1,0.2,0.1,1.3,0.2,1.2,164.3
47,64,1,11,5.4,2.2,0.2,0.5,0.2,4.9,0.7,4.4,602.3
48,64,1,5,2.4,1,0.1,0.2,0.1,2.2,0.3,2,273.8
49,64,1,1,0.5,0.2,0,0,0,0.5,0.1,0.4,54.8
51,64,1,4,1.8,0.6,0.1,0,0.1,1.8,0.4,1.5,212.7
54,64,1,1,0.4,0.2,0,0,0,0.4,0.1,0.4,53.2
58,64,1,4,1.6,0.5,0.1,0.1,0.1,1.5,0.1,1.5,157.4
59,64,1,15,5.9,2,0.6,0.3,0.3,5.6,0.6,5.6,590.2
60,64,1,5,2.3,0.8,0.2,0.3,0.3,2,0.3,1.9,265.8
68,64,1,7,2.3,0.2,0.2,0,0,2.3,0.3,1.7,253.2
69,64,1,5,1.7,0.1,0.1,0,0,1.7,0.2,1.2,180.9
71,64,1,3,1.4,0.4,0.1,0,0.2,1.4,0.1,1.4,166
73,64,1,2,0.9,0.3,0.1,0,0.1,0.9,0.1,0.9,110.6
86,64,1,6,2.1,0.4,0.1,0.1,0.1,2,0,1.8,242.7
87,64,1,1,0.3,0.1,0,0,0,0.3,0,0.3,40.4
88,64,1,13,4.5,0.8,0.3,0.3,0.3,4.2,0,4,525.8
89,64,1,11,3.8,0.7,0.2,0.2,0.2,3.6,0,3.4,444.9
103,64,1,4,1.6,0.4,0.2,0,0.1,1.6,0.2,1.2,206.1
104,64,1,6.5,2.6,0.6,0.4,0,0.2,2.6,0.3,2,334.9
109,64,1,1,0.4,0.1,0.1,0,0,0.4,0,0.3,51.5
114,64,1,9,2.9,0.3,0.2,0,0.3,2.9,0,2.8,353.2
115,64,1,20,6.4,0.5,1.4,0,0.9,6.4,0.5,6.4,1032.3
116,64,1,2,0.6,0,0.1,0,0.1,0.6,0,0.6,103.2
120,64,1,3,1.2,0.2,0.1,0,0.1,1.2,0.2,1.2,141.8
123,64,1,5,2,0.3,0.2,0,0.2,2,0.4,1.9,236.3
125,64,1,10,3.5,0.6,0.6,0,0.3,3.5,0.2,3.1,387.3
126,64,1,17,6,1,1,0,0.5,6,0.3,5.2,658.5
127,64,1,5.5,1.9,0.3,0.3,0,0.2,1.9,0.1,1.7,213
0,65,1,26,9.9,2.4,1.3,0,1.1,9.9,1.1,8.8,1263.8
1,65,1,12,4.6,1.1,0.6,0,0.5,4.6,0.5,4.1,583.3
5,65,1,3,1.1,0.3,0,0,0.1,1.1,0.1,0.9,133.2
6,65,1,14,5.3,1.2,0.2,0.1,0.4,5.2,0.3,4.3,621.4
7,65,1,11,4.1,1,0.2,0.1,0.4,4,0.3,3.3,488.2
8,65,1,4,1.5,0.4,0.1,0,0.1,1.5,0.1,1.2,177.5
12,65,1,1,0.4,0.1,0,0,0,0.4,0,0.4,47
13,65,1,5,2,0.6,0.1,0.1,0.1,1.9,0.1,1.8,235.1
18,65,1,7,3,0.6,0.1,0,0.4,3,0.3,2.7,372.8
19,65,1,2,0.9,0.2,0,0,0.1,0.9,0.1,0.8,106.5
42,65,1,7.5,2.8,0.5,0.2,0.1,0.1,2.7,0.4,2.4,330.2
43,65,1,25,9.2,1.7,0.6,0.2,0.4,9,1.3,8,1100.8
50,65,1,1,0.4,0.2,0,0,0,0.4,0.1,0.4,53.2
57,65,1,1,0.4,0.1,0,0,0,0.4,0,0.4,39.3
58,65,1,1,0.4,0.1,0,0,0,0.4,0,0.4,39.3
59,65,1,7,2.7,0.9,0.3,0.1,0.1,2.6,0.3,2.6,275.4
60,65,1,11,5,1.8,0.4,0.7,0.7,4.3,0.7,4.3,584.8
64,65,1,1,0.5,0.2,0,0.1,0.1,0.4,0.1,0.4,53.2
68,65,1,23,7.7,0.5,0.5,0,0,7.7,1,5.6,832.1
72,65,1,3,1.4,0.4,0.1,0,0.2,1.4,0.1,1.4,166
86,65,1,7,2.4,0.4,0.1,0.1,0.1,2.3,0,2.1,283.1
87,65,1,4,1.4,0.2,0.1,0.1,0.1,1.3,0,1.2,161.8
89,65,1,4,1.4,0.2,0.1,0.1,0.1,1.3,0,1.2,161.8
103,65,1,21,8.3,2,1.2,0,0.6,8.3,0.9,6.3,1081.9
104,65,1,6.5,2.6,0.6,0.4,0,0.2,2.6,0.3,2,334.9
113,65,1,28,8.9,0.8,0.5,0,0.8,8.9,0,8.6,1098.8
114,65,1,6,1.9,0.2,0.1,0,0.2,1.9,0,1.9,235.5
121,65,1,6,2.4,0.4,0.2,0,0.2,2.4,0.5,2.3,283.6
0,66,0,22,11,3,0,0,0,11,0,10,1434
1,66,1,3,1.1,0.3,0.2,0,0.1,1.1,0.1,1,145.8
2,66,1,2,0.8,0.2,0.1,0,0.1,0.8,0.1,0.7,97.2
6,66,1,23,8.6,2,0.4,0.2,0.7,8.4,0.6,7,1020.8
7,66,0,28,12,3,0,0,3,12,3,7,1217
8,66,1,2,0.8,0.2,0,0,0.1,0.8,0,0.6,88.8
11,66,1,4,1.6,0.5,0.1,0.1,0.1,1.5,0,1.5,188.1
14,66,1,18,7.2,2.2,0.4,0.4,0.4,6.8,0.2,6.6,846.4
16,66,1,1,0.4,0.1,0,0,0.1,0.4,0,0.4,53.3
17,66,1,4.5,1.9,0.4,0.1,0,0.3,1.9,0.2,1.7,239.7
18,66,1,10,4.2,0.9,0.1,0,0.6,4.2,0.4,3.9,532.6
19,66,1,4,1.7,0.4,0,0,0.2,1.7,0.2,1.6,213.1
36,66,1,3,1.1,0.2,0.1,0.1,0.1,1,0.1,1,134.8
41,66,1,5,1.8,0.3,0.1,0,0.1,1.8,0.3,1.6,220.2
42,66,1,34,12.5,2.3,0.8,0.3,0.5,12.2,1.8,10.9,1497
43,66,1,7,2.6,0.5,0.2,0.1,0.1,2.5,0.4,2.3,308.2
45,66,1,4,2,0.8,0.1,0.2,0.1,1.8,0.3,1.6,219
46,66,1,6,2.9,1.2,0.1,0.3,0.1,2.6,0.4,2.4,328.5
47,66,1,4,2,0.8,0.1,0.2,0.1,1.8,0.3,1.6,219
48,66,1,1,0.5,0.2,0,0,0,0.5,0.1,0.4,54.8
51,66,1,1,0.4,0.2,0,0,0,0.4,0.1,0.4,53.2
59,66,1,14,5.5,1.8,0.5,0.3,0.3,5.2,0.5,5.2,550.8
60,66,1,9,4.1,1.5,0.3,0.6,0.6,3.5,0.6,3.5,478.5
67,66,1,4,1.3,0.1,0.1,0,0,1.3,0.2,1,144.7
68,66,0,51,16,1,1,0,2,16,4,8,1614
73,66,1,5,2.3,0.7,0.2,0,0.4,2.3,0.2,2.3,276.6
87,66,1,3,1,0.2,0.1,0,0.1,1,0,0.9,121.3
102,66,1,1,0.4,0.1,0.1,0,0,0.4,0,0.3,51.5
111,66,1,2,0.6,0.1,0,0,0.1,0.6,0,0.6,78.5
113,66,1,29,9.2,0.8,0.5,0,0.8,9.2,0,8.9,1138
114,66,1,9,2.9,0.3,0.2,0,0.3,2.9,0,2.8,353.2
121,66,1,4,1.6,0.2,0.2,0,0.2,1.6,0.3,1.6,189.1
122,66,1,2,0.8,0.1,0.1,0,0.1,0.8,0.2,0.8,94.5
0,67,0,39,17,5,1,3,3,14,2,10,1900
1,67,0,63,26,9,3,8,5,18,5,11,2529
2,67,1,20,7.6,1.9,1,0,0.8,7.6,0.8,6.8,972.2
6,67,1,11,4.1,1,0.2,0.1,0.4,4,0.3,3.3,488.2
7,67,1,18,6.8,1.6,0.3,0.2,0.6,6.6,0.4,5.5,798.9
10,67,1,4,1.6,0.5,0.1,0.1,0.1,1.5,0,1.5,188.1
11,67,1,4,1.6,0.5,0.1,0.1,0.1,1.5,0,1.5,188.1
12,67,1,4,1.6,0.5,0.1,0.1,0.1,1.5,0,1.5,188.1
14,67,1,2,0.8,0.2,0,0,0,0.8,0,0.7,94
16,67,1,5,2.1,0.4,0.1,0,0.3,2.1,0.2,1.9,266.3
17,67,1,8,3.4,0.7,0.1,0,0.5,3.4,0.3,3.1,426.1
34,67,1,5,1.8,0.4,0.2,0.1,0.2,1.7,0.2,1.7,224.7
36,67,1,3,1.1,0.2,0.1,0.1,0.1,1,0.1,1,134.8
41,67,1,2,0.7,0.1,0,0,0,0.7,0.1,0.6,88.1
42,67,1,7,2.6,0.5,0.2,0.1,0.1,2.5,0.4,2.3,308.2
43,67,1,1,0.4,0.1,0,0,0,0.4,0.1,0.3,44
51,67,1,6,2.7,0.9,0.2,0,0.2,2.7,0.6,2.2,319.1
59,67,1,7.5,2.9,1,0.3,0.1,0.1,2.8,0.3,2.8,295.1
76,67,1,2,0.9,0.3,0.1,0,0.1,0.9,0.1,0.9,110.6
90,67,1,2,0.9,0.4,0.1,0,0,0.9,0.2,0.8,148.2
101,67,1,1,0.4,0.1,0.1,0,0,0.4,0,0.3,51.5
104,67,1,4,1.6,0.4,0.2,0,0.1,1.6,0.2,1.2,206.1
114,67,1,22,7,0.6,0.4,0,0.6,7,0,6.8,863.3
115,67,1,6,1.9,0.1,0.4,0,0.3,1.9,0.1,1.9,309.7
120,67,1,3,1.2,0.2,0.1,0,0.1,1.2,0.2,1.2,141.8
121,67,1,16,6.5,1,0.7,0,0.7,6.5,1.3,6.2,756.2
126,67,1,2,0.7,0.1,0.1,0,0.1,0.7,0,0.6,77.5
127,67,1,2,0.7,0.1,0.1,0,0.1,0.7,0,0.6,77.5
0,68,0,48.5,16,1,2,0,2,16,2,10,2082
1,68,0,70,26,6,3,7,5,19,6,16,2615
2,68,1,12,4.6,1.1,0.6,0,0.5,4.6,0.5,4.1,583.3
6,68,1,3,1.1,0.3,0,0,0.1,1.1,0.1,0.9,133.2
7,68,1,7,2.6,0.6,0.1,0,0.2,2.6,0.2,2.1,310.7
8,68,1,4,1.5,0.4,0.1,0,0.1,1.5,0.1,1.2,177.5
9,68,1,12,4.5,1.1,0.2,0.1,0.4,4.4,0.3,3.6,532.6
10,68,1,16,6.4,2,0.4,0.4,0.4,6,0.2,5.9,752.4
11,68,1,14,5.6,1.7,0.3,0.3,0.3,5.3,0.2,5.1,658.3
16,68,1,4,1.7,0.4,0,0,0.2,1.7,0.2,1.6,213.1
34,68,1,3,1.1,0.2,0.1,0.1,0.1,1,0.1,1,134.8
40,68,1,1,0.4,0.1,0,0,0,0.4,0.1,0.3,44
41,68,1,4,1.5,0.3,0.1,0,0.1,1.5,0.2,1.3,176.1
42,68,1,7,2.6,0.5,0.2,0.1,0.1,2.5,0.4,2.3,308.2
43,68,1,4,1.5,0.3,0.1,0,0.1,1.5,0.2,1.3,176.1
45,68,1,2,1,0.4,0,0.1,0,0.9,0.1,0.8,109.5
50,68,1,4,1.8,0.6,0.1,0,0.1,1.8,0.4,1.5,212.7
58,68,1,2,0.8,0.3,0.1,0,0,0.8,0.1,0.7,78.7
59,68,1,2,0.8,0.3,0.1,0,0,0.8,0.1,0.7,78.7
61,68,1,5,2.3,0.8,0.2,0.3,0.3,2,0.3,1.9,265.8
67,68,1,6,2,0.1,0.1,0,0,2,0.3,1.5,217.1
73,68,1,3,1.4,0.4,0.1,0,0.2,1.4,0.1,1.4,166
76,68,1,1,0.5,0.1,0,0,0.1,0.5,0,0.5,55.3
90,68,1,7,3.2,1.5,0.3,0,0,3.2,0.9,2.6,518.9
98,68,1,3,1.4,0.6,0.1,0,0,1.4,0.4,1.1,222.4
111,68,1,2,0.6,0.1,0,0,0.1,0.6,0,0.6,78.5
115,68,1,3,1,0.1,0.2,0,0.1,1,0.1,1,154.8
119,68,1,13,4.1,0.3,0.9,0,0.6,4.1,0.3,4.1,671
120,68,1,2,0.8,0.1,0.1,0,0.1,0.8,0.2,0.8,94.5
121,68,1,8,3.3,0.5,0.3,0,0.3,3.3,0.7,3.1,378.1
126,68,1,7,2.5,0.4,0.4,0,0.2,2.5,0.1,2.1,271.1
127,68,1,12,4.2,0.7,0.7,0,0.4,4.2,0.2,3.7,464.8
0,69,0,48,19,4,2,2,2,17,2,17,1951
1,69,1,6.5,2.4,0.2,0.1,0,0.2,2.4,0.2,2.2,272.3
2,69,1,8,3,0.3,0.2,0,0.3,3,0.2,2.7,335.2
8,69,1,1,0.4,0.1,0,0,0,0.4,0,0.3,44.4
10,69,1,23,9,1.5,0.3,0,0.5,9,0.5,8,1018.5
11,69,1,22,8.6,1.5,0.3,0,0.4,8.6,0.4,7.7,974.2
36,69,1,4,1.4,0.3,0.2,0.1,0.2,1.3,0.2,1.4,179.7
41,69,1,14,4.7,0.5,0.7,0,0,4.7,0,4.7,569.1
42,69,1,16,5.3,0.6,0.8,0,0,5.3,0,5.3,650.4
52,69,1,3,1.1,0.2,0.1,0,0,1.1,0.1,1.1,142.3
58,69,1,2,0.9,0.3,0.1,0,0.1,0.9,0.2,0.7,106.4
60,69,1,5,2.4,0.8,0,0,0.4,2.4,0.6,2.1,329
61,69,1,3,1.5,0.5,0,0,0.2,1.5,0.4,1.2,197.4
62,69,1,4,1.9,0.6,0,0,0.3,1.9,0.5,1.6,263.2
66,69,1,4,1.9,0.6,0,0,0.3,1.9,0.5,1.6,263.2
91,69,1,1,0.5,0.2,0,0,0,0.5,0.1,0.4,74.1
108,69,1,2,0.8,0.2,0.1,0,0.1,0.8,0.1,0.6,103
110,69,1,3,1.2,0.4,0.2,0,0.1,1.2,0.3,0.9,142.5
111,69,1,2,0.8,0.2,0.1,0,0.1,0.8,0.2,0.6,95
121,69,1,2,0.7,0.1,0,0,0,0.7,0.1,0.6,72.2
122,69,1,4,1.3,0.1,0,0,0,1.3,0.1,1.1,144.4
127,69,1,1,0.4,0.1,0,0,0,0.4,0.1,0.4,48.9
0,70,1,23,8.6,0.9,0.4,0,0.9,8.6,0.7,7.7,963.6
1,70,1,14,5.2,0.5,0.3,0,0.5,5.2,0.4,4.7,586.5
3,70,1,20,7.5,0.8,0.4,0,0.8,7.5,0.6,6.7,837.9
10,70,1,18,7,1.2,0.2,0,0.4,7,0.4,6.3,797.1
11,70,1,11,4.3,0.7,0.1,0,0.2,4.3,0.2,3.8,487.1
12,70,1,15,5.8,1,0.2,0,0.3,5.8,0.3,5.2,664.3
18,70,1,1,0.4,0.1,0,0,0.1,0.4,0,0.4,53.3
25,70,1,3,1.1,0.1,0,0,0,1.1,0,0.8,135.1
26,70,1,4,1.5,0.1,0,0,0,1.5,0,1,180.1
31,70,1,2.5,0.9,0.2,0.1,0.1,0.1,0.8,0.1,0.9,112.3
33,70,1,3,1.1,0.2,0.1,0.1,0.1,1,0.1,1,134.8
36,70,1,2,0.7,0.2,0.1,0,0.1,0.7,0.1,0.7,89.9
37,70,1,5,1.8,0.4,0.2,0.1,0.2,1.7,0.2,1.7,224.7
52,70,1,1,0.4,0.1,0,0,0,0.4,0,0.4,47.4
53,70,1,4,1.5,0.3,0.1,0,0.1,1.5,0.2,1.4,189.7
54,70,1,9,3.3,0.7,0.3,0,0.1,3.3,0.4,3.2,426.8
55,70,1,2,0.9,0.3,0.1,0,0.1,0.9,0.2,0.7,106.4
61,70,1,2,1,0.3,0,0,0.2,1,0.3,0.8,131.6
63,70,1,3,1.5,0.5,0,0,0.2,1.5,0.4,1.2,197.4
66,70,1,5,2.4,0.8,0,0,0.4,2.4,0.6,2.1,329
89,70,1,10,3.7,0.3,0.1,0,0.3,3.7,0.3,3.7,480.9
97,70,1,1,0.5,0.2,0,0,0,0.5,0.1,0.4,74.1
98,70,1,1,0.5,0.2,0,0,0,0.5,0.1,0.4,74.1
99,70,1,1,0.5,0.2,0,0,0,0.5,0.1,0.4,74.1
108,70,1,10,4,1,0.5,0,0.3,4,0.4,3,515.2
110,70,1,1,0.4,0.1,0.1,0,0,0.4,0.1,0.3,47.5
113,70,1,4,1.6,0.5,0.2,0,0.1,1.6,0.4,1.2,190.1
4,71,1,10,3.7,0.4,0.2,0,0.4,3.7,0.3,3.3,418.9
10,71,1,16,6.2,1.1,0.2,0,0.3,6.2,0.3,5.6,708.5
11,71,0,43.5,13,1,2,0,1,13,0,11,1440
12,71,0,45.5,17,4,1,0,3,17,1,15,1718
13,71,1,5,1.9,0.3,0.1,0,0.1,1.9,0.1,1.7,221.4
26,71,1,6,2.2,0.2,0,0,0,2.2,0,1.5,270.2
27,71,1,5,1.9,0.2,0,0,0,1.9,0,1.2,225.2
28,71,1,4,1.5,0.1,0,0,0,1.5,0,1,180.1
35,71,1,1,0.4,0.1,0,0,0,0.4,0,0.3,44.9
36,71,1,13,4.7,1,0.6,0.4,0.6,4.3,0.5,4.4,584.2
37,71,1,8,2.9,0.6,0.4,0.2,0.4,2.7,0.3,2.7,359.5
38,71,1,9,3.2,0.7,0.4,0.2,0.4,3,0.4,3.1,404.4
39,71,1,13,4.7,1,0.6,0.4,0.6,4.3,0.5,4.4,584.2
52,71,1,20,7.3,1.7,0.7,0,0.3,7.3,1,7.1,948.4
53,71,1,14,5.1,1.2,0.5,0,0.2,5.1,0.7,5,663.9
54,71,1,13,4.7,1.1,0.4,0,0.2,4.7,0.6,4.6,616.5
57,71,1,9,4,1.4,0.2,0,0.2,4,0.9,3.3,478.7
60,71,1,2,1,0.3,0,0,0.2,1,0.3,0.8,131.6
65,71,1,1,0.5,0.2,0,0,0.1,0.5,0.1,0.4,65.8
81,71,1,2,0.7,0.1,0,0,0.1,0.7,0.1,0.7,96.2
89,71,1,4,1.5,0.1,0.1,0,0.1,1.5,0.1,1.5,192.4
96,71,1,2,0.9,0.4,0.1,0,0,0.9,0.2,0.8,148.2
99,71,1,6,2.8,1.2,0.2,0,0,2.8,0.8,2.2,444.8
104,71,1,2,0.8,0.2,0.1,0,0.1,0.8,0.1,0.6,103
110,71,1,1,0.4,0.1,0.1,0,0,0.4,0.1,0.3,47.5
114,71,1,4,1.6,0.5,0.2,0,0.1,1.6,0.4,1.2,190.1
127,71,1,2,0.9,0.3,0,0,0,0.9,0.1,0.9,97.8
3,72,1,6,2.2,0.2,0.1,0,0.2,2.2,0.2,2,251.4
4,72,1,4,1.5,0.2,0.1,0,0.2,1.5,0.1,1.3,167.6
7,72,1,10,3.8,0.9,0.2,0.1,0.3,3.7,0.2,3,443.8
11,72,1,16,6.2,1.1,0.2,0,0.3,6.2,0.3,5.6,708.5
12,72,1,18.5,7.2,1.2,0.2,0,0.4,7.2,0.4,6.5,819.3
13,72,1,5,1.9,0.3,0.1,0,0.1,1.9,0.1,1.7,221.4
15,72,1,1,0.4,0.1,0,0,0.1,0.4,0,0.4,53.3
20,72,1,3,1.1,0.1,0,0,0,1.1,0,0.8,135.1
31,72,1,4,1.4,0.3,0.2,0.1,0.2,1.3,0.2,1.4,179.7
32,72,1,2,0.7,0.2,0.1,0,0.1,0.7,0.1,0.7,89.9
38,72,1,3,1.1,0.2,0.1,0.1,0.1,1,0.1,1,134.8
39,72,1,15,5.4,1.2,0.7,0.4,0.7,5,0.6,5.1,674
40,72,1,5,1.7,0.2,0.3,0,0,1.7,0,1.7,203.2
41,72,1,4,1.3,0.1,0.2,0,0,1.3,0,1.3,162.6
52,72,1,23,8.4,1.9,0.8,0,0.4,8.4,1.1,8.2,1090.7
53,72,1,10,3.6,0.8,0.3,0,0.2,3.6,0.5,3.6,474.2
57,72,1,6,2.7,0.9,0.2,0,0.2,2.7,0.6,2.2,319.1
61,72,1,1,0.5,0.2,0,0,0.1,0.5,0.1,0.4,65.8
63,72,1,4,1.9,0.6,0,0,0.3,1.9,0.5,1.6,263.2
77,72,1,2,0.9,0.3,0.1,0,0.1,0.9,0.1,0.9,110.6
79,72,1,6,2.8,0.9,0.2,0,0.4,2.8,0.2,2.8,331.9
80,72,1,29,10.7,0.9,0.4,0,0.9,10.7,0.9,10.7,1394.6
81,72,1,2,0.7,0.1,0,0,0.1,0.7,0.1,0.7,96.2
87,72,1,10,3.7,0.3,0.1,0,0.3,3.7,0.3,3.7,480.9
110,72,1,7,2.8,0.8,0.4,0,0.2,2.8,0.6,2.1,332.6
114,72,1,3,1.2,0.4,0.2,0,0.1,1.2,0.3,0.9,142.5
122,72,1,17,5.7,0.4,0,0,0,5.7,0.4,4.8,613.7
2,73,1,11,4.1,0.4,0.2,0,0.4,4.1,0.3,3.7,460.8
3,73,1,2,0.7,0.1,0,0,0.1,0.7,0.1,0.7,83.8
8,73,1,2,0.8,0.2,0,0,0.1,0.8,0,0.6,88.8
14,73,1,2,0.8,0.1,0,0,0,0.8,0,0.7,88.6
19,73,1,4.5,1.9,0.4,0.1,0,0.3,1.9,0.2,1.7,239.7
20,73,1,7,2.6,0.2,0,0,0,2.6,0,1.8,315.2
31,73,1,2,0.7,0.2,0.1,0,0.1,0.7,0.1,0.7,89.9
37,73,1,2,0.7,0.2,0.1,0,0.1,0.7,0.1,0.7,89.9
40,73,1,12,4,0.4,0.6,0,0,4,0,4,487.8
41,73,1,6,2,0.2,0.3,0,0,2,0,2,243.9
50,73,1,9,3.3,0.7,0.3,0,0.1,3.3,0.4,3.2,426.8
51,73,1,9,3.3,0.7,0.3,0,0.1,3.3,0.4,3.2,426.8
52,73,1,6,2.2,0.5,0.2,0,0.1,2.2,0.3,2.1,284.5
59,73,1,2,0.9,0.3,0.1,0,0.1,0.9,0.2,0.7,106.4
61,73,1,2,1,0.3,0,0,0.2,1,0.3,0.8,131.6
62,73,1,3,1.5,0.5,0,0,0.2,1.5,0.4,1.2,197.4
79,73,1,1,0.5,0.1,0,0,0.1,0.5,0,0.5,55.3
80,73,1,7,2.6,0.2,0.1,0,0.2,2.6,0.2,2.6,336.6
81,73,1,2,0.7,0.1,0,0,0.1,0.7,0.1,0.7,96.2
87,73,1,2,0.7,0.1,0,0,0.1,0.7,0.1,0.7,96.2
108,73,1,14,5.6,1.3,0.8,0,0.4,5.6,0.6,4.2,721.3
112,73,1,3,1.2,0.4,0.2,0,0.1,1.2,0.3,0.9,142.5
118,73,1,5,2,0.6,0.3,0,0.2,2,0.5,1.5,237.6
122,73,1,10,3.3,0.3,0,0,0,3.3,0.3,2.8,361
123,73,1,6,2,0.2,0,0,0,2,0.2,1.7,216.6
7,74,1,2,1,0.3,0,0.1,0.1,0.9,0.1,0.8,112.3
8,74,1,3,1.5,0.5,0,0.1,0.2,1.4,0.2,1.2,168.5
19,74,1,6,2.2,0.3,0.3,0,0.5,2.2,0.6,1.9,252
20,74,1,9.5,4.5,1.4,0.1,0,0.4,4.5,0.2,4.1,482.2
21,74,1,4,1.9,0.6,0,0,0.2,1.9,0.1,1.7,203
26,74,1,6,2.6,0.6,0.1,0.1,0.2,2.5,0.3,2.4,296.7
31,74,1,2,1,0.3,0,0.1,0,0.9,0,0.9,118.8
32,74,1,7,3.3,1.1,0.1,0.1,0.1,3.2,0.1,3.1,415.8
33,74,1,1,0.5,0.2,0,0,0,0.5,0,0.4,59.4
39,74,1,5,1.9,0.3,0.2,0,0.2,1.9,0,1.7,201.2
40,74,1,18,8.2,2.1,0.4,0.4,1.4,7.8,0,7.8,876.8
41,74,1,5,2.3,0.6,0.1,0.1,0.4,2.2,0,2.2,243.6
50,74,1,24,9.6,2.7,0.7,0,0.2,9.6,0.7,7,1001
51,74,1,8,3.2,0.9,0.2,0,0.1,3.2,0.2,2.3,333.7
59,74,1,1,0.4,0.1,0,0,0,0.4,0,0.3,41.7
60,74,1,3,1.1,0.2,0,0,0.1,1.1,0.1,0.7,123.8
61,74,1,3,1.1,0.2,0,0,0.1,1.1,0.1,0.7,123.8
62,74,1,3,1.1,0.2,0,0,0.1,1.1,0.1,0.7,123.8
77,74,1,8,2.9,0.7,0.3,0,0,2.9,0.3,2.9,385
79,74,1,5,1.8,0.4,0.2,0,0,1.8,0.2,1.8,240.6
93,74,1,3,0.8,0,0.2,0,0.1,0.8,0.1,0.8,113.3
106,74,1,2,0.6,0.1,0.1,0,0,0.6,0.1,0.4,75.7
107,74,1,7,2.1,0.4,0.3,0,0,2.1,0.4,1.5,264.8
108,74,1,14,4.1,0.7,0.6,0,0,4.1,0.7,3,529.6
118,74,1,2,0.9,0.2,0,0,0.1,0.9,0.2,0.7,116.3
121,74,1,1,0.4,0.1,0,0,0,0.4,0,0.3,48.1
123,74,1,5,2,0.4,0.1,0,0.1,2,0.2,1.7,240.7
124,74,1,2,0.8,0.2,0,0,0,0.8,0.1,0.7,96.3
125,74,1,4,1.5,0.5,0.1,0.1,0.2,1.4,0.1,1.3,198.8
0,75,1,3,1.5,0.4,0,0.1,0.2,1.4,0.1,1.3,176.6
7,75,1,4,1.9,0.6,0,0.1,0.3,1.8,0.2,1.6,224.7
21,75,1,4,1.9,0.6,0,0,0.2,1.9,0.1,1.7,203
22,75,1,13,6.1,1.9,0.1,0,0.6,6.1,0.3,5.6,659.8
23,75,1,10,4.7,1.5,0.1,0,0.5,4.7,0.2,4.3,507.5
24,75,1,10,4.7,1.5,0.1,0,0.5,4.7,0.2,4.3,507.5
25,75,1,1,0.4,0.1,0,0,0,0.4,0,0.4,49.5
26,75,1,16,6.9,1.6,0.1,0.1,0.6,6.8,0.7,6.4,791.2
29,75,1,9,3.9,0.9,0.1,0.1,0.3,3.8,0.4,3.6,445.1
30,75,0,29.5,12,2,1,0,2,12,0,11,1054
32,75,0,28,11,2,0,0,0,11,0,11,1167
33,75,1,12.5,6,1.9,0.1,0.3,0.3,5.7,0.3,5.5,742.5
34,75,1,15,7.2,2.3,0.2,0.3,0.3,6.9,0.3,6.5,891
35,75,1,2,0.8,0.1,0.1,0,0.1,0.8,0,0.7,80.5
36,75,1,2,0.8,0.1,0.1,0,0.1,0.8,0,0.7,80.5
38,75,1,7,2.7,0.5,0.2,0,0.2,2.7,0,2.3,281.6
39,75,0,37,16,4,0,0,2,16,3,15,1820
40,75,1,8,3.6,1,0.2,0.1,0.6,3.5,0,3.5,389.7
50,75,0,26,12,3,0,0,4,12,2,8,1285
51,75,1,9,3.6,1,0.3,0,0.1,3.6,0.3,2.6,375.4
52,75,1,2,0.8,0.2,0.1,0,0,0.8,0.1,0.6,83.4
53,75,1,8,3.2,0.9,0.2,0,0.1,3.2,0.2,2.3,333.7
55,75,1,5,2,0.6,0.1,0,0,2,0.1,1.4,208.6
78,75,1,2,0.7,0.2,0.1,0,0,0.7,0.1,0.7,96.3
80,75,1,5,2,0.5,0.2,0.1,0.5,1.9,0.3,1.7,246.9
93,75,0,34,11,2,2,0,0,11,1,9,1344
96,75,1,6,2,0.3,0.4,0,0.1,2,0.1,1.6,272
97,75,1,4,1.3,0.2,0.3,0,0.1,1.3,0.1,1.1,181.4
99,75,1,5,1.6,0.2,0.3,0,0.1,1.6,0.1,1.3,226.7
102,75,1,2,0.8,0.2,0,0,0,0.8,0,0.6,88.5
108,75,1,2,0.6,0.1,0.1,0,0,0.6,0.1,0.4,75.7
109,75,1,16,4.7,0.9,0.6,0,0,4.7,0.9,3.4,605.2
118,75,1,3,1.3,0.4,0,0,0.2,1.3,0.3,1,174.4
124,75,1,6,2.4,0.5,0.1,0,0.1,2.4,0.2,2,288.8
5,76,0,60.5,23,1,0,0,0,23,0,23,2558
6,76,0,30,15,4,0,0,1,15,2,14,1613
7,76,1,5,2.4,0.8,0,0.1,0.3,2.3,0.3,2,280.8
8,76,1,3,1.5,0.5,0,0.1,0.2,1.4,0.2,1.2,168.5
10,76,1,10,4.6,1.3,0,0,0.3,4.6,0.3,3.9,561.3
11,76,1,2,0.9,0.3,0,0,0.1,0.9,0.1,0.8,112.3
13,76,1,9,4.1,1.2,0,0,0.3,4.1,0.3,3.5,505.2
14,76,1,3,1.4,0.4,0,0,0.1,1.4,0.1,1.2,168.4
15,76,1,5,1.9,0.3,0.3,0,0.4,1.9,0.5,1.6,210
16,76,1,8.5,3.2,0.5,0.5,0,0.7,3.2,0.9,2.7,357
17,76,1,16,6,0.9,0.9,0,1.3,6,1.7,5.1,672
21,76,1,2,0.9,0.3,0,0,0.1,0.9,0,0.9,101.5
22,76,1,4,1.9,0.6,0,0,0.2,1.9,0.1,1.7,203
23,76,1,1,0.5,0.1,0,0,0,0.5,0,0.4,50.8
24,76,1,10,4.7,1.5,0.1,0,0.5,4.7,0.2,4.3,507.5
25,76,1,5,2.2,0.5,0,0.1,0.2,2.1,0.2,2,247.3
27,76,1,16,6.9,1.6,0.1,0.1,0.6,6.8,0.7,6.4,791.2
29,76,1,10,4.3,1,0.1,0.1,0.4,4.2,0.4,4,494.5
30,76,0,56,30,13,1,0,0,30,1,28,2436
31,76,1,21,10,3.2,0.2,0.4,0.4,9.6,0.4,9.2,1247.4
32,76,1,5,2.4,0.8,0.1,0.1,0.1,2.3,0.1,2.2,297
33,76,0,41,13,1,1,0,1,13,1,11,1437
34,76,0,34,20,8,0,5,5,15,3,13,1955
35,76,0,23.5,13,5,0,7,2,6,2,7,1256
36,76,0,54.5,19,4,2,2,3,17,5,16,2313
37,76,0,33,15,4,1,2,1,13,2,12,1548
38,76,0,49,24,7,0,2,2,22,1,22,2493
39,76,0,32.5,14,1,0,0,4,14,0,13,1349
50,76,1,7,2.8,0.8,0.2,0,0.1,2.8,0.2,2,292
51,76,1,4,1.6,0.4,0.1,0,0,1.6,0.1,1.2,166.8
53,76,1,7,2.8,0.8,0.2,0,0.1,2.8,0.2,2,292
54,76,1,5,2,0.6,0.1,0,0,2,0.1,1.4,208.6
55,76,1,2,0.8,0.2,0.1,0,0,0.8,0.1,0.6,83.4
61,76,1,4,1.4,0.3,0.1,0,0.1,1.4,0.2,1,165
76,76,1,13,4.7,1.1,0.6,0,0,4.7,0.6,4.7,625.7
77,76,1,5,1.8,0.4,0.2,0,0,1.8,0.2,1.8,240.6
78,76,1,1,0.4,0.1,0,0,0,0.4,0,0.4,48.1
81,76,1,4,1.6,0.4,0.1,0.1,0.4,1.5,0.2,1.4,197.5
91,76,1,4,1.1,0,0.3,0,0.1,1.1,0.2,1,151.1
92,76,0,23.5,11,7,1,1,0,10,1,6,1431
93,76,1,7,2,0,0.5,0,0.2,2,0.3,1.8,264.5
98,76,1,1,0.3,0,0.1,0,0,0.3,0,0.3,45.3
103,76,1,10,4.1,0.9,0.1,0,0,4.1,0,3.1,442.4
105,76,1,7,2.1,0.4,0.3,0,0,2.1,0.4,1.5,264.8
106,76,1,2,0.6,0.1,0.1,0,0,0.6,0.1,0.4,75.7
109,76,1,1,0.3,0.1,0,0,0,0.3,0.1,0.2,37.8
110,76,1,2,0.9,0.2,0,0,0.1,0.9,0.2,0.7,116.3
117,76,1,4,1.8,0.5,0,0,0.3,1.8,0.4,1.4,232.6
121,76,1,5,2,0.4,0.1,0,0.1,2,0.2,1.7,240.7
125,76,1,5,1.9,0.6,0.1,0.1,0.2,1.8,0.1,1.6,248.5
126,76,1,9,3.3,1,0.2,0.2,0.4,3.1,0.2,2.9,447.3
127,76,1,2,0.7,0.2,0,0,0.1,0.7,0,0.7,99.4
5,77,1,13,6.3,2,0,0.3,0.8,6,0.7,5.1,730.2
6,77,0,26,12,4,1,1,1,11,1,6,1129
7,77,1,5,2.4,0.8,0,0.1,0.3,2.3,0.3,2,280.8
8,77,1,2,1,0.3,0,0.1,0.1,0.9,0.1,0.8,112.3
9,77,1,7,3.4,1.1,0,0.2,0.5,3.2,0.4,2.7,393.2
10,77,1,1,0.5,0.1,0,0,0,0.5,0,0.4,56.1
13,77,1,5.5,2.5,0.7,0,0,0.2,2.5,0.2,2.2,308.7
27,77,1,2,0.9,0.2,0,0,0.1,0.9,0.1,0.8,98.9
28,77,1,6,2.6,0.6,0.1,0.1,0.2,2.5,0.3,2.4,296.7
30,77,0,28,11,4,2,0,0,11,1,11,1221
31,77,0,44,20,8,1,3,2,17,3,13,2151
32,77,0,32,18,8,0,4,3,14,4,9,1765
33,77,1,15,7.2,2.3,0.2,0.3,0.3,6.9,0.3,6.5,891
34,77,0,81.5,44,25,2,31,9,13,10,11,3485
35,77,0,22,14,9,0,6,1,8,0,10,1301
38,77,1,30.5,11.6,2,1,0,1,11.6,0,10.1,1227.1
39,77,1,11,4.2,0.7,0.4,0,0.4,4.2,0,3.6,442.5
47,77,1,1,0.5,0.1,0,0,0.1,0.5,0,0.4,48.7
49,77,1,9,4.1,1.1,0.2,0.2,0.7,3.9,0,3.9,438.4
50,77,1,3,1.2,0.3,0.1,0,0,1.2,0.1,0.9,125.1
51,77,1,10,4,1.1,0.3,0,0.1,4,0.3,2.9,417.1
72,77,1,6,2.4,0.8,0.1,0,0.3,2.4,0.3,1.8,371
77,77,1,7,2.5,0.6,0.3,0,0,2.5,0.3,2.5,336.9
80,77,1,5,2,0.5,0.2,0.1,0.5,1.9,0.3,1.7,246.9
81,77,1,8,3.2,0.8,0.2,0.2,0.8,3,0.5,2.8,395
91,77,1,4,1.1,0,0.3,0,0.1,1.1,0.2,1,151.1
92,77,1,16,4.5,0,1,0,0.3,4.5,0.7,4.2,604.5
93,77,1,4,1.1,0,0.3,0,0.1,1.1,0.2,1,151.1
98,77,1,3,1,0.1,0.2,0,0.1,1,0.1,0.8,136
101,77,1,4,1.6,0.4,0.1,0,0,1.6,0,1.2,177
103,77,1,3,1.2,0.3,0,0,0,1.2,0,0.9,132.7
104,77,1,3,1.2,0.3,0,0,0,1.2,0,0.9,132.7
109,77,1,6,1.8,0.3,0.2,0,0,1.8,0.3,1.3,227
110,77,1,1,0.4,0.1,0,0,0.1,0.4,0.1,0.3,58.1
111,77,1,5,2.2,0.6,0,0,0.4,2.2,0.5,1.7,290.7
112,77,1,4,1.8,0.5,0,0,0.3,1.8,0.4,1.4,232.6
123,77,1,9,3.6,0.7,0.2,0,0.2,3.6,0.4,3.1,433.3
124,77,1,3,1.2,0.2,0.1,0,0.1,1.2,0.1,1,144.4
125,77,1,6,2.2,0.7,0.1,0.1,0.3,2.1,0.1,2,298.2
127,77,1,2,0.7,0.2,0,0,0.1,0.7,0,0.7,99.4
4,78,1,5,2.5,0.6,0,0.1,0.3,2.4,0.2,2.2,294.4
5,78,1,8,3.9,1.3,0,0.2,0.5,3.7,0.4,3.1,449.4
6,78,0,32,16,7,1,0,1,16,2,13,1639
7,78,1,10.5,5.1,1.6,0,0.3,0.7,4.8,0.5,4.1,589.8
8,78,1,14,6.8,2.2,0,0.4,0.9,6.4,0.7,5.5,786.4
15,78,1,2,0.7,0.1,0.1,0,0.2,0.7,0.2,0.6,84
27,78,1,7,3,0.7,0.1,0,0.2,3,0.3,2.8,346.2
28,78,1,23,10,2.2,0.2,0.2,0.8,9.8,1,9.2,1137.4
29,78,1,12,5.2,1.2,0.1,0.1,0.4,5.1,0.5,4.8,593.4
30,78,0,25,11,3,0,5,1,6,0,6,1067
31,78,0,56.5,21,7,3,0,6,21,7,7,1826
32,78,1,20,9.5,3,0.2,0.4,0.4,9.1,0.4,8.7,1188
37,78,1,3,1.1,0.2,0.1,0,0.1,1.1,0,1,120.7
46,78,1,2,0.9,0.2,0,0,0.2,0.9,0,0.9,97.4
50,78,1,3,1.2,0.3,0.1,0,0,1.2,0.1,0.9,125.1
51,78,1,1,0.4,0.1,0,0,0,0.4,0,0.3,41.7
55,78,1,1,0.4,0.1,0,0,0,0.4,0,0.3,41.7
70,78,1,4,1.6,0.5,0.1,0,0.2,1.6,0.2,1.2,247.3
72,78,1,2,0.8,0.2,0,0,0.1,0.8,0.1,0.6,123.7
75,78,1,6,2.2,0.5,0.3,0,0,2.2,0.3,2.2,288.8
80,78,1,8,3.2,0.8,0.2,0.2,0.8,3,0.5,2.8,395
81,78,1,2,0.8,0.2,0.1,0.1,0.2,0.7,0.1,0.7,98.8
89,78,1,2,0.9,0.2,0,0,0.1,0.9,0.1,0.9,125.4
90,78,1,4,1.1,0,0.3,0,0.1,1.1,0.2,1,151.1
92,78,1,2,0.6,0,0.1,0,0,0.6,0.1,0.5,75.6
93,78,1,2,0.6,0,0.1,0,0,0.6,0.1,0.5,75.6
100,78,1,7,2.8,0.7,0.1,0,0,2.8,0,2.2,309.7
101,78,1,11,4.5,1,0.1,0,0,4.5,0,3.4,486.7
102,78,1,4,1.6,0.4,0.1,0,0,1.6,0,1.2,177
103,78,1,28,11.4,2.6,0.4,0,0,11.4,0,8.7,1238.8
104,78,1,2,0.8,0.2,0,0,0,0.8,0,0.6,88.5
109,78,1,2,0.6,0.1,0.1,0,0,0.6,0.1,0.4,75.7
111,78,1,1,0.4,0.1,0,0,0.1,0.4,0.1,0.3,58.1
112,78,1,6,2.6,0.7,0,0,0.4,2.6,0.6,2,348.9
117,78,1,3,1.3,0.4,0,0,0.2,1.3,0.3,1,174.4
118,78,1,5,2.2,0.6,0,0,0.4,2.2,0.5,1.7,290.7
123,78,1,4,1.6,0.3,0.1,0,0.1,1.6,0.2,1.4,192.6
124,78,1,15,6,1.2,0.3,0,0.3,6,0.6,5.1,722.1
125,78,1,5,1.9,0.6,0.1,0.1,0.2,1.8,0.1,1.6,248.5
2,79,1,7,2.9,0.9,0.2,0.2,0.2,2.7,0.3,2.4,330.4
3,79,1,5,2,0.6,0.2,0.1,0.1,1.9,0.2,1.7,236
4,79,1,3,1.2,0.4,0.1,0.1,0.1,1.1,0.1,1,141.6
6,79,1,1,0.5,0.1,0,0,0.1,0.5,0,0.4,58.9
8,79,1,4,2,0.5,0,0.1,0.3,1.9,0.1,1.7,235.5
9,79,1,7,3.5,0.8,0,0.1,0.5,3.4,0.2,3,412.2
10,79,1,8,3.3,1,0,0,0.2,3.3,0.6,3.1,371.8
23,79,1,8,3.7,1.2,0.1,0,0.4,3.7,0.2,3.5,406
24,79,1,11,5.2,1.6,0.1,0,0.5,5.2,0.3,4.8,558.3
25,79,1,10,3.4,0.3,0.3,0,0,3.4,0.2,3.2,399.9
26,79,1,10,3.4,0.3,0.3,0,0,3.4,0.2,3.2,399.9
27,79,1,29,9.9,1,1,0,0,9.9,0.6,9.2,1159.7
28,79,0,49,16,1,1,0,2,16,2,15,1715
31,79,0,25.5,11,2,0,0,1,11,0,9,1182
39,79,1,1,0.4,0.1,0,0.1,0.1,0.3,0.1,0.3,41.9
42,79,1,4.5,2,0.5,0.1,0.1,0.4,1.9,0,2,219.2
47,79,1,6,2.3,0.4,0,0,0.3,2.3,0.6,1.9,271.8
50,79,1,2,0.8,0.2,0.1,0,0,0.8,0.1,0.6,83.4
55,79,1,3,1.2,0.3,0.1,0,0,1.2,0.1,0.9,125.1
69,79,1,3,1.1,0.2,0,0,0.1,1.1,0.1,0.7,123.8
71,79,1,17,6.3,1.1,0.4,0.1,0.4,6.2,0.2,5.3,778.8
73,79,1,4,1.5,0.3,0.1,0,0.1,1.5,0.1,1.3,183.3
79,79,1,18,7.2,2.2,0.4,0,0.9,7.2,0.9,5.4,1112.9
80,79,1,23.5,10.2,2.8,0.6,0,1.1,10.2,1.7,10.2,1474
81,79,1,2,0.9,0.2,0,0,0.1,0.9,0.1,0.9,125.4
89,79,1,2,0.9,0.2,0,0,0.1,0.9,0.1,0.9,125.4
104,79,1,12,3.5,0.6,0.5,0,0,3.5,0.6,2.6,453.9
112,79,1,2,0.9,0.2,0,0,0.1,0.9,0.2,0.7,116.3
120,79,1,4,1.7,0.6,0.1,0,0.2,1.7,0.1,1.5,228.3
126,79,1,1,0.4,0.2,0,0,0,0.4,0,0.4,57.1
0,80,1,1,0.4,0.1,0,0,0,0.4,0,0.3,47.2
1,80,1,11,4.5,1.4,0.4,0.3,0.3,4.2,0.5,3.8,519.1
2,80,1,12,4.9,1.5,0.4,0.3,0.3,4.6,0.5,4.2,566.3
3,80,1,4,1.6,0.5,0.1,0.1,0.1,1.5,0.2,1.4,188.8
4,80,1,5,2,0.6,0.2,0.1,0.1,1.9,0.2,1.7,236
6,80,1,4,2,0.5,0,0.1,0.3,1.9,0.1,1.7,235.5
10,80,1,15,6.2,1.8,0,0,0.4,6.2,1.1,5.9,697.1
11,80,1,13,5.4,1.5,0,0,0.3,5.4,0.9,5.1,604.2
21,80,1,1,0.5,0.1,0,0,0,0.5,0,0.4,50.8
27,80,1,17,5.8,0.6,0.6,0,0,5.8,0.4,5.4,679.8
28,80,1,7,2.4,0.2,0.2,0,0,2.4,0.2,2.2,279.9
31,80,1,11,4.1,1.1,0,0,0.9,4.1,0,3.7,473.7
35,80,1,8,3.3,0.9,0.3,0.7,0.4,2.6,0.6,2.5,335.1
42,80,1,3,1.4,0.4,0.1,0.1,0.2,1.3,0,1.3,146.1
47,80,1,7,2.7,0.5,0,0,0.3,2.7,0.7,2.2,317
48,80,1,2,0.8,0.1,0,0,0.1,0.8,0.2,0.6,90.6
70,80,1,5,1.9,0.3,0.1,0.1,0.1,1.8,0.1,1.6,229.1
71,80,1,16,5.9,1,0.3,0.1,0.3,5.8,0.2,5,733
72,80,1,12,4.5,0.8,0.3,0.1,0.3,4.4,0.2,3.8,549.8
73,80,1,13,4.8,0.8,0.3,0.1,0.3,4.7,0.2,4.1,595.6
75,80,1,7,2.8,0.9,0.2,0,0.3,2.8,0.3,2.1,432.8
80,80,1,5,2.2,0.6,0.1,0,0.2,2.2,0.4,2.2,313.6
88,80,1,2,0.9,0.2,0,0,0.1,0.9,0.1,0.9,125.4
117,80,1,4,1.3,0.1,0.1,0,0,1.3,0.1,1.3,179.7
118,80,1,2,0.6,0.1,0.1,0,0,0.6,0.1,0.6,89.8
119,80,1,4,1.3,0.1,0.1,0,0,1.3,0.1,1.3,179.7
126,80,1,4,1.7,0.6,0.1,0,0.2,1.7,0.1,1.5,228.3
2,81,1,20,8.2,2.5,0.7,0.6,0.6,7.6,0.8,6.9,943.9
3,81,1,2,0.8,0.3,0.1,0,0.1,0.8,0.1,0.7,94.4
8,81,1,10,5,1.2,0,0.2,0.7,4.8,0.3,4.3,588.8
9,81,1,2,1,0.2,0,0,0.1,1,0.1,0.9,117.8
10,81,1,1,0.4,0.1,0,0,0,0.4,0.1,0.4,46.5
11,81,1,22,9.2,2.6,0,0,0.5,9.2,1.6,8.6,1022.5
25,81,1,3,1,0.1,0.1,0,0,1,0.1,1,120
26,81,1,3,1,0.1,0.1,0,0,1,0.1,1,120
27,81,1,6,2,0.2,0.2,0,0,2,0.1,1.9,239.9
35,81,1,2,0.8,0.2,0.1,0.2,0.1,0.6,0.2,0.6,83.8
36,81,1,1,0.4,0.1,0,0.1,0.1,0.3,0.1,0.3,41.9
39,81,1,3,1.2,0.4,0.1,0.2,0.2,1,0.2,0.9,125.7
45,81,1,6,2.3,0.4,0,0,0.3,2.3,0.6,1.9,271.8
46,81,1,9,3.5,0.7,0,0,0.4,3.5,0.9,2.9,407.6
47,81,1,2,0.8,0.1,0,0,0.1,0.8,0.2,0.6,90.6
60,81,1,1,0.4,0.1,0,0,0,0.4,0,0.2,41.3
61,81,1,2,0.7,0.1,0,0,0.1,0.7,0.1,0.5,82.5
71,81,1,6,2.2,0.4,0.1,0,0.1,2.2,0.1,1.9,274.9
72,81,1,10,3.7,0.6,0.2,0.1,0.2,3.6,0.1,3.1,458.1
73,81,1,9,3.3,0.6,0.2,0,0.2,3.3,0.1,2.8,412.3
74,81,1,3,1.1,0.2,0.1,0,0.1,1.1,0,0.9,137.4
76,81,1,1,0.4,0.1,0,0,0,0.4,0,0.3,61.8
102,81,1,4,1.2,0.2,0.2,0,0,1.2,0.2,0.9,151.3
110,81,1,2,0.9,0.2,0,0,0.1,0.9,0.2,0.7,116.3
111,81,1,1,0.4,0.1,0,0,0.1,0.4,0.1,0.3,58.1
118,81,1,5,1.6,0.1,0.1,0,0,1.6,0.1,1.6,224.6
119,81,1,3,0.9,0.1,0.1,0,0,0.9,0.1,0.9,134.8
120,81,1,2,0.9,0.3,0,0,0.1,0.9,0,0.8,114.2
121,81,1,1,0.4,0.2,0,0,0,0.4,0,0.4,57.1
122,81,1,2,0.9,0.3,0,0,0.1,0.9,0,0.8,114.2
127,81,1,3,1.3,0.4,0.1,0,0.1,1.3,0.1,1.1,171.2
0,82,1,11,4.5,1.4,0.4,0.3,0.3,4.2,0.5,3.8,519.1
1,82,1,2,0.8,0.3,0.1,0,0.1,0.8,0.1,0.7,94.4
2,82,1,20,8.2,2.5,0.7,0.6,0.6,7.6,0.8,6.9,943.9
3,82,1,5,2,0.6,0.2,0.1,0.1,1.9,0.2,1.7,236
4,82,1,3,1.2,0.4,0.1,0.1,0.1,1.1,0.1,1,141.6
5,82,1,1,0.5,0.1,0,0,0.1,0.5,0,0.4,58.9
6,82,1,3,1.5,0.4,0,0.1,0.2,1.4,0.1,1.3,176.6
8,82,1,3,1.5,0.4,0,0.1,0.2,1.4,0.1,1.3,176.6
9,82,1,2,1,0.2,0,0,0.1,1,0.1,0.9,117.8
11,82,1,1,0.4,0.1,0,0,0,0.4,0.1,0.4,46.5
13,82,1,8,3.3,1,0,0,0.2,3.3,0.6,3.1,371.8
14,82,1,5,2.1,0.6,0,0,0.1,2.1,0.4,2,232.4
29,82,1,6,2,0.2,0.2,0,0,2,0.1,1.9,239.9
30,82,1,1,0.4,0.1,0,0,0.1,0.4,0,0.3,43.1
31,82,1,5,1.9,0.5,0,0,0.4,1.9,0,1.7,215.3
34,82,1,3,1.1,0.3,0,0,0.2,1.1,0,1,129.2
35,82,1,1,0.4,0.1,0,0.1,0.1,0.3,0.1,0.3,41.9
36,82,1,15,6.1,1.8,0.6,1.3,0.8,4.8,1.1,4.7,628.4
37,82,1,3,1.2,0.4,0.1,0.2,0.2,1,0.2,0.9,125.7
38,82,1,2,0.8,0.2,0.1,0.2,0.1,0.6,0.2,0.6,83.8
39,82,1,2,0.8,0.2,0.1,0.2,0.1,0.6,0.2,0.6,83.8
45,82,1,2,0.8,0.1,0,0,0.1,0.8,0.2,0.6,90.6
46,82,1,4,1.6,0.3,0,0,0.2,1.6,0.4,1.3,181.2
59,82,1,2,0.8,0.2,0.1,0,0,0.8,0.1,0.6,83.4
60,82,1,2,0.7,0.1,0,0,0.1,0.7,0.1,0.5,82.5
61,82,1,1,0.4,0.1,0,0,0,0.4,0,0.2,41.3
62,82,1,10,3.6,0.7,0.2,0,0.3,3.6,0.5,2.5,412.6
71,82,1,3,1.1,0.2,0.1,0,0.1,1.1,0,0.9,137.4
72,82,1,15,5.6,1,0.3,0.1,0.3,5.5,0.2,4.7,687.2
73,82,1,8,3,0.5,0.2,0.1,0.2,2.9,0.1,2.5,366.5
74,82,1,14,5.2,0.9,0.3,0.1,0.3,5.1,0.2,4.4,641.4
97,82,1,8.5,2.8,0.4,0.6,0,0.2,2.8,0.2,2.2,385.4
98,82,1,2,0.7,0.1,0.1,0,0,0.7,0,0.5,90.7
118,82,1,5,1.6,0.1,0.1,0,0,1.6,0.1,1.6,224.6
119,82,1,13,4.1,0.3,0.3,0,0,4.1,0.3,4.1,584
120,82,1,4,1.7,0.6,0.1,0,0.2,1.7,0.1,1.5,228.3
121,82,1,7,3,1,0.2,0,0.3,3,0.2,2.6,399.5
122,82,1,2,0.9,0.3,0,0,0.1,0.9,0,0.8,114.2
123,82,1,2,0.9,0.3,0,0,0.1,0.9,0,0.8,114.2
125,82,1,8,3.4,1.2,0.2,0,0.4,3.4,0.2,3,456.6
0,83,1,14,5.7,1.8,0.5,0.4,0.4,5.3,0.6,4.8,660.7
2,83,1,11.5,4.7,1.5,0.4,0.3,0.3,4.4,0.5,4,542.7
3,83,1,1,0.4,0.1,0,0,0,0.4,0,0.3,47.2
4,83,1,4,1.6,0.5,0.1,0.1,0.1,1.5,0.2,1.4,188.8
5,83,1,10,5,1.2,0,0.2,0.7,4.8,0.3,4.3,588.8
6,83,1,3,1.5,0.4,0,0.1,0.2,1.4,0.1,1.3,176.6
11,83,1,2,0.8,0.2,0,0,0,0.8,0.1,0.8,93
12,83,1,6,2.5,0.7,0,0,0.1,2.5,0.4,2.4,278.9
14,83,1,3,1.2,0.4,0,0,0.1,1.2,0.2,1.2,139.4
30,83,1,17,6.4,1.8,0,0,1.4,6.4,0,5.7,732.1
31,83,1,11,4.1,1.1,0,0,0.9,4.1,0,3.7,473.7
35,83,1,9,3.7,1.1,0.4,0.8,0.5,2.9,0.7,2.8,377
36,83,1,30,12.3,3.5,1.3,2.6,1.6,9.7,2.3,9.4,1256.8
37,83,1,14,5.7,1.7,0.6,1.2,0.8,4.5,1.1,4.4,586.5
39,83,1,2,0.8,0.2,0.1,0.2,0.1,0.6,0.2,0.6,83.8
45,83,1,3,1.2,0.2,0,0,0.1,1.2,0.3,1,135.9
60,83,1,4,1.4,0.3,0.1,0,0.1,1.4,0.2,1,165
61,83,1,8,2.9,0.5,0.1,0,0.3,2.9,0.4,2,330.1
63,83,1,7,2.5,0.5,0.1,0,0.2,2.5,0.3,1.7,288.8
64,83,1,6,2.2,0.4,0.1,0,0.2,2.2,0.3,1.5,247.6
68,83,1,4,1.4,0.3,0.1,0,0.1,1.4,0.2,1,165
72,83,1,5,1.9,0.3,0.1,0.1,0.1,1.8,0.1,1.6,229.1
74,83,0,40,11,0,1,0,2,11,2,9,1203
75,83,1,2,0.8,0.2,0,0,0.1,0.8,0.1,0.6,123.7
85,83,1,5,2.2,0.6,0.1,0,0.2,2.2,0.4,2.2,313.6
97,83,1,16,5.3,0.7,1.1,0,0.4,5.3,0.4,4.2,725.5
118,83,1,2,0.6,0.1,0.1,0,0,0.6,0.1,0.6,89.8
0,84,1,3,1.1,0.1,0.1,0,0.1,1.1,0.1,1,158.7
4,84,1,10,3.8,0.4,0.4,0,0.2,3.8,0.4,3.4,529
5,84,1,16,6,0.8,0,0.8,0.4,5.2,0.4,5.6,767.2
6,84,1,4,1.5,0.2,0,0.2,0.1,1.3,0.1,1.4,191.8
9,84,1,2,0.8,0.1,0,0.1,0,0.7,0,0.7,95.9
12,84,1,4,1.9,0.4,0.1,0,0.1,1.9,0.2,1.9,238.9
13,84,1,7,3.2,0.7,0.1,0,0.1,3.2,0.3,3.2,418.1
35,84,1,10,3.8,0.6,0.4,0.1,0.1,3.7,0.4,2.8,445.8
36,84,1,21,7.9,1.3,0.8,0.3,0.3,7.6,0.8,5.9,936.2
37,84,1,8,3,0.5,0.3,0.1,0.1,2.9,0.3,2.2,356.7
42,84,1,1,0.5,0.3,0,0,0,0.5,0,0.5,62.5
58,84,1,1,0.4,0.1,0,0,0,0.4,0.1,0.4,52
59,84,1,2,0.8,0.2,0,0,0.1,0.8,0.1,0.8,104.1
61,84,1,4,1.3,0.2,0.3,0.1,0.2,1.2,0.1,1.2,167.5
62,84,1,13,4.3,0.6,0.8,0.3,0.5,4,0.3,3.9,544.3
64,84,1,8.5,2.8,0.4,0.6,0.2,0.3,2.6,0.2,2.6,355.9
65,84,1,16,6.4,1.6,0.4,0.4,0.3,6,0.6,5.1,816.4
75,84,1,2,0.8,0.1,0.1,0,0.1,0.8,0.1,0.7,88.8
85,84,1,8,2.8,0.3,0.3,0.2,0.2,2.6,0.2,2.5,311.5
86,84,1,2,0.7,0.1,0.1,0,0,0.7,0,0.6,77.9
92,84,1,5,2,0.4,0.2,0,0.5,2,0,1.2,225.5
96,84,1,4,1.4,0.3,0.2,0,0.2,1.4,0.1,1.2,179.2
97,84,1,4,1.4,0.3,0.2,0,0.2,1.4,0.1,1.2,179.2
108,84,1,5,2.4,0.6,0,0,0.3,2.4,0.3,2.3,296.9
117,84,1,2,0.8,0.2,0.1,0,0.2,0.8,0.1,0.7,94.7
120,84,1,8.5,3.6,0.6,0,0,0.9,3.6,0,3.3,436.9
7,85,1,4,1.5,0.2,0,0.2,0.1,1.3,0.1,1.4,191.8
8,85,1,4,1.5,0.2,0,0.2,0.1,1.3,0.1,1.4,191.8
9,85,1,4,1.5,0.2,0,0.2,0.1,1.3,0.1,1.4,191.8
10,85,1,8,3.7,0.8,0.2,0,0.2,3.7,0.3,3.7,477.8
11,85,1,3,1.4,0.3,0.1,0,0.1,1.4,0.1,1.4,179.2
12,85,1,6.5,3,0.7,0.1,0,0.1,3,0.3,3,388.2
13,85,1,12,5.6,1.3,0.3,0,0.3,5.6,0.5,5.6,716.7
14,85,1,4,1.9,0.4,0.1,0,0.1,1.9,0.2,1.9,238.9
28,85,1,5,2.2,0.5,0.1,0,0,2.2,0.3,1.9,254.9
35,85,1,4,1.5,0.2,0.1,0,0,1.5,0.1,1.1,178.3
37,85,1,5,1.9,0.3,0.2,0.1,0.1,1.8,0.2,1.4,222.9
63,85,1,2,0.7,0.1,0.1,0.1,0.1,0.6,0,0.6,83.7
64,85,1,13,4.3,0.6,0.8,0.3,0.5,4,0.3,3.9,544.3
66,85,1,5,2,0.5,0.1,0.1,0.1,1.9,0.2,1.6,255.1
67,85,1,9,3.6,0.9,0.2,0.2,0.2,3.4,0.3,2.9,459.2
68,85,1,2,0.8,0.2,0.1,0.1,0,0.7,0.1,0.6,102.1
74,85,1,2,0.8,0.1,0.1,0,0.1,0.8,0.1,0.7,88.8
82,85,1,1,0.4,0.1,0,0.1,0,0.3,0,0.3,51
83,85,1,2,0.8,0.3,0,0.1,0.1,0.7,0,0.5,102
84,85,1,1.5,0.6,0.2,0,0.1,0.1,0.5,0,0.4,76.5
85,85,1,5,1.8,0.2,0.2,0.1,0.1,1.7,0.1,1.6,194.7
86,85,1,11,3.9,0.5,0.5,0.2,0.2,3.7,0.2,3.4,428.3
100,85,1,3,1.4,0.4,0,0,0.2,1.4,0.2,1.4,178.1
102,85,1,2,1,0.2,0,0,0.1,1,0.1,0.9,118.8
108,85,1,2,1,0.2,0,0,0.1,1,0.1,0.9,118.8
110,85,1,1,0.4,0.1,0,0,0,0.4,0,0.3,44.4
116,85,1,2,0.8,0.2,0.1,0,0.2,0.8,0.1,0.7,94.7
117,85,1,2,0.8,0.2,0.1,0,0.2,0.8,0.1,0.7,94.7
118,85,1,9,3.7,0.7,0.2,0,0.9,3.7,0.5,3.2,426
13,86,1,1,0.5,0.1,0,0,0,0.5,0,0.5,59.7
14,86,1,2,0.9,0.2,0,0,0,0.9,0.1,0.9,119.5
26,86,1,3,1.3,0.3,0.1,0,0,1.3,0.2,1.2,153
27,86,1,11.5,5,1.3,0.3,0,0,5,0.6,4.4,586.3
33,86,1,2.5,0.9,0.1,0.1,0,0.1,0.9,0.2,0.6,100.4
36,86,1,8,3,0.5,0.3,0.1,0.1,2.9,0.3,2.2,356.7
37,86,1,2,0.8,0.1,0.1,0,0,0.8,0.1,0.6,89.2
39,86,1,1.5,0.6,0.1,0.1,0,0,0.6,0.1,0.4,66.9
46,86,1,1,0.5,0.3,0,0,0,0.5,0,0.5,62.5
58,86,1,3,1.3,0.3,0,0,0.1,1.3,0.2,1.2,156.1
60,86,1,5,1.7,0.2,0.3,0.1,0.2,1.6,0.1,1.5,209.3
64,86,1,19,6.3,0.9,1.2,0.4,0.8,5.9,0.5,5.7,795.5
65,86,1,22,8.8,2.2,0.6,0.6,0.4,8.2,0.8,7,1122.6
66,86,1,9,3.6,0.9,0.2,0.2,0.2,3.4,0.3,2.9,459.2
67,86,1,3,1.2,0.3,0.1,0.1,0.1,1.1,0.1,1,153.1
68,86,1,6.5,2.6,0.7,0.2,0.2,0.1,2.4,0.2,2.1,331.7
81,86,1,4,1.7,0.6,0.1,0.3,0.1,1.4,0.1,1,204
82,86,1,8,3.4,1.2,0.1,0.6,0.3,2.8,0.1,2.1,407.9
83,86,1,8,3.4,1.2,0.1,0.6,0.3,2.8,0.1,2.1,407.9
84,86,1,15,6.3,2.2,0.3,1.1,0.6,5.2,0.3,3.9,764.9
86,86,1,1,0.4,0,0,0,0,0.4,0,0.3,38.9
89,86,1,4,1.4,0.2,0.2,0.1,0.1,1.3,0.1,1.2,155.8
90,86,1,2,0.8,0.1,0.1,0,0.2,0.8,0,0.5,90.2
92,86,1,2,0.8,0.1,0.1,0,0.2,0.8,0,0.5,90.2
108,86,1,1,0.5,0.1,0,0,0.1,0.5,0.1,0.5,59.4
110,86,1,5,1.8,0.3,0,0,0.1,1.8,0.1,1.5,221.9
111,86,1,3,1.1,0.2,0,0,0.1,1.1,0.1,0.9,133.1
118,86,1,2,0.8,0.2,0.1,0,0.2,0.8,0.1,0.7,94.7
119,86,1,3,1.2,0.2,0.1,0,0.3,1.2,0.2,1.1,142
120,86,1,2,0.8,0.1,0,0,0.2,0.8,0,0.8,102.8
2,87,1,6,2.3,0.3,0.3,0,0.1,2.3,0.3,2,317.4
24,87,1,6,2.6,0.7,0.2,0,0,2.6,0.3,2.3,305.9
33,87,1,4,1.5,0.1,0.1,0,0.2,1.5,0.3,1,160.7
36,87,1,5,1.9,0.3,0.2,0.1,0.1,1.8,0.2,1.4,222.9
38,87,1,6,2.3,0.4,0.2,0.1,0.1,2.2,0.2,1.7,267.5
41,87,1,1,0.5,0.3,0,0,0,0.5,0,0.5,62.5
47,87,1,1,0.5,0.3,0,0,0,0.5,0,0.5,62.5
58,87,1,7,2.9,0.6,0,0,0.3,2.9,0.5,2.8,364.3
63,87,1,5,1.7,0.2,0.3,0.1,0.2,1.6,0.1,1.5,209.3
64,87,1,21,7,1,1.4,0.5,0.9,6.5,0.5,6.3,879.3
65,87,1,1,0.4,0.1,0,0,0,0.4,0,0.3,51
66,87,1,9,3.6,0.9,0.2,0.2,0.2,3.4,0.3,2.9,459.2
67,87,1,4,1.6,0.4,0.1,0.1,0.1,1.5,0.1,1.3,204.1
68,87,1,12,4.8,1.2,0.3,0.3,0.2,4.5,0.4,3.8,612.3
81,87,1,3,1.3,0.4,0.1,0.2,0.1,1.1,0.1,0.8,153
84,87,1,5,2.1,0.7,0.1,0.4,0.2,1.7,0.1,1.3,255
85,87,1,6,2.1,0.2,0.2,0.1,0.1,2,0.1,1.9,233.6
86,87,1,6,2.1,0.2,0.2,0.1,0.1,2,0.1,1.9,233.6
90,87,1,14,5.5,1,0.5,0,1.5,5.5,0,3.5,631.5
96,87,1,1,0.3,0.1,0,0,0,0.3,0,0.3,44.8
107,87,1,1,0.5,0.1,0,0,0.1,0.5,0.1,0.5,59.4
110,87,1,4,1.4,0.2,0,0,0.1,1.4,0.1,1.2,177.5
115,87,1,6,2.5,0.5,0.2,0,0.6,2.5,0.3,2.2,284
117,87,1,2,0.8,0.2,0.1,0,0.2,0.8,0.1,0.7,94.7
118,87,1,6,2.5,0.5,0.2,0,0.6,2.5,0.3,2.2,284
1,88,1,2,0.8,0.1,0.1,0,0,0.8,0.1,0.7,105.8
5,88,1,6,2.2,0.3,0,0.3,0.1,1.9,0.1,2.1,287.7
20,88,1,2,0.9,0.2,0.1,0,0,0.9,0.1,0.8,102
22,88,1,1,0.4,0.1,0,0,0,0.4,0.1,0.4,51
32,88,1,2,0.7,0.1,0.1,0,0.1,0.7,0.2,0.5,80.3
33,88,1,4,1.5,0.1,0.1,0,0.2,1.5,0.3,1,160.7
34,88,1,6,2.2,0.2,0.2,0,0.3,2.2,0.5,1.5,241
37,88,1,9,3.4,0.5,0.3,0.1,0.1,3.3,0.3,2.5,401.2
38,88,1,3,1.1,0.2,0.1,0,0,1.1,0.1,0.8,133.7
58,88,1,2,0.8,0.2,0,0,0.1,0.8,0.1,0.8,104.1
59,88,1,2,0.8,0.2,0,0,0.1,0.8,0.1,0.8,104.1
63,88,1,3,1,0.1,0.2,0.1,0.1,0.9,0.1,0.9,125.6
66,88,1,8,3.2,0.8,0.2,0.2,0.1,3,0.3,2.5,408.2
67,88,1,2,0.8,0.2,0.1,0.1,0,0.7,0.1,0.6,102.1
68,88,1,1.5,0.6,0.1,0,0,0,0.6,0.1,0.5,76.5
78,88,1,4,1.7,0.3,0.1,0,0.3,1.7,0.1,1.4,177.5
84,88,1,7,3,1,0.1,0.5,0.3,2.5,0.1,1.8,356.9
85,88,1,5,1.8,0.2,0.2,0.1,0.1,1.7,0.1,1.6,194.7
91,88,1,5,2,0.4,0.2,0,0.5,2,0,1.2,225.5
95,88,1,13,4.4,0.8,0.6,0,0.6,4.4,0.3,3.9,582.5
103,88,1,4,1.9,0.5,0,0,0.2,1.9,0.2,1.8,237.5
108,88,1,2,1,0.2,0,0,0.1,1,0.1,0.9,118.8
117,88,1,4,1.6,0.3,0.1,0,0.4,1.6,0.2,1.4,189.3
118,88,1,1,0.4,0.1,0,0,0.1,0.4,0.1,0.4,47.3
127,88,1,2,0.8,0.1,0,0,0.2,0.8,0,0.8,102.8
1,89,1,7,2.6,0.5,0.2,0,0.2,2.6,0.2,2.3,334
8,89,1,4,1.5,0.2,0.2,0,0.1,1.5,0.2,1.3,211.6
15,89,1,2,0.8,0.1,0,0,0,0.8,0.1,0.7,103
16,89,1,2,0.8,0.1,0,0,0,0.8,0.1,0.7,103
34,89,1,3,1.1,0.1,0.1,0,0.2,1.1,0.3,0.8,120.5
35,89,1,7.5,3.2,0.6,0.1,0.2,0.3,3,0.7,2.8,390.3
36,89,1,4,1.7,0.3,0.1,0.1,0.2,1.6,0.4,1.5,208.2
37,89,1,6,2.6,0.4,0.1,0.2,0.3,2.4,0.5,2.2,312.3
38,89,1,1,0.4,0.1,0,0,0,0.4,0.1,0.4,52
53,89,1,3,1.1,0.1,0.1,0.1,0.1,1,0.1,0.8,124.3
54,89,1,3,1.1,0.1,0.1,0.1,0.1,1,0.1,0.8,124.3
57,89,1,10,4.2,0.8,0,0,0.4,4.2,0.7,4.1,520.4
61,89,1,12,4,0.6,0.8,0.3,0.5,3.7,0.3,3.6,502.4
62,89,1,3,1,0.1,0.2,0.1,0.1,0.9,0.1,0.9,125.6
70,89,1,3,1.3,0.2,0.1,0,0.2,1.3,0.1,1.1,133.2
76,89,1,1,0.3,0.1,0.1,0,0,0.3,0.1,0.2,35.6
77,89,1,7,2.1,0.7,0.7,0,0.1,2.1,0.4,1.7,249.1
82,89,1,4,1.9,0.7,0,0,0.1,1.9,0.1,1.6,270
85,89,1,2,0.9,0.3,0,0,0.1,0.9,0.1,0.8,135
95,89,1,5,1.7,0.3,0.2,0,0.2,1.7,0.1,1.5,224
96,89,1,2,0.7,0.1,0.1,0,0.1,0.7,0,0.6,89.6
103,89,1,6,2.9,0.7,0,0,0.4,2.9,0.4,2.8,356.3
104,89,1,5,2.4,0.6,0,0,0.3,2.4,0.3,2.3,296.9
108,89,1,5,1.6,0.3,0.4,0.3,0.1,1.3,0.2,1.3,217
0,90,1,4,1.5,0.3,0.1,0,0.1,1.5,0.1,1.3,190.8
2,90,1,14.5,5.3,0.9,0.3,0,0.3,5.3,0.3,4.7,691.8
3,90,1,14,5.1,0.9,0.3,0,0.3,5.1,0.3,4.5,667.9
5,90,1,5,1.9,0.2,0.2,0,0.1,1.9,0.2,1.7,264.5
7,90,1,2,0.8,0.1,0.1,0,0,0.8,0.1,0.7,105.8
17,90,1,2,0.8,0.1,0,0,0,0.8,0.1,0.7,103
18,90,1,13,5.1,0.9,0.2,0,0.2,5.1,0.5,4.6,669.5
21,90,1,1,0.4,0.1,0,0,0,0.4,0.1,0.4,51
26,90,1,4,1.5,0.1,0,0,0,1.5,0.2,1.3,201.2
29,90,1,5,1.9,0.1,0,0,0,1.9,0.3,1.6,251.5
30,90,1,7,2.6,0.2,0.2,0,0.4,2.6,0.6,1.8,281.2
32,90,1,1,0.4,0,0,0,0.1,0.4,0.1,0.3,40.2
35,90,1,9,3.9,0.7,0.1,0.3,0.4,3.6,0.8,3.3,468.4
37,90,1,2,0.9,0.1,0,0.1,0.1,0.8,0.2,0.7,104.1
38,90,1,2,0.9,0.1,0,0.1,0.1,0.8,0.2,0.7,104.1
39,90,1,2,0.9,0.1,0,0.1,0.1,0.8,0.2,0.7,104.1
43,90,1,1,0.5,0.3,0,0,0,0.5,0,0.5,62.5
53,90,1,5,1.8,0.2,0.2,0.1,0.2,1.7,0.2,1.3,207.1
54,90,1,11,4,0.3,0.3,0.3,0.5,3.7,0.5,2.8,455.7
57,90,1,5,2.1,0.4,0,0,0.2,2.1,0.3,2,260.2
60,90,1,1,0.3,0,0.1,0,0,0.3,0,0.3,41.9
62,90,1,3.5,1.2,0.2,0.2,0.1,0.1,1.1,0.1,1.1,146.5
64,90,1,1,0.3,0,0.1,0,0,0.3,0,0.3,41.9
75,90,1,7,2.1,0.7,0.7,0,0.1,2.1,0.4,1.7,249.1
76,90,1,24,7.2,2.3,2.3,0,0.5,7.2,1.4,5.9,854
81,90,1,9,4.2,1.5,0,0,0.3,4.2,0.3,3.6,607.5
89,90,1,1,0.5,0.2,0,0,0,0.5,0,0.4,67.5
90,90,1,2,0.7,0.2,0.1,0,0,0.7,0,0.6,93.9
91,90,1,2,0.7,0.2,0.1,0,0,0.7,0,0.6,93.9
94,90,1,8,2.8,0.7,0.5,0,0,2.8,0,2.4,375.8
95,90,1,2,0.7,0.1,0.1,0,0.1,0.7,0,0.6,89.6
98,90,1,2,0.7,0.1,0.1,0,0.1,0.7,0,0.6,89.6
103,90,1,6,2.9,0.7,0,0,0.4,2.9,0.4,2.8,356.3
108,90,1,6,2,0.4,0.5,0.4,0.1,1.6,0.3,1.6,260.3
113,90,1,4,1.4,0.2,0,0,0.1,1.4,0.1,1.2,177.5
126,90,1,4,2,0.9,0,0.3,0,1.7,0.3,1.6,261.8
3,91,1,3,1.1,0.2,0.1,0,0.1,1.1,0.1,1,143.1
4,91,1,2,0.7,0.1,0,0,0,0.7,0,0.6,95.4
7,91,1,4,1.5,0.2,0.2,0,0.1,1.5,0.2,1.3,211.6
15,91,1,1,0.4,0.1,0,0,0,0.4,0,0.4,51.5
16,91,1,3,1.2,0.2,0.1,0,0.1,1.2,0.1,1.1,154.5
17,91,1,6,2.4,0.4,0.1,0,0.1,2.4,0.2,2.1,309
18,91,1,2,0.8,0.1,0,0,0,0.8,0.1,0.7,103
20,91,1,4,1.8,0.4,0.1,0,0,1.8,0.2,1.5,203.9
27,91,1,12.5,4.7,0.3,0,0,0,4.7,0.7,4,628.7
29,91,1,3,1.1,0.1,0,0,0,1.1,0.2,1,150.9
31,91,1,3,1.1,0.1,0.1,0,0.2,1.1,0.3,0.8,120.5
35,91,1,8,3.4,0.6,0.1,0.2,0.4,3.2,0.7,3,416.4
36,91,1,5,2.1,0.4,0.1,0.1,0.2,2,0.4,1.9,260.2
37,91,1,2,0.9,0.1,0,0.1,0.1,0.8,0.2,0.7,104.1
40,91,1,1,0.5,0.3,0,0,0,0.5,0,0.5,62.5
44,91,1,3,1.6,0.9,0,0,0,1.6,0.1,1.4,187.4
52,91,1,2,0.7,0.1,0.1,0,0.1,0.7,0.1,0.5,82.8
54,91,1,16,5.8,0.5,0.5,0.5,0.7,5.3,0.7,4.1,662.8
55,91,1,5,2.1,0.4,0,0,0.2,2.1,0.3,2,260.2
57,91,1,2.5,1,0.2,0,0,0.1,1,0.2,1,130.1
59,91,1,3,1.3,0.3,0,0,0.1,1.3,0.2,1.2,156.1
60,91,1,4,1.3,0.2,0.3,0.1,0.2,1.2,0.1,1.2,167.5
62,91,1,5,1.7,0.2,0.3,0.1,0.2,1.6,0.1,1.5,209.3
72,91,1,3,1.3,0.2,0.1,0,0.2,1.3,0.1,1.1,133.2
74,91,1,1,0.4,0.1,0,0,0.1,0.4,0,0.4,44.4
75,91,1,14,4.2,1.3,1.3,0,0.3,4.2,0.8,3.4,498.2
85,91,1,3,1.4,0.5,0,0,0.1,1.4,0.1,1.2,202.5
89,91,1,1,0.5,0.2,0,0,0,0.5,0,0.4,67.5
94,91,1,18,6.4,1.6,1.1,0,0,6.4,0,5.3,845.5
103,91,1,2,1,0.2,0,0,0.1,1,0.1,0.9,118.8
126,91,1,3,1.5,0.7,0,0.2,0,1.3,0.2,1.2,196.3
0,92,1,2,0.7,0.1,0,0,0,0.7,0,0.6,95.4
1,92,1,7,2.6,0.5,0.2,0,0.2,2.6,0.2,2.3,334
2,92,1,4,1.5,0.3,0.1,0,0.1,1.5,0.1,1.3,190.8
6,92,1,2,0.8,0.1,0.1,0,0,0.8,0.1,0.7,105.8
16,92,1,6,2.4,0.4,0.1,0,0.1,2.4,0.2,2.1,309
17,92,1,14,5.5,1,0.2,0,0.2,5.5,0.5,5,721
19,92,1,3,1.2,0.2,0.1,0,0.1,1.2,0.1,1.1,154.5
22,92,1,3,1.3,0.3,0.1,0,0,1.3,0.2,1.2,153
26,92,1,2,0.7,0.1,0,0,0,0.7,0.1,0.6,100.6
27,92,1,6,2.2,0.2,0,0,0,2.2,0.3,1.9,301.8
34,92,1,3,1.1,0.1,0.1,0,0.2,1.1,0.3,0.8,120.5
35,92,1,5,2.1,0.4,0.1,0.1,0.2,2,0.4,1.9,260.2
42,92,1,2,1,0.6,0,0,0,1,0.1,1,125
52,92,1,8,2.9,0.2,0.2,0.2,0.4,2.7,0.4,2.1,331.4
54,92,1,10,3.6,0.3,0.3,0.3,0.5,3.3,0.5,2.6,414.2
55,92,1,5,2.1,0.4,0,0,0.2,2.1,0.3,2,260.2
56,92,1,2,0.8,0.2,0,0,0.1,0.8,0.1,0.8,104.1
71,92,1,12,5,0.8,0.4,0,0.8,5,0.4,4.3,532.6
85,92,1,2,0.9,0.3,0,0,0.1,0.9,0.1,0.8,135
87,92,1,1,0.5,0.2,0,0,0,0.5,0,0.4,67.5
94,92,1,4,1.4,0.4,0.2,0,0,1.4,0,1.2,187.9
95,92,1,13,4.4,0.8,0.6,0,0.6,4.4,0.3,3.9,582.5
103,92,1,7,3.4,0.8,0,0,0.4,3.4,0.4,3.2,415.7
104,92,1,2,1,0.2,0,0,0.1,1,0.1,0.9,118.8
107,92,1,21,6.8,1.4,1.8,1.3,0.5,5.5,0.9,5.5,911.2
114,92,1,7,2.5,0.4,0,0,0.2,2.5,0.2,2.1,310.6
2,93,1,20,7.4,1.3,0.4,0,0.4,7.4,0.4,6.5,954.2
3,93,1,3,1.1,0.2,0.1,0,0.1,1.1,0.1,1,143.1
4,93,1,12,4.4,0.8,0.3,0,0.3,4.4,0.3,3.9,572.5
7,93,1,5,1.9,0.2,0.2,0,0.1,1.9,0.2,1.7,264.5
8,93,1,1.5,0.6,0.1,0.1,0,0,0.6,0.1,0.5,79.3
17,93,1,2,0.8,0.1,0,0,0,0.8,0.1,0.7,103
27,93,1,3,1.1,0.1,0,0,0,1.1,0.2,1,150.9
28,93,1,2,0.7,0.1,0,0,0,0.7,0.1,0.6,100.6
39,93,1,14,6,1,0.2,0.4,0.6,5.6,1.2,5.2,728.6
40,93,1,4,2.1,1.1,0,0,0,2.1,0.2,1.9,249.9
41,93,1,3,1.6,0.9,0,0,0,1.6,0.1,1.4,187.4
43,93,1,3,1.6,0.9,0,0,0,1.6,0.1,1.4,187.4
52,93,1,5,1.8,0.2,0.2,0.1,0.2,1.7,0.2,1.3,207.1
54,93,1,3,1.1,0.1,0.1,0.1,0.1,1,0.1,0.8,124.3
55,93,1,21,8.8,1.8,0,0,0.9,8.8,1.5,8.5,1092.9
56,93,1,1,0.4,0.1,0,0,0,0.4,0.1,0.4,52
71,93,1,4,1.7,0.3,0.1,0,0.3,1.7,0.1,1.4,177.5
85,93,1,2,0.9,0.3,0,0,0.1,0.9,0.1,0.8,135
87,93,1,1,0.5,0.2,0,0,0,0.5,0,0.4,67.5
88,93,1,4,1.9,0.7,0,0,0.1,1.9,0.1,1.6,270
97,93,1,1,0.3,0.1,0,0,0,0.3,0,0.3,44.8
104,93,1,2,1,0.2,0,0,0.1,1,0.1,0.9,118.8
106,93,1,2,0.7,0.1,0.2,0.2,0,0.5,0.1,0.5,86.8
107,93,1,12,3.9,0.8,1,0.8,0.3,3.1,0.5,3.1,520.7
114,93,1,10,3.5,0.5,0,0,0.3,3.5,0.3,3,443.8
118,93,1,3,1.1,0.2,0,0,0.1,1.1,0.1,0.9,133.1
0,94,1,2,0.8,0.1,0,0,0,0.8,0,0.8,98.3
1,94,1,2,0.8,0.1,0,0,0,0.8,0,0.8,98.3
2,94,1,13,5.1,0.9,0,0.1,0.2,5,0.2,5,638.9
4,94,1,19,7.4,1.3,0,0.1,0.3,7.3,0.3,7.3,933.8
5,94,1,2,0.8,0.2,0.1,0,0.1,0.8,0.1,0.6,111.1
11,94,1,4.5,2,0.4,0,0,0.7,2,0.4,1.7,282.7
12,94,1,9,4,0.7,0,0,1.5,4,0.7,3.3,565.3
17,94,1,5,2,0.5,0.2,0,0.2,2,0.2,1.6,235.6
18,94,1,16,6.3,1.5,0.7,0,0.7,6.3,0.5,5.1,754
27,94,1,2,1,0.3,0,0,0.1,1,0.1,0.8,134.2
29,94,1,2,1,0.3,0,0,0.1,1,0.1,0.8,134.2
39,94,1,7,3,0.9,0.3,0.1,0.4,2.9,0.6,2.2,316.9
40,94,1,17,6.8,1.8,0.5,0,0.2,6.8,0.2,6.5,795.5
52,94,1,1,0.5,0.2,0,0,0.1,0.5,0.1,0.4,61.4
53,94,1,2,1,0.4,0.1,0,0.2,1,0.1,0.7,122.7
55,94,1,24,9.1,2.7,1.1,0,0,9.1,1.1,8.5,1263.5
56,94,1,4,1.5,0.4,0.2,0,0,1.5,0.2,1.4,210.6
58,94,1,4,1.5,0.4,0.2,0,0,1.5,0.2,1.4,210.6
59,94,1,2,0.8,0.2,0.1,0,0,0.8,0.1,0.7,105.3
60,94,1,7,2.7,0.3,0.3,0,0.2,2.7,0.3,2.2,315.3
61,94,1,5,1.9,0.2,0.2,0,0.1,1.9,0.2,1.6,225.2
62,94,1,15,5.8,0.7,0.7,0,0.3,5.8,0.7,4.8,675.7
63,94,1,3,1.2,0.1,0.1,0,0.1,1.2,0.1,1,135.1
64,94,1,5,1.9,0.2,0.2,0,0.1,1.9,0.2,1.6,225.2
71,94,1,5,2.4,0.6,0.1,0,0.4,2.4,0.3,1.9,289.3
73,94,1,4,1.9,0.5,0.1,0,0.3,1.9,0.3,1.5,231.4
84,94,1,2,0.9,0.2,0,0,0.1,0.9,0.2,0.8,100.7
85,94,1,4,1.8,0.5,0.1,0,0.2,1.8,0.4,1.5,201.3
92,94,1,1,0.4,0.1,0,0,0,0.4,0,0.3,60.2
93,94,1,3,1.3,0.4,0.1,0,0.1,1.3,0.1,1,180.5
94,94,1,3,1.3,0.4,0.1,0,0.1,1.3,0.1,1,180.5
95,94,1,5,2.2,0.7,0.1,0,0.2,2.2,0.2,1.6,300.8
102,94,1,3,1.2,0.3,0,0,0,1.2,0.1,1.1,145.9
104,94,1,4,1.7,0.4,0,0.1,0.1,1.6,0.1,1.5,194.5
106,94,1,3,1.2,0.3,0,0,0,1.2,0.1,1.1,145.9
108,94,1,4,1.7,0.4,0,0.1,0.1,1.6,0.1,1.5,194.5
114,94,1,1,0.5,0.1,0,0,0.1,0.5,0,0.4,60.8
118,94,1,1,0.5,0.1,0,0,0.1,0.5,0,0.4,60.8
120,94,1,3,1.3,0.3,0,0,0.1,1.3,0,1.3,170.7
122,94,1,5,2.1,0.4,0,0,0.1,2.1,0,2.1,284.5
125,94,1,6,2.5,0.7,0.2,0,0.2,2.5,0.2,2.2,277
1,95,1,3,1.2,0.2,0,0,0.1,1.2,0.1,1.1,147.4
2,95,1,20,7.8,1.4,0,0.2,0.3,7.6,0.3,7.7,983
3,95,1,4,1.6,0.3,0,0.1,0.1,1.5,0.1,1.5,196.6
4,95,1,4,1.6,0.3,0,0.1,0.1,1.5,0.1,1.5,196.6
16,95,1,5,2,0.5,0.2,0,0.2,2,0.2,1.6,235.6
17,95,1,9,3.5,0.8,0.4,0,0.4,3.5,0.3,2.9,424.1
18,95,1,10,3.9,0.9,0.4,0,0.4,3.9,0.3,3.2,471.2
19,95,1,17,6.7,1.6,0.7,0,0.7,6.7,0.5,5.4,801.1
22,95,1,1,0.5,0.2,0,0,0.1,0.5,0.1,0.4,67.1
30,95,1,2,0.8,0.3,0.1,0,0.1,0.8,0.2,0.6,90.5
37,95,1,5,2.1,0.7,0.2,0,0.3,2.1,0.4,1.5,226.3
38,95,1,1,0.4,0.1,0,0,0.1,0.4,0.1,0.3,45.3
39,95,1,2,0.8,0.3,0.1,0,0.1,0.8,0.2,0.6,90.5
41,95,1,7,2.8,0.7,0.2,0,0.1,2.8,0.1,2.7,327.6
42,95,1,1,0.4,0.1,0,0,0,0.4,0,0.4,46.8
52,95,1,6,3,1.3,0.2,0,0.6,3,0.4,2.1,368.1
53,95,1,2,1,0.4,0.1,0,0.2,1,0.1,0.7,122.7
54,95,1,1,0.5,0.2,0,0,0.1,0.5,0.1,0.4,61.4
58,95,1,4,1.5,0.4,0.2,0,0,1.5,0.2,1.4,210.6
64,95,1,2,0.8,0.1,0.1,0,0,0.8,0.1,0.6,90.1
66,95,1,4,1.3,0.2,0.1,0,0.1,1.3,0.2,1.2,155.8
69,95,1,3,1,0.1,0.1,0,0.1,1,0.2,0.9,116.9
70,95,1,5,2.4,0.6,0.1,0,0.4,2.4,0.3,1.9,289.3
71,95,1,1,0.5,0.1,0,0,0.1,0.5,0.1,0.4,57.9
72,95,1,1,0.5,0.1,0,0,0.1,0.5,0.1,0.4,57.9
77,95,1,3,1.3,0.3,0,0,0.1,1.3,0.2,1.1,150.2
78,95,1,1,0.4,0.1,0,0,0,0.4,0.1,0.4,50.1
83,95,1,4,1.8,0.5,0.1,0,0.2,1.8,0.4,1.5,201.3
87,95,1,3,1.3,0.3,0.1,0,0.2,1.3,0.3,1.2,151
97,95,1,1,0.4,0.1,0,0,0,0.4,0,0.3,60.2
98,95,1,4,1.8,0.6,0.1,0,0.2,1.8,0.2,1.3,240.7
102,95,1,2,0.8,0.2,0,0,0,0.8,0.1,0.7,97.3
116,95,1,3,1.4,0.3,0,0,0.2,1.4,0,1.2,182.4
125,95,1,23,9.4,2.7,0.8,0,0.6,9.4,0.6,8.6,1061.8
127,95,1,2,0.8,0.2,0.1,0,0.1,0.8,0.1,0.7,92.3
2,96,1,4,1.6,0.3,0,0.1,0.1,1.5,0.1,1.5,196.6
3,96,1,9,3.5,0.6,0,0.1,0.2,3.4,0.2,3.4,442.3
6,96,1,3,1.1,0.4,0.2,0,0.1,1.1,0.2,0.9,166.7
16,96,1,6,2.4,0.6,0.2,0,0.2,2.4,0.2,1.9,282.7
17,96,1,3,1.2,0.3,0.1,0,0.1,1.2,0.1,1,141.4
19,96,1,3,1.2,0.3,0.1,0,0.1,1.2,0.1,1,141.4
21,96,1,2,1,0.3,0,0,0.1,1,0.1,0.8,134.2
22,96,1,6,3,0.9,0,0.1,0.3,2.9,0.4,2.3,402.7
25,96,1,5,2.5,0.8,0,0.1,0.3,2.4,0.3,1.9,335.6
28,96,1,2,1,0.3,0,0,0.1,1,0.1,0.8,134.2
29,96,1,2,1,0.3,0,0,0.1,1,0.1,0.8,134.2
41,96,1,9.5,3.8,1,0.3,0,0.1,3.8,0.1,3.6,444.5
49,96,1,1,0.5,0.2,0,0,0,0.5,0.1,0.5,53.2
50,96,1,8,4,1.7,0.3,0,0.9,4,0.6,2.9,490.9
51,96,1,1,0.5,0.2,0,0,0.1,0.5,0.1,0.4,61.4
56,96,1,3,1.1,0.3,0.1,0,0,1.1,0.1,1.1,157.9
59,96,1,4,1.5,0.4,0.2,0,0,1.5,0.2,1.4,210.6
66,96,1,2,0.6,0.1,0.1,0,0,0.6,0.1,0.6,77.9
67,96,1,2,0.6,0.1,0.1,0,0,0.6,0.1,0.6,77.9
68,96,1,3,1,0.1,0.1,0,0.1,1,0.2,0.9,116.9
73,96,1,3,1.4,0.4,0.1,0,0.3,1.4,0.2,1.1,173.6
74,96,1,7,3.4,0.8,0.1,0,0.6,3.4,0.5,2.7,405
76,96,1,6,2.5,0.7,0.1,0,0.2,2.5,0.3,2.3,300.3
77,96,1,7.5,3.2,0.9,0.1,0,0.3,3.2,0.4,2.9,375.4
78,96,1,10,4.2,1.1,0.1,0,0.4,4.2,0.5,3.8,500.5
84,96,1,1,0.4,0.1,0,0,0.1,0.4,0.1,0.4,50.3
87,96,1,1,0.4,0.1,0,0,0.1,0.4,0.1,0.4,50.3
94,96,1,3,1.3,0.4,0.1,0,0.1,1.3,0.1,1,180.5
115,96,1,4,1.9,0.4,0,0,0.3,1.9,0.1,1.7,243.3
125,96,1,6,2.5,0.7,0.2,0,0.2,2.5,0.2,2.2,277
126,96,1,13,5.3,1.5,0.5,0,0.4,5.3,0.4,4.8,600.1
127,96,1,13,5.3,1.5,0.5,0,0.4,5.3,0.4,4.8,600.1
2,97,1,11,4.3,0.8,0,0.1,0.2,4.2,0.2,4.2,540.6
3,97,1,13,5.1,0.9,0,0.1,0.2,5,0.2,5,638.9
5,97,1,5,1.9,0.6,0.3,0,0.2,1.9,0.3,1.6,277.8
6,97,1,9,3.4,1.1,0.6,0,0.3,3.4,0.6,2.8,500.1
17,97,1,9,3.5,0.8,0.4,0,0.4,3.5,0.3,2.9,424.1
18,97,1,9,3.5,0.8,0.4,0,0.4,3.5,0.3,2.9,424.1
21,97,1,1,0.5,0.2,0,0,0.1,0.5,0.1,0.4,67.1
23,97,1,1,0.5,0.2,0,0,0.1,0.5,0.1,0.4,67.1
29,97,1,3,1.5,0.5,0,0,0.2,1.5,0.2,1.1,201.3
41,97,1,16.5,6.6,1.7,0.5,0,0.2,6.6,0.2,6.3,772.1
42,97,1,2,0.8,0.2,0.1,0,0,0.8,0,0.8,93.6
47,97,1,2,0.9,0.3,0,0,0,0.9,0.2,0.9,106.5
51,97,1,1,0.5,0.2,0,0,0.1,0.5,0.1,0.4,61.4
52,97,1,1,0.5,0.2,0,0,0.1,0.5,0.1,0.4,61.4
66,97,1,12,3.9,0.6,0.4,0,0.3,3.9,0.7,3.7,467.5
70,97,1,5,2.4,0.6,0.1,0,0.4,2.4,0.3,1.9,289.3
73,97,1,4,1.9,0.5,0.1,0,0.3,1.9,0.3,1.5,231.4
74,97,1,6,2.9,0.7,0.1,0,0.5,2.9,0.4,2.3,347.2
75,97,1,22,9.2,2.5,0.3,0,0.8,9.2,1.1,8.4,1101.1
76,97,1,7,2.9,0.8,0.1,0,0.3,2.9,0.4,2.7,350.4
81,97,1,2,0.9,0.2,0,0,0.1,0.9,0.2,0.8,100.7
88,97,1,12,5.3,1.4,0.2,0,0.7,5.3,1.2,4.6,603.9
89,97,1,2,0.9,0.2,0,0,0.1,0.9,0.2,0.8,100.7
94,97,1,2,0.9,0.3,0,0,0.1,0.9,0.1,0.7,120.3
99,97,1,3,1.3,0.4,0.1,0,0.1,1.3,0.1,1,180.5
104,97,1,4,1.7,0.4,0,0.1,0.1,1.6,0.1,1.5,194.5
115,97,1,4,1.9,0.4,0,0,0.3,1.9,0.1,1.7,243.3
124,97,1,5,2.1,0.4,0,0,0.1,2.1,0,2.1,284.5
126,97,1,19,7.8,2.2,0.7,0,0.5,7.8,0.5,7.1,877.1
127,97,1,6,2.5,0.7,0.2,0,0.2,2.5,0.2,2.2,277
2,98,1,2,0.8,0.1,0,0,0,0.8,0,0.8,98.3
3,98,1,9,3.5,0.6,0,0.1,0.2,3.4,0.2,3.4,442.3
15,98,1,3,1.2,0.3,0.1,0,0.1,1.2,0.1,1,141.4
19,98,1,2,0.8,0.2,0.1,0,0.1,0.8,0.1,0.6,94.2
26,98,1,2,1,0.3,0,0,0.1,1,0.1,0.8,134.2
29,98,1,2,1,0.3,0,0,0.1,1,0.1,0.8,134.2
41,98,1,12,4.8,1.2,0.4,0,0.2,4.8,0.2,4.6,561.5
44,98,1,3,1.2,0.3,0.1,0,0,1.2,0,1.1,140.4
45,98,1,4,1.9,0.6,0,0,0,1.9,0.3,1.9,212.9
46,98,1,4,1.9,0.6,0,0,0,1.9,0.3,1.9,212.9
48,98,1,2,0.9,0.3,0,0,0,0.9,0.2,0.9,106.5
52,98,1,2,1,0.4,0.1,0,0.2,1,0.1,0.7,122.7
60,98,1,2,0.8,0.1,0.1,0,0,0.8,0.1,0.6,90.1
61,98,0,24,13,5,0,5,2,8,3,5,1290
62,98,1,3,1.2,0.1,0.1,0,0.1,1.2,0.1,1,135.1
63,98,1,2,0.8,0.1,0.1,0,0,0.8,0.1,0.6,90.1
65,98,1,1,0.3,0,0,0,0,0.3,0.1,0.3,39
70,98,0,36.5,15,4,1,0,4,15,0,11,2229
71,98,1,8,3.9,1,0.1,0,0.7,3.9,0.6,3,462.9
72,98,1,2,1,0.2,0,0,0.2,1,0.1,0.8,115.7
73,98,1,4,1.9,0.5,0.1,0,0.3,1.9,0.3,1.5,231.4
74,98,1,3,1.4,0.4,0.1,0,0.3,1.4,0.2,1.1,173.6
77,98,1,2,0.8,0.2,0,0,0.1,0.8,0.1,0.8,100.1
85,98,1,2,0.9,0.2,0,0,0.1,0.9,0.2,0.8,100.7
87,98,1,1,0.4,0.1,0,0,0.1,0.4,0.1,0.4,50.3
89,98,1,2,0.9,0.2,0,0,0.1,0.9,0.2,0.8,100.7
115,98,1,5,2.3,0.5,0,0,0.3,2.3,0.1,2.1,304.1
116,98,1,4,1.9,0.4,0,0,0.3,1.9,0.1,1.7,243.3
122,98,1,16.5,7,1.4,0,0,0.5,7,0,7,938.9
123,98,1,6,2.5,0.5,0,0,0.2,2.5,0,2.5,341.4
125,98,1,5,2,0.6,0.2,0,0.1,2,0.1,1.9,230.8
126,98,1,6,2.5,0.7,0.2,0,0.2,2.5,0.2,2.2,277
127,98,1,3,1.2,0.4,0.1,0,0.1,1.2,0.1,1.1,138.5
0,99,1,1,0.4,0.1,0.1,0,0,0.4,0.1,0.3,55.6
17,99,1,5,2.4,0.9,0.2,0,0.2,2.4,0.5,1.9,333.8
24,99,1,5,2.5,0.8,0,0.1,0.3,2.4,0.3,1.9,335.6
25,99,1,2,1,0.3,0,0,0.1,1,0.1,0.8,134.2
26,99,1,2,1,0.3,0,0,0.1,1,0.1,0.8,134.2
43,99,1,4.5,1.6,0.4,0.2,0,0.1,1.6,0.1,1.5,192.5
44,99,0,36,12,2,1,1,0,11,0,9,1092
45,99,1,3,1.4,0.5,0,0,0,1.4,0.2,1.4,159.7
49,99,1,3,1.4,0.5,0,0,0,1.4,0.2,1.4,159.7
60,99,1,14,4.2,0.6,0.7,0,0.2,4.2,0.3,3.5,507.6
61,99,1,17,5.1,0.7,0.8,0,0.3,5.1,0.4,4.3,616.4
65,99,1,4,1.3,0.2,0.1,0,0.1,1.3,0.2,1.2,155.8
66,99,1,1,0.3,0,0,0,0,0.3,0.1,0.3,39
67,99,1,7.5,2.4,0.4,0.3,0,0.2,2.4,0.4,2.3,292.2
68,99,1,21,6.8,1,0.8,0,0.5,6.8,1.3,6.5,818.1
69,99,1,13,4.2,0.6,0.5,0,0.3,4.2,0.8,4,506.5
70,99,0,29.5,13,3,1,1,3,12,1,8,1374
71,99,1,13,5.9,2.3,0.3,0,0,5.9,1,5.6,714
77,99,1,4,1.7,0.5,0.1,0,0.2,1.7,0.2,1.5,200.2
78,99,1,5,2.1,0.6,0.1,0,0.2,2.1,0.3,1.9,250.3
88,99,1,1,0.4,0.1,0,0,0,0.4,0,0.3,52
89,99,1,10,3.9,1.1,0.3,0,0,3.9,0.3,3.4,520.3
92,99,1,3,1.3,0.4,0.1,0,0.1,1.3,0.1,1,180.5
106,99,1,4,1.7,0.4,0,0.1,0.1,1.6,0.1,1.5,194.5
109,99,1,8,3.3,0.8,0,0.1,0.1,3.2,0.3,2.9,389.1
114,99,1,3,1.4,0.3,0,0,0.2,1.4,0,1.2,182.4
116,99,1,4,1.9,0.4,0,0,0.3,1.9,0.1,1.7,243.3
120,99,1,4,1.6,0.4,0.1,0.1,0.3,1.5,0.1,1,174.5
121,99,1,8,3.3,0.8,0.2,0.2,0.5,3.1,0.2,2,349
122,99,1,13,5.3,1.2,0.4,0.3,0.9,5,0.4,3.3,567.1
125,99,1,4,2,0.6,0,0,0,2,0,1.8,236.1
126,99,1,5,2.5,0.8,0,0,0,2.5,0,2.2,295.2
127,99,1,3,1.5,0.5,0,0,0,1.5,0,1.3,177.1
13,100,1,5,2.2,0.4,0,0,0.8,2.2,0.4,1.8,314.1
14,100,1,2,0.9,0.2,0,0,0.3,0.9,0.2,0.7,125.6
23,100,1,2,1,0.3,0,0,0.1,1,0.1,0.8,134.2
25,100,1,3,1.5,0.5,0,0,0.2,1.5,0.2,1.1,201.3
41,100,1,14,5,1.1,0.6,0,0.3,5,0.3,4.8,598.9
43,100,1,2,0.7,0.2,0.1,0,0,0.7,0,0.7,85.6
44,100,1,21.5,7.7,1.7,0.9,0,0.4,7.7,0.4,7.3,919.8
45,100,1,7,3.3,1.1,0,0,0,3.3,0.6,3.3,372.7
49,100,1,2,0.9,0.3,0,0,0,0.9,0.2,0.9,106.5
58,100,1,5,2.2,0.9,0.3,0.1,0.3,2.1,0.3,1.9,292.2
59,100,1,2,0.9,0.4,0.1,0.1,0.1,0.8,0.1,0.8,116.9
60,100,1,11,3.3,0.4,0.5,0,0.2,3.3,0.3,2.8,398.9
74,100,1,4,1.8,0.7,0.1,0,0,1.8,0.3,1.7,219.7
75,100,1,7,2.9,0.8,0.1,0,0.3,2.9,0.4,2.7,350.4
90,100,1,1,0.4,0.1,0,0,0,0.4,0,0.3,60.2
93,100,1,3,1.3,0.4,0.1,0,0.1,1.3,0.1,1,180.5
103,100,1,2,0.8,0.2,0,0,0,0.8,0.1,0.7,97.3
106,100,1,2,0.8,0.2,0,0,0,0.8,0.1,0.7,97.3
107,100,1,2,0.8,0.2,0,0,0,0.8,0.1,0.7,97.3
109,100,1,2,0.8,0.2,0,0,0,0.8,0.1,0.7,97.3
110,100,1,2,0.9,0.2,0,0,0.1,0.9,0,0.8,121.6
115,100,1,8,3.7,0.8,0,0,0.5,3.7,0.1,3.3,486.5
119,100,1,6,2.8,0.6,0,0,0.4,2.8,0.1,2.5,364.9
120,100,1,2,0.8,0.2,0.1,0,0.1,0.8,0.1,0.5,87.2
124,100,1,1,0.4,0.1,0,0,0.1,0.4,0,0.3,43.6
125,100,0,28,13,7,1,2,1,11,1,10,1503
126,100,1,4,2,0.6,0,0,0,2,0,1.8,236.1
12,101,1,2,0.9,0.2,0,0,0.3,0.9,0.2,0.7,125.6
13,101,1,2,0.9,0.2,0,0,0.3,0.9,0.2,0.7,125.6
15,101,1,2,1,0.3,0.1,0,0.1,1,0.2,0.8,133.5
17,101,1,2,1,0.3,0.1,0,0.1,1,0.2,0.8,133.5
24,101,1,1.5,0.8,0.2,0,0,0.1,0.8,0.1,0.6,100.7
25,101,1,3,1.5,0.5,0,0,0.2,1.5,0.2,1.1,201.3
37,101,1,9,3.8,1.2,0.3,0.1,0.5,3.7,0.8,2.8,407.4
38,101,1,11,4.7,1.5,0.4,0.1,0.6,4.6,1,3.4,498
39,101,1,22,9.3,3,0.8,0.2,1.3,9.1,1.9,6.8,995.9
41,101,1,3,1.1,0.2,0.1,0,0.1,1.1,0.1,1,128.3
44,101,1,2,0.7,0.2,0.1,0,0,0.7,0,0.7,85.6
45,101,1,2,0.9,0.3,0,0,0,0.9,0.2,0.9,106.5
47,101,1,5,2.4,0.8,0,0,0,2.4,0.4,2.4,266.2
59,101,1,12,5.2,2.2,0.6,0.3,0.6,4.9,0.6,4.6,701.2
60,101,1,20,6,0.8,1,0,0.3,6,0.5,5,725.2
61,101,1,16,4.8,0.7,0.8,0,0.3,4.8,0.4,4,580.2
76,101,1,2,0.8,0.2,0,0,0.1,0.8,0.1,0.8,100.1
85,101,1,2,0.8,0.2,0.1,0,0,0.8,0.1,0.7,104.1
89,101,1,9,3.6,0.9,0.2,0,0,3.6,0.2,3.1,468.2
93,101,1,5,2.2,0.7,0.1,0,0.2,2.2,0.2,1.6,300.8
105,101,1,7,2.9,0.7,0,0.1,0.1,2.8,0.2,2.6,340.4
106,101,1,1,0.4,0.1,0,0,0,0.4,0,0.4,48.6
109,101,1,5,2.1,0.5,0,0.1,0.1,2,0.2,1.8,243.2
114,101,1,4,1.9,0.4,0,0,0.3,1.9,0.1,1.7,243.3
115,101,1,4,1.9,0.4,0,0,0.3,1.9,0.1,1.7,243.3
120,101,1,5,2,0.5,0.1,0.1,0.3,1.9,0.1,1.3,218.1
121,101,1,4.5,1.8,0.4,0.1,0.1,0.3,1.7,0.1,1.1,196.3
122,101,1,15.5,6.3,1.5,0.5,0.3,1,6,0.5,4,676.1
123,101,1,15,6.1,1.4,0.4,0.3,1,5.8,0.4,3.8,654.3
124,101,1,4,1.6,0.4,0.1,0.1,0.3,1.5,0.1,1,174.5
125,101,1,11,5.5,1.7,0,0,0,5.5,0,4.8,649.3
126,101,1,2,1,0.3,0,0,0,1,0,0.9,118.1
2,102,1,6,2.2,0.8,0.4,0,0.2,2.2,0.4,1.9,333.4
17,102,1,7,3.4,1.2,0.2,0,0.2,3.4,0.7,2.7,467.3
18,102,1,3,1.4,0.5,0.1,0,0.1,1.4,0.3,1.1,200.3
19,102,1,4,1.9,0.7,0.1,0,0.1,1.9,0.4,1.5,267
21,102,1,4,2,0.6,0,0.1,0.2,1.9,0.3,1.5,268.5
35,102,1,2,0.8,0.3,0.1,0,0.1,0.8,0.2,0.6,90.5
36,102,1,2,0.8,0.3,0.1,0,0.1,0.8,0.2,0.6,90.5
37,102,1,1,0.4,0.1,0,0,0.1,0.4,0.1,0.3,45.3
38,102,1,22,9.3,3,0.8,0.2,1.3,9.1,1.9,6.8,995.9
39,102,1,6,2.5,0.8,0.2,0,0.3,2.5,0.5,1.8,271.6
41,102,1,1,0.4,0.1,0,0,0,0.4,0,0.3,42.8
43,102,1,2,0.7,0.2,0.1,0,0,0.7,0,0.7,85.6
45,102,1,2,0.9,0.3,0,0,0,0.9,0.2,0.9,106.5
47,102,1,1,0.5,0.2,0,0,0,0.5,0.1,0.5,53.2
53,102,1,1,0.5,0.2,0,0,0.1,0.5,0.1,0.4,61.4
56,102,1,2,0.9,0.4,0.1,0.1,0.1,0.8,0.1,0.8,116.9
57,102,1,1,0.4,0.2,0.1,0,0.1,0.4,0.1,0.4,58.4
59,102,1,4,1.7,0.7,0.2,0.1,0.2,1.6,0.2,1.5,233.7
60,102,1,9,2.7,0.4,0.4,0,0.1,2.7,0.2,2.3,326.3
61,102,1,12,3.6,0.5,0.6,0,0.2,3.6,0.3,3,435.1
63,102,1,2,0.6,0.1,0.1,0,0,0.6,0,0.5,72.5
64,102,1,9,2.7,0.4,0.4,0,0.1,2.7,0.2,2.3,326.3
71,102,1,3,1.4,0.5,0.1,0,0,1.4,0.2,1.3,164.8
72,102,1,8,3.6,1.4,0.2,0,0,3.6,0.6,3.5,439.4
73,102,1,4,1.8,0.7,0.1,0,0,1.8,0.3,1.7,219.7
80,102,1,4,1.8,0.5,0.1,0,0.2,1.8,0.4,1.5,201.3
82,102,1,3,1.3,0.3,0.1,0,0.2,1.3,0.3,1.2,151
83,102,1,2,0.9,0.2,0,0,0.1,0.9,0.2,0.8,100.7
89,102,1,3,1.2,0.3,0.1,0,0,1.2,0.1,1,156.1
98,102,1,6,2.7,0.8,0.1,0,0.3,2.7,0.3,2,361
106,102,1,5,2.1,0.5,0,0.1,0.1,2,0.2,1.8,243.2
114,102,1,7.5,3.5,0.7,0,0,0.5,3.5,0.1,3.1,456.1
115,102,1,2,0.9,0.2,0,0,0.1,0.9,0,0.8,121.6
121,102,1,2,0.8,0.2,0.1,0,0.1,0.8,0.1,0.5,87.2
122,102,0,27,13,6,0,0,0,13,0,12,1411
123,102,0,45,17,2,2,1,1,16,2,17,1831
124,102,1,15,6.1,1.4,0.4,0.3,1,5.8,0.4,3.8,654.3
125,102,0,32,11,3,1,0,0,11,0,11,1218
126,102,1,3,1.5,0.5,0,0,0,1.5,0,1.3,177.1
4,103,1,5,1.9,0.6,0.3,0,0.2,1.9,0.3,1.6,277.8
5,103,1,1,0.4,0.1,0.1,0,0,0.4,0.1,0.3,55.6
17,103,1,5,2.4,0.9,0.2,0,0.2,2.4,0.5,1.9,333.8
18,103,1,1,0.5,0.2,0,0,0,0.5,0.1,0.4,66.8
20,103,1,4,2,0.6,0,0.1,0.2,1.9,0.3,1.5,268.5
34,103,1,1,0.4,0.1,0,0,0.1,0.4,0.1,0.3,45.3
36,103,1,3,1.3,0.4,0.1,0,0.2,1.3,0.3,0.9,135.8
37,103,1,5,2.1,0.7,0.2,0,0.3,2.1,0.4,1.5,226.3
39,103,1,3,1.3,0.4,0.1,0,0.2,1.3,0.3,0.9,135.8
54,103,1,2,1,0.4,0.1,0,0.2,1,0.1,0.7,122.7
57,103,1,5,2.2,0.9,0.3,0.1,0.3,2.1,0.3,1.9,292.2
58,103,1,3,1.3,0.5,0.2,0.1,0.2,1.2,0.2,1.2,175.3
59,103,1,5,2.2,0.9,0.3,0.1,0.3,2.1,0.3,1.9,292.2
60,103,1,6,1.8,0.2,0.3,0,0.1,1.8,0.1,1.5,217.6
64,103,1,7,2.1,0.3,0.3,0,0.1,2.1,0.2,1.8,253.8
67,103,1,7,2.3,0.3,0.3,0,0.2,2.3,0.4,2.2,272.7
68,103,1,2,0.6,0.1,0.1,0,0,0.6,0.1,0.6,77.9
69,103,1,1,0.3,0,0,0,0,0.3,0.1,0.3,39
70,103,1,11,5,1.9,0.2,0,0,5,0.9,4.7,604.1
72,103,1,4,1.8,0.7,0.1,0,0,1.8,0.3,1.7,219.7
73,103,1,4,1.8,0.7,0.1,0,0,1.8,0.3,1.7,219.7
78,103,1,2,0.8,0.2,0,0,0.1,0.8,0.1,0.8,100.1
81,103,1,4,1.8,0.5,0.1,0,0.2,1.8,0.4,1.5,201.3
83,103,1,2,0.9,0.2,0,0,0.1,0.9,0.2,0.8,100.7
84,103,1,1,0.4,0.1,0,0,0.1,0.4,0.1,0.4,50.3
85,103,1,8,3.2,0.8,0.2,0,0,3.2,0.2,2.7,416.2
89,103,1,5,2,0.5,0.1,0,0,2,0.1,1.7,260.1
102,103,1,2,0.8,0.2,0,0,0,0.8,0.1,0.7,97.3
103,103,1,3,1.2,0.3,0,0,0,1.2,0.1,1.1,145.9
121,103,1,19,7.8,1.8,0.6,0.4,1.2,7.4,0.6,4.9,828.8
122,103,0,76,43,25,2,20,4,23,8,16,4223
123,103,1,21,8.6,2,0.6,0.5,1.4,8.1,0.6,5.4,916
124,103,1,8,3.3,0.8,0.2,0.2,0.5,3.1,0.2,2,349
0,104,1,3,1.3,0.3,0.1,0,0.1,1.3,0.1,1,198.6
5,104,1,2,0.9,0.2,0,0,0.1,0.9,0,0.7,132.4
6,104,1,4,1.7,0.4,0.1,0,0.2,1.7,0.1,1.4,264.8
16,104,1,7,3,0.7,0.2,0,0.3,3,0.2,2.4,463.4
18,104,1,6,2.5,0.6,0.1,0,0.3,2.5,0.1,2.1,397.2
19,104,1,2,0.9,0.2,0,0,0.1,0.9,0,0.7,132.4
36,104,1,4,1.7,0.4,0.1,0.1,0.4,1.6,0.3,1.3,168.5
37,104,1,9,3.8,0.8,0.1,0.2,0.9,3.6,0.6,2.8,379
38,104,1,3,1.3,0.3,0,0.1,0.3,1.2,0.2,0.9,126.3
40,104,1,1,0.6,0.3,0,0,0,0.6,0.1,0.5,78.7
51,104,1,2,0.9,0.3,0.1,0.1,0.1,0.8,0.1,0.7,101.3
53,104,1,1,0.5,0.1,0,0.1,0,0.4,0,0.4,50.6
60,104,1,8,2.9,0.2,0.2,0,0.3,2.9,0,2.5,371.8
63,104,1,3,1.1,0.1,0.1,0,0.1,1.1,0,0.9,139.4
83,104,1,4,1.8,0.5,0.1,0.3,0.1,1.5,0.3,1.2,252.6
84,104,1,6,2.7,0.8,0.2,0.4,0.2,2.3,0.4,1.7,379
85,104,1,8,3.6,1,0.3,0.5,0.3,3.1,0.5,2.3,505.3
93,104,1,10.5,5.2,2.3,0.5,0.2,0.5,5,1.1,4.3,631.8
94,104,1,4.5,2.2,1,0.2,0.1,0.2,2.1,0.5,1.8,270.8
107,104,1,6,2.6,0.9,0,0.2,0.2,2.4,0.2,2.1,332.2
108,104,1,1,0.4,0.2,0,0,0,0.4,0,0.3,55.4
114,104,1,4,2.1,0.8,0,0.1,0,2,0.4,1.9,252.3
115,104,1,2,0.9,0.3,0,0,0.1,0.9,0.1,0.9,116.7
117,104,1,4,1.8,0.6,0,0,0.1,1.8,0.1,1.7,233.5
120,104,0,36.5,16,4,1,1,3,15,1,16,1942
121,104,0,69,38,23,4,19,3,19,10,12,4049
122,104,0,37.5,24,13,0,19,6,5,4,6,1785
123,104,1,11,4.5,1.2,0.5,0,0.2,4.5,0.5,3.7,530.2
124,104,1,19,7.8,2.1,0.8,0,0.3,7.8,0.8,6.4,915.8
125,104,1,3,1.2,0.3,0.1,0,0.1,1.2,0.2,1,142.6
0,105,1,4,1.7,0.4,0.1,0,0.2,1.7,0.1,1.4,264.8
32,105,1,3,1,0.2,0.1,0,0.1,1,0.1,1,117.7
34,105,1,4,1.4,0.2,0.1,0,0.1,1.4,0.1,1.4,156.9
35,105,1,5,2.1,0.4,0.1,0.1,0.5,2,0.3,1.6,210.6
36,105,1,12,5,1.1,0.2,0.3,1.2,4.7,0.8,3.8,505.4
46,105,1,5,2.8,1.5,0,0,0,2.8,0.7,2.4,393.5
52,105,1,1,0.5,0.1,0,0.1,0,0.4,0,0.4,50.6
59,105,1,1,0.5,0.1,0,0.1,0,0.4,0,0.4,50.6
60,105,1,7,2.6,0.1,0.1,0,0.3,2.6,0,2.2,325.4
63,105,1,4,1.5,0.1,0.1,0,0.2,1.5,0,1.2,185.9
80,105,1,3,1.4,0.4,0.1,0.2,0.1,1.2,0.2,0.9,189.5
93,105,1,4,2,0.9,0.2,0.1,0.2,1.9,0.4,1.6,240.7
99,105,1,1,0.5,0.2,0.1,0,0.1,0.5,0.1,0.4,60.2
101,105,1,4,1.5,0.3,0,0,0,1.5,0.1,1.4,189.4
102,105,1,7,2.7,0.5,0,0,0,2.7,0.2,2.4,331.4
111,105,1,1,0.5,0.2,0,0,0,0.5,0.1,0.5,63.1
114,105,1,5,2.7,1,0,0.1,0,2.6,0.5,2.3,315.3
115,105,1,2,0.9,0.3,0,0,0.1,0.9,0.1,0.9,116.7
116,105,1,3,1.4,0.4,0,0,0.1,1.4,0.1,1.3,175.1
118,105,1,4,1.8,0.6,0,0,0.1,1.8,0.1,1.7,233.5
119,105,0,27,14,7,0,3,1,11,2,9,1289
120,105,0,99.5,46,19,1,16,3,30,5,25,4739
121,105,0,26,12,6,0,6,0,6,1,8,1519
122,105,1,16,6.6,1.8,0.7,0,0.3,6.6,0.7,5.4,771.2
123,105,1,14,5.8,1.6,0.6,0,0.2,5.8,0.6,4.7,674.8
124,105,1,18.5,7.6,2.1,0.8,0,0.3,7.6,0.8,6.2,891.7
125,105,1,1,0.4,0.1,0,0,0,0.4,0.1,0.3,47.5
0,106,1,1,0.4,0.1,0,0,0,0.4,0,0.4,66.2
31,106,1,2,0.7,0.1,0,0,0,0.7,0,0.7,78.4
32,106,1,2,0.7,0.1,0,0,0,0.7,0,0.7,78.4
35,106,1,2,0.8,0.2,0,0,0.2,0.8,0.1,0.6,84.2
36,106,1,11,4.6,1,0.1,0.3,1.1,4.3,0.7,3.5,463.3
37,106,1,7,2.9,0.6,0.1,0.2,0.7,2.7,0.4,2.2,294.8
47,106,1,1,0.6,0.3,0,0,0,0.6,0.1,0.5,78.7
51,106,1,4,1.8,0.5,0.1,0.1,0.1,1.7,0.1,1.4,202.6
52,106,1,2,0.9,0.3,0.1,0.1,0.1,0.8,0.1,0.7,101.3
57,106,1,5,2.3,0.6,0.2,0.2,0.2,2.1,0.2,1.8,253.2
67,106,1,6,2.2,0.1,0.1,0,0.2,2.2,0,1.8,278.9
78,106,1,2,0.7,0.1,0.1,0,0,0.7,0.2,0.7,83.4
79,106,1,1,0.3,0.1,0,0,0,0.3,0.1,0.3,41.7
81,106,1,1,0.5,0.1,0,0.1,0,0.4,0.1,0.3,63.2
88,106,1,2,0.9,0.3,0.1,0.1,0.1,0.8,0.1,0.6,126.3
100,106,1,1,0.4,0.1,0,0,0,0.4,0,0.3,47.3
102,106,1,9,3.4,0.6,0,0,0,3.4,0.3,3.1,426.1
111,106,1,1,0.5,0.2,0,0,0,0.5,0.1,0.5,63.1
112,106,1,1,0.5,0.2,0,0,0,0.5,0.1,0.5,63.1
114,106,1,4,2.1,0.8,0,0.1,0,2,0.4,1.9,252.3
119,106,1,9,4.1,1.3,0,0,0.3,4.1,0.3,3.9,525.3
120,106,1,3,1.2,0.3,0.1,0,0.1,1.2,0.1,1,144.6
122,106,1,3,1.2,0.3,0.1,0,0.1,1.2,0.1,1,144.6
123,106,0,31,13,4,1,6,1,7,0,6,1243
124,106,1,8,3.3,0.9,0.3,0,0.1,3.3,0.3,2.7,385.6
34,107,1,13,4.4,0.8,0.3,0,0.3,4.4,0.3,4.4,509.9
35,107,1,18,7.5,1.6,0.2,0.4,1.8,7.1,1.1,5.7,758.1
58,107,1,6,2.7,0.8,0.2,0.2,0.2,2.5,0.2,2.1,303.9
59,107,1,1,0.5,0.1,0,0.1,0,0.4,0,0.4,50.6
60,107,1,4,1.5,0.1,0.1,0,0.2,1.5,0,1.2,185.9
65,107,1,5,1.8,0.1,0.1,0,0.2,1.8,0,1.5,232.4
67,107,1,3,1.1,0.1,0.1,0,0.1,1.1,0,0.9,139.4
83,107,1,1,0.5,0.1,0,0.1,0,0.4,0.1,0.3,63.2
84,107,1,2,0.9,0.3,0.1,0.1,0.1,0.8,0.1,0.6,126.3
99,107,1,5,2.5,1.1,0.3,0.1,0.3,2.4,0.5,2,300.8
102,107,1,6,2.3,0.4,0,0,0,2.3,0.2,2.1,284.1
112,107,1,2,1.1,0.4,0,0.1,0,1,0.2,0.9,126.1
115,107,1,1,0.5,0.1,0,0,0,0.5,0,0.4,58.4
119,107,1,9,4.1,1.3,0,0,0.3,4.1,0.3,3.9,525.3
120,107,1,1,0.4,0.1,0,0,0,0.4,0,0.3,48.2
121,107,1,4,1.6,0.4,0.2,0,0.1,1.6,0.2,1.3,192.8
122,107,1,11,4.5,1.2,0.5,0,0.2,4.5,0.5,3.7,530.2
124,107,1,5,2.1,0.6,0.2,0,0.1,2.1,0.2,1.7,241
3,108,1,2,0.9,0.2,0,0,0.1,0.9,0,0.7,132.4
4,108,1,3,1.3,0.3,0.1,0,0.1,1.3,0.1,1,198.6
29,108,1,2,0.8,0.3,0.1,0,0.1,0.8,0.1,0.8,94.2
31,108,1,4,1.4,0.2,0.1,0,0.1,1.4,0.1,1.4,156.9
32,108,1,2,0.7,0.1,0,0,0,0.7,0,0.7,78.4
34,108,1,20,6.8,1.2,0.4,0,0.4,6.8,0.4,6.8,784.4
35,108,1,8,3.3,0.7,0.1,0.2,0.8,3.1,0.5,2.5,336.9
47,108,1,10,5.7,3,0,0,0,5.7,1.3,4.8,787
53,108,1,3,1.4,0.4,0.1,0.1,0.1,1.3,0.1,1.1,151.9
55,108,1,5,2.3,0.6,0.2,0.2,0.2,2.1,0.2,1.8,253.2
61,108,1,4,1.5,0.1,0.1,0,0.2,1.5,0,1.2,185.9
68,108,1,4,1.5,0.1,0.1,0,0.2,1.5,0,1.2,185.9
76,108,1,1,0.3,0.1,0,0,0,0.3,0.1,0.3,41.7
89,108,1,4,1.8,0.5,0.1,0.3,0.1,1.5,0.3,1.2,252.6
91,108,1,3,1.5,0.7,0.2,0.1,0.2,1.4,0.3,1.2,180.5
103,108,1,2,0.8,0.1,0,0,0,0.8,0.1,0.7,94.7
111,108,1,2,1.1,0.4,0,0.1,0,1,0.2,0.9,126.1
114,108,1,5,2.7,1,0,0.1,0,2.6,0.5,2.3,315.3
117,108,1,1,0.5,0.1,0,0,0,0.5,0,0.4,58.4
121,108,1,3,1.2,0.3,0.1,0,0.1,1.2,0.1,1,144.6
122,108,0,75.5,25,4,7,9,9,16,8,2,1982
2,109,1,4,1.7,0.3,0,0,0.3,1.7,0.3,1.5,209.3
29,109,1,2,0.8,0.3,0.1,0,0.1,0.8,0.1,0.8,94.2
30,109,1,1,0.3,0,0,0,0,0.3,0.1,0.3,41.6
31,109,1,5,1.7,0.1,0.2,0,0.2,1.7,0.3,1.5,207.9
32,109,1,2,0.7,0,0.1,0,0.1,0.7,0.1,0.6,83.2
34,109,1,2,0.7,0,0.1,0,0.1,0.7,0.1,0.6,83.2
35,109,1,4,1.4,0.1,0.2,0,0.2,1.4,0.3,1.2,166.3
36,109,1,4,1.4,0.1,0.2,0,0.2,1.4,0.3,1.2,166.3
42,109,1,2,1.1,0.6,0,0,0,1.1,0.3,1,157.4
43,109,1,3,1.7,0.9,0,0,0,1.7,0.4,1.4,236.1
46,109,1,10,4.5,1.5,0.4,0,0.2,4.5,0.4,3.4,555.3
47,109,1,2,0.9,0.3,0.1,0,0,0.9,0.1,0.7,111.1
51,109,1,1,0.4,0.1,0,0,0,0.4,0,0.4,43.4
53,109,1,9,3.4,1.1,0,0,0,3.4,0.4,3.2,390.3
54,109,1,4,1.5,0.5,0,0,0,1.5,0.2,1.4,173.5
62,109,1,4,1.5,0.1,0.1,0,0.2,1.5,0,1.2,185.9
80,109,1,2,0.9,0.3,0.1,0,0.1,0.9,0.3,0.8,103.3
81,109,1,1,0.4,0.2,0,0,0,0.4,0.2,0.4,51.6
89,109,1,1,0.4,0.1,0,0,0,0.4,0,0.4,51.7
90,109,1,1,0.5,0.2,0.1,0,0.1,0.5,0.1,0.4,60.2
91,109,1,5,2.5,1.1,0.3,0.1,0.3,2.4,0.5,2,300.8
93,109,1,6,2.9,1.3,0.3,0.1,0.3,2.8,0.6,2.4,361
98,109,1,1,0.5,0.2,0.1,0,0.1,0.5,0.1,0.4,60.2
99,109,1,1,0.5,0.2,0.1,0,0.1,0.5,0.1,0.4,60.2
103,109,1,6,2.6,0.9,0,0.2,0.2,2.4,0.2,2.1,332.2
109,109,1,1,0.4,0.1,0,0,0,0.4,0.1,0.3,51
110,109,1,3,1.6,0.6,0,0.1,0,1.5,0.3,1.4,189.2
115,109,1,2,1.1,0.4,0,0.1,0,1,0.2,0.9,126.1
116,109,1,1,0.5,0.2,0,0,0,0.5,0.1,0.5,63.1
121,109,1,16,6.3,1.6,0.4,0.1,0.3,6.2,0.8,5.5,760.6
122,109,1,14,5.6,1.4,0.4,0.1,0.2,5.5,0.7,4.8,665.5
2,110,1,5,2.2,0.3,0,0,0.3,2.2,0.3,1.8,261.7
3,110,1,10,4.3,0.7,0,0,0.7,4.3,0.7,3.7,523.3
27,110,1,3,1.2,0.4,0.1,0,0.1,1.2,0.2,1.1,141.3
28,110,1,1,0.4,0.1,0,0,0,0.4,0.1,0.4,47.1
29,110,1,4,1.6,0.5,0.2,0,0.2,1.6,0.2,1.5,188.5
30,110,1,4,1.4,0.1,0.2,0,0.2,1.4,0.3,1.2,166.3
34,110,1,2,0.7,0,0.1,0,0.1,0.7,0.1,0.6,83.2
36,110,1,14,4.7,0.2,0.6,0,0.6,4.7,0.9,4.2,582.1
47,110,1,1,0.4,0.1,0,0,0,0.4,0,0.3,55.5
51,110,1,5,1.9,0.6,0,0,0,1.9,0.2,1.8,216.8
52,110,1,13.5,5.1,1.6,0,0,0,5.1,0.6,4.8,585.4
53,110,1,2,0.8,0.2,0,0,0,0.8,0.1,0.7,86.7
80,110,1,13,5.7,2.1,0.5,0,0.5,5.7,2.1,5.2,671.3
81,110,1,1,0.4,0.2,0,0,0,0.4,0.2,0.4,51.6
88,110,1,2,0.9,0.2,0.1,0,0,0.9,0,0.8,103.4
89,110,1,2,0.9,0.2,0.1,0,0,0.9,0,0.8,103.4
90,110,1,1,0.5,0.2,0.1,0,0.1,0.5,0.1,0.4,60.2
98,110,1,5,2.5,1.1,0.3,0.1,0.3,2.4,0.5,2,300.8
100,110,1,3,1.3,0.5,0,0.1,0.1,1.2,0.1,1,166.1
101,110,1,1,0.4,0.2,0,0,0,0.4,0,0.3,55.4
104,110,1,3,1.3,0.5,0,0.1,0.1,1.2,0.1,1,166.1
105,110,1,2,0.8,0.2,0,0,0.1,0.8,0.1,0.6,102.1
108,110,1,5,1.9,0.4,0.1,0,0.2,1.9,0.3,1.6,255.2
109,110,1,3,1.2,0.3,0.1,0,0.1,1.2,0.2,1,153.1
116,110,1,2,1.1,0.4,0,0.1,0,1,0.2,0.9,126.1
121,110,1,15,5.9,1.5,0.4,0.1,0.3,5.8,0.8,5.2,713
122,110,1,6,2.4,0.6,0.2,0.1,0.1,2.3,0.3,2.1,285.2
29,111,1,4,1.6,0.5,0.2,0,0.2,1.6,0.2,1.5,188.5
30,111,1,11,3.7,0.1,0.4,0,0.4,3.7,0.7,3.3,457.4
31,111,1,2,0.7,0,0.1,0,0.1,0.7,0.1,0.6,83.2
37,111,1,2,0.7,0,0.1,0,0.1,0.7,0.1,0.6,83.2
39,111,1,4,1.4,0.1,0.2,0,0.2,1.4,0.3,1.2,166.3
43,111,1,1,0.6,0.3,0,0,0,0.6,0.1,0.5,78.7
47,111,1,5,2.2,0.7,0.2,0,0.1,2.2,0.2,1.7,277.7
48,111,1,1,0.4,0.1,0,0,0,0.4,0,0.3,55.5
49,111,1,3,1.3,0.4,0.1,0,0.1,1.3,0.1,1,166.6
50,111,1,3,1.1,0.4,0,0,0,1.1,0.1,1.1,130.1
76,111,1,4,1.4,0.2,0.2,0,0.1,1.4,0.5,1.4,166.9
80,111,1,4,1.8,0.6,0.2,0,0.2,1.8,0.6,1.6,206.6
88,111,1,10,4.4,1.2,0.3,0,0,4.4,0,4.1,516.9
100,111,1,3,1.3,0.5,0,0.1,0.1,1.2,0.1,1,166.1
101,111,1,8,3.5,1.2,0,0.2,0.2,3.3,0.2,2.8,443
106,111,1,8,3.1,0.7,0.1,0,0.3,3.1,0.4,2.5,408.4
107,111,1,3,1.2,0.3,0.1,0,0.1,1.2,0.2,1,153.1
108,111,1,8,3.1,0.7,0.1,0,0.3,3.1,0.4,2.5,408.4
111,111,1,2,1.1,0.4,0,0.1,0,1,0.2,0.9,126.1
120,111,1,2,0.8,0.2,0.1,0,0,0.8,0.1,0.7,95.1
121,111,1,15,5.9,1.5,0.4,0.1,0.3,5.8,0.8,5.2,713
122,111,1,3,1.2,0.3,0.1,0,0.1,1.2,0.2,1,142.6
3,112,1,4,1.7,0.3,0,0,0.3,1.7,0.3,1.5,209.3
4,112,1,3,1.3,0.2,0,0,0.2,1.3,0.2,1.1,157
26,112,1,4,1.6,0.5,0.2,0,0.2,1.6,0.2,1.5,188.5
27,112,1,3,1.2,0.4,0.1,0,0.1,1.2,0.2,1.1,141.3
31,112,1,2,0.7,0,0.1,0,0.1,0.7,0.1,0.6,83.2
37,112,1,2,0.7,0,0.1,0,0.1,0.7,0.1,0.6,83.2
38,112,1,5,1.7,0.1,0.2,0,0.2,1.7,0.3,1.5,207.9
45,112,1,2,0.9,0.3,0.1,0,0,0.9,0.1,0.7,111.1
46,112,1,1,0.4,0.1,0,0,0,0.4,0,0.3,55.5
48,112,1,5,2.2,0.7,0.2,0,0.1,2.2,0.2,1.7,277.7
52,112,1,5,1.9,0.6,0,0,0,1.9,0.2,1.8,216.8
71,112,1,3,1,0.2,0.1,0,0.1,1,0.3,1,125.2
80,112,1,1,0.4,0.2,0,0,0,0.4,0.2,0.4,51.6
87,112,1,4,1.8,0.5,0.1,0,0,1.8,0,1.6,206.8
88,112,1,8,3.5,1,0.2,0,0,3.5,0,3.2,413.5
89,112,1,2,0.9,0.2,0.1,0,0,0.9,0,0.8,103.4
90,112,1,1,0.5,0.2,0.1,0,0.1,0.5,0.1,0.4,60.2
91,112,1,2,1,0.4,0.1,0,0.1,1,0.2,0.8,120.3
99,112,1,6,2.9,1.3,0.3,0.1,0.3,2.8,0.6,2.4,361
106,112,1,1.5,0.6,0.1,0,0,0.1,0.6,0.1,0.5,76.6
108,112,1,5,1.9,0.4,0.1,0,0.2,1.9,0.3,1.6,255.2
109,112,1,9,3.5,0.8,0.2,0,0.3,3.5,0.5,2.9,459.4
115,112,1,4,2.1,0.8,0,0.1,0,2,0.4,1.9,252.3
120,112,1,3,1.2,0.3,0.1,0,0.1,1.2,0.2,1,142.6
121,112,1,3,1.2,0.3,0.1,0,0.1,1.2,0.2,1,142.6
124,112,1,4,1.6,0.4,0.1,0,0.1,1.6,0.2,1.4,190.1
4,113,1,4,1.7,0.3,0,0,0.3,1.7,0.3,1.5,209.3
6,113,1,6,2.5,0.6,0.1,0,0.3,2.5,0.1,2.1,397.2
21,113,1,3,1.2,0.4,0.1,0,0.1,1.2,0.2,1.1,141.3
22,113,1,8,3.2,1.1,0.3,0,0.3,3.2,0.5,3,376.9
26,113,1,13,5.2,1.7,0.5,0,0.5,5.2,0.7,4.9,612.5
27,113,1,5,2,0.7,0.2,0,0.2,2,0.3,1.9,235.6
29,113,1,1,0.4,0.1,0,0,0,0.4,0.1,0.4,47.1
34,113,1,6,2,0.1,0.2,0,0.2,2,0.4,1.8,249.5
38,113,1,2,0.7,0,0.1,0,0.1,0.7,0.1,0.6,83.2
46,113,1,4,1.8,0.6,0.2,0,0.1,1.8,0.2,1.4,222.1
47,113,1,11,4.9,1.6,0.5,0,0.2,4.9,0.5,3.7,610.9
49,113,1,2,0.9,0.3,0.1,0,0,0.9,0.1,0.7,111.1
74,113,1,4,1.4,0.2,0.2,0,0.1,1.4,0.5,1.4,166.9
79,113,1,3,1,0.2,0.1,0,0.1,1,0.3,1,125.2
80,113,1,3,1.3,0.5,0.1,0,0.1,1.3,0.5,1.2,154.9
87,113,1,3,1.3,0.4,0.1,0,0,1.3,0,1.2,155.1
99,113,1,2,1,0.4,0.1,0,0.1,1,0.2,0.8,120.3
103,113,1,1,0.4,0.2,0,0,0,0.4,0,0.3,55.4
106,113,1,4,1.6,0.4,0.1,0,0.1,1.6,0.2,1.3,204.2
109,113,1,7,2.7,0.6,0.1,0,0.2,2.7,0.4,2.2,357.3
114,113,1,4,2.1,0.8,0,0.1,0,2,0.4,1.9,252.3
120,113,1,6,2.4,0.6,0.2,0.1,0.1,2.3,0.3,2.1,285.2
121,113,1,8,3.2,0.8,0.2,0.1,0.1,3.1,0.4,2.8,380.3
122,113,1,7,2.8,0.7,0.2,0.1,0.1,2.7,0.4,2.4,332.8
123,113,1,6,2.4,0.6,0.2,0.1,0.1,2.3,0.3,2.1,285.2
124,113,1,5,2,0.5,0.1,0.1,0.1,1.9,0.3,1.7,237.7
0,114,0,32.5,11,1,1,0,0,11,2,11,1324
1,114,1,7,3.1,0.8,0.1,0.5,0.1,2.6,0.3,2.2,313.5
2,114,1,2,0.9,0.2,0,0.2,0,0.7,0.1,0.6,89.6
6,114,1,6,2.3,0.2,0.2,0,0,2.3,0.2,2.3,235.9
21,114,1,3,1.3,0.4,0,0.2,0.3,1.1,0,0.8,165.3
23,114,1,2,0.9,0.3,0,0.1,0.2,0.8,0,0.6,110.2
26,114,1,5,2,0.6,0.1,0.1,0.1,1.9,0.1,1.6,235.1
27,114,1,6,2.4,0.7,0.2,0.1,0.2,2.3,0.2,2,282.2
34,114,1,2,0.9,0.2,0.1,0,0.1,0.9,0.1,0.9,132.6
36,114,1,2,0.9,0.3,0.1,0,0.1,0.9,0.1,0.7,109.4
37,114,1,2,0.9,0.3,0.1,0,0.1,0.9,0.1,0.7,109.4
43,114,1,1,0.4,0.1,0,0,0,0.4,0.1,0.4,55.6
44,114,1,2,0.9,0.2,0,0,0,0.9,0.1,0.7,111.1
45,114,1,14,6,1.7,0.3,0,0,6,1,5,778
46,114,1,5,2.1,0.6,0.1,0,0,2.1,0.4,1.8,277.9
47,114,1,4,1.7,0.5,0.1,0,0,1.7,0.3,1.4,222.3
62,114,1,2,0.7,0.1,0.1,0,0,0.7,0.2,0.7,83.4
71,114,1,6,2.8,0.7,0,0,0.9,2.8,0.7,2.6,330.8
72,114,1,4,1.9,0.4,0,0,0.6,1.9,0.4,1.7,220.5
73,114,1,2,0.9,0.2,0,0,0.3,0.9,0.2,0.9,110.3
74,114,1,5,2.4,0.5,0,0,0.7,2.4,0.5,2.2,275.6
75,114,1,3,1.3,0.2,0,0.1,0.1,1.2,0.2,1.1,220.3
76,114,1,2,0.9,0.2,0,0.1,0.1,0.8,0.2,0.7,146.9
77,114,1,2,0.9,0.2,0,0.1,0.1,0.8,0.2,0.7,146.9
86,114,1,7,2.9,0.9,0.2,0,0.5,2.9,0.2,2,398
87,114,1,3,1.3,0.4,0.1,0,0.2,1.3,0.1,0.9,170.6
97,114,1,4,1.9,0.7,0.1,0.1,0.1,1.8,0.4,1.4,235.7
105,114,1,7,2.5,0.5,0.2,0,0.2,2.5,0.5,2.3,336.4
109,114,1,3,1.1,0.2,0.1,0,0.1,1.1,0.2,1,144.2
115,114,1,5,2.1,0.7,0.1,0,0.2,2.1,0.6,2,276
116,114,1,5,2.1,0.7,0.1,0,0.2,2.1,0.6,2,276
123,114,1,1,0.4,0.1,0,0,0,0.4,0.1,0.4,50.8
124,114,1,2,0.8,0.2,0,0,0,0.8,0.2,0.8,101.7
0,115,1,13,5.7,1.4,0.2,0.9,0.2,4.8,0.5,4.1,582.3
2,115,1,2,0.9,0.2,0,0.2,0,0.7,0.1,0.6,89.6
4,115,1,13,5.7,1.4,0.2,0.9,0.2,4.8,0.5,4.1,582.3
5,115,1,5,1.9,0.2,0.2,0,0,1.9,0.2,1.9,196.6
6,115,1,4,1.5,0.1,0.1,0,0,1.5,0.1,1.5,157.2
25,115,1,2,0.8,0.2,0.1,0,0.1,0.8,0.1,0.7,94.1
26,115,1,5,2,0.6,0.1,0.1,0.1,1.9,0.1,1.6,235.1
27,115,1,8,3.2,0.9,0.2,0.1,0.2,3.1,0.2,2.6,376.2
31,115,1,2,0.9,0.2,0.1,0,0.1,0.9,0.1,0.9,132.6
37,115,1,6.5,2.8,1,0.2,0,0.2,2.8,0.4,2.2,355.4
50,115,1,2,0.9,0.2,0.1,0,0.1,0.9,0,0.7,124.3
54,115,1,3,1.3,0.3,0.1,0,0.2,1.3,0.1,1.1,186.4
55,115,1,2,0.9,0.2,0.1,0,0.1,0.9,0,0.7,124.3
62,115,1,4,1.4,0.2,0.2,0,0.1,1.4,0.5,1.4,166.9
69,115,1,2,0.7,0.1,0.1,0,0,0.7,0.2,0.7,83.4
72,115,1,5,2.4,0.5,0,0,0.7,2.4,0.5,2.2,275.6
73,115,1,4.5,2.1,0.5,0,0,0.7,2.1,0.5,2,248.1
75,115,1,1,0.4,0.1,0,0,0,0.4,0.1,0.4,73.4
76,115,1,6,2.6,0.5,0,0.2,0.2,2.4,0.5,2.2,440.6
77,115,1,2,0.9,0.2,0,0.1,0.1,0.8,0.2,0.7,146.9
84,115,1,2,0.8,0.3,0.1,0,0.1,0.8,0.1,0.6,113.7
85,115,1,7,2.9,0.9,0.2,0,0.5,2.9,0.2,2,398
86,115,1,4,1.7,0.5,0.1,0,0.3,1.7,0.1,1.2,227.4
95,115,1,2,1,0.3,0,0.1,0,0.9,0.2,0.7,117.9
105,115,1,6,2.2,0.4,0.2,0,0.2,2.2,0.4,1.9,288.3
109,115,1,4,1.5,0.3,0.1,0,0.1,1.5,0.3,1.3,192.2
115,115,1,3,1.3,0.4,0.1,0,0.1,1.3,0.4,1.2,165.6
120,115,1,2,0.8,0.2,0,0,0,0.8,0.2,0.8,101.7
122,115,1,3,1.3,0.2,0,0,0,1.3,0.2,1.2,152.5
124,115,1,2,0.8,0.2,0,0,0,0.8,0.2,0.8,101.7
1,116,1,2,0.9,0.2,0,0.2,0,0.7,0.1,0.6,89.6
3,116,1,9,4,1,0.2,0.7,0.2,3.3,0.3,2.8,403.1
4,116,1,1.5,0.7,0.2,0,0.1,0,0.6,0.1,0.5,67.2
21,116,1,4,1.8,0.6,0,0.2,0.4,1.6,0,1.1,220.4
24,116,1,5,2.2,0.7,0,0.3,0.6,1.9,0,1.4,275.6
25,116,1,11,4.4,1.3,0.3,0.2,0.3,4.2,0.3,3.6,517.3
31,116,1,5,2.2,0.5,0.2,0,0.3,2.2,0.3,2.2,331.4
33,116,1,2,0.9,0.2,0.1,0,0.1,0.9,0.1,0.9,132.6
37,116,1,1,0.4,0.2,0,0,0,0.4,0.1,0.3,54.7
38,116,1,1,0.4,0.2,0,0,0,0.4,0.1,0.3,54.7
54,116,1,5,2.2,0.4,0.2,0,0.3,2.2,0.1,1.8,310.7
63,116,1,5,1.7,0.3,0.2,0,0.1,1.7,0.6,1.7,208.6
76,116,1,4,1.8,0.3,0,0.2,0.2,1.6,0.3,1.4,293.8
78,116,1,2,0.9,0.2,0,0.1,0.1,0.8,0.2,0.7,146.9
94,116,1,7,3.3,1.2,0.2,0.2,0.2,3.1,0.7,2.5,412.5
103,116,1,1,0.4,0.1,0,0,0,0.4,0.1,0.3,48.1
104,116,1,11,4,0.7,0.3,0,0.3,4,0.7,3.6,528.6
105,116,1,4,1.5,0.3,0.1,0,0.1,1.5,0.3,1.3,192.2
111,116,1,3,1.3,0.4,0.1,0,0.1,1.3,0.4,1.2,165.6
116,116,1,1,0.4,0.1,0,0,0,0.4,0.1,0.4,55.2
2,117,1,2,0.9,0.2,0,0.2,0,0.7,0.1,0.6,89.6
5,117,1,3,1.1,0.1,0.1,0,0,1.1,0.1,1.1,117.9
22,117,1,2,0.9,0.3,0,0.1,0.2,0.8,0,0.6,110.2
23,117,1,4,1.8,0.6,0,0.2,0.4,1.6,0,1.1,220.4
24,117,1,4,1.8,0.6,0,0.2,0.4,1.6,0,1.1,220.4
25,117,1,13,5.2,1.5,0.4,0.2,0.4,5,0.4,4.3,611.4
26,117,1,6,2.4,0.7,0.2,0.1,0.2,2.3,0.2,2,282.2
34,117,1,1,0.4,0.1,0,0,0.1,0.4,0.1,0.4,66.3
37,117,1,1,0.4,0.2,0,0,0,0.4,0.1,0.3,54.7
38,117,1,13,5.6,2,0.4,0,0.4,5.6,0.8,4.4,710.8
39,117,1,3,1.3,0.5,0.1,0,0.1,1.3,0.2,1,164
51,117,1,2,0.9,0.2,0.1,0,0.1,0.9,0,0.7,124.3
56,117,1,2,0.9,0.2,0.1,0,0.1,0.9,0,0.7,124.3
57,117,1,1,0.4,0.1,0,0,0.1,0.4,0,0.4,62.1
58,117,1,4,1.8,0.3,0.2,0,0.3,1.8,0.1,1.4,248.6
59,117,1,2,0.9,0.2,0.1,0,0.1,0.9,0,0.7,124.3
60,117,1,3,1,0.2,0.1,0,0.1,1,0.3,1,125.2
62,117,1,4,1.4,0.2,0.2,0,0.1,1.4,0.5,1.4,166.9
75,117,1,3,1.3,0.2,0,0.1,0.1,1.2,0.2,1.1,220.3
95,117,1,1,0.5,0.2,0,0,0,0.5,0.1,0.4,58.9
97,117,1,3,1.4,0.5,0.1,0.1,0.1,1.3,0.3,1.1,176.8
104,117,1,6,2.2,0.4,0.2,0,0.2,2.2,0.4,1.9,288.3
111,117,1,6,2.6,0.9,0.1,0,0.3,2.6,0.8,2.4,331.1
114,117,1,1,0.4,0.1,0,0,0,0.4,0.1,0.4,55.2
119,117,1,4,1.7,0.6,0.1,0,0.2,1.7,0.5,1.6,220.8
0,118,1,3,1.3,0.3,0.1,0.2,0.1,1.1,0.1,0.9,134.4
8,118,1,3,1.1,0.1,0.1,0,0,1.1,0.1,1.1,117.9
11,118,1,2.5,1,0.3,0.1,0,0.1,1,0.1,0.9,106.9
12,118,1,5,2.1,0.6,0.1,0,0.2,2.1,0.2,1.8,213.9
15,118,1,3,1.2,0.4,0.1,0,0.1,1.2,0.1,1.1,128.3
17,118,1,5,2.1,0.6,0.1,0,0.2,2.1,0.2,1.8,213.9
18,118,1,10,4.1,1.2,0.3,0,0.5,4.1,0.4,3.6,427.7
22,118,1,4,1.8,0.6,0,0.2,0.4,1.6,0,1.1,220.4
23,118,1,3,1.3,0.4,0,0.2,0.3,1.1,0,0.8,165.3
24,118,1,5,2.2,0.7,0,0.3,0.6,1.9,0,1.4,275.6
25,118,1,13,5.2,1.5,0.4,0.2,0.4,5,0.4,4.3,611.4
26,118,1,1,0.4,0.1,0,0,0,0.4,0,0.3,47
33,118,1,1,0.4,0.1,0,0,0.1,0.4,0.1,0.4,66.3
37,118,1,3,1.3,0.5,0.1,0,0.1,1.3,0.2,1,164
52,118,1,2,0.9,0.2,0.1,0,0.1,0.9,0,0.7,124.3
53,118,1,2,0.9,0.2,0.1,0,0.1,0.9,0,0.7,124.3
55,118,1,5,2.2,0.4,0.2,0,0.3,2.2,0.1,1.8,310.7
56,118,1,3,1.3,0.3,0.1,0,0.2,1.3,0.1,1.1,186.4
74,118,1,1,0.5,0.1,0,0,0.1,0.5,0.1,0.4,55.1
82,118,1,4,1.7,0.5,0.1,0,0.3,1.7,0.1,1.2,227.4
83,118,1,6,2.5,0.8,0.2,0,0.4,2.5,0.2,1.7,341.1
84,118,1,3,1.3,0.4,0.1,0,0.2,1.3,0.1,0.9,170.6
85,118,1,3,1.3,0.4,0.1,0,0.2,1.3,0.1,0.9,170.6
95,118,1,1,0.5,0.2,0,0,0,0.5,0.1,0.4,58.9
96,118,1,4,1.9,0.7,0.1,0.1,0.1,1.8,0.4,1.4,235.7
97,118,1,1,0.5,0.2,0,0,0,0.5,0.1,0.4,58.9
102,118,1,8,2.9,0.5,0.2,0,0.2,2.9,0.5,2.6,384.4
104,118,1,4,1.5,0.3,0.1,0,0.1,1.5,0.3,1.3,192.2
109,118,1,2,0.7,0.1,0.1,0,0.1,0.7,0.1,0.6,96.1
111,118,1,3,1.3,0.4,0.1,0,0.1,1.3,0.4,1.2,165.6
118,118,1,3,1.3,0.4,0.1,0,0.1,1.3,0.4,1.2,165.6
0,119,1,8,3,0.3,0.3,0,0,3,0.3,3,314.5
8,119,1,7,3.2,0.8,0.3,0.3,0.3,2.9,0.3,2.7,350.3
11,119,1,5.5,2.3,0.7,0.2,0,0.3,2.3,0.2,2,235.2
12,119,1,5,2.1,0.6,0.1,0,0.2,2.1,0.2,1.8,213.9
14,119,1,14,5.8,1.7,0.4,0,0.6,5.8,0.5,5,598.8
16,119,1,5,2.3,0.6,0,0,0,2.3,0.1,2.2,243.4
17,119,1,9,4.1,1,0,0,0,4.1,0.2,4,438.1
18,119,1,3,1.4,0.3,0,0,0,1.4,0.1,1.3,146
22,119,1,2,0.7,0.2,0,0,0,0.7,0.1,0.6,83.1
23,119,1,1,0.4,0.1,0,0,0,0.4,0.1,0.3,41.6
24,119,1,2,0.7,0.2,0,0,0,0.7,0.1,0.6,83.1
25,119,1,8,2.9,0.6,0.2,0.2,0,2.7,0.5,2.4,332.5
31,119,1,4,1.8,0.4,0.1,0,0.2,1.8,0.2,1.8,265.1
32,119,1,2,0.9,0.2,0.1,0,0.1,0.9,0.1,0.9,132.6
33,119,1,2,0.9,0.2,0.1,0,0.1,0.9,0.1,0.9,132.6
35,119,1,1,0.4,0.1,0,0,0,0.4,0,0.4,47.3
37,119,1,6,2.4,0.6,0.3,0,0.3,2.4,0,2.3,283.9
38,119,1,5,2,0.5,0.2,0,0.2,2,0,1.9,236.5
42,119,1,2,0.9,0.2,0,0,0,0.9,0.1,0.7,111.1
43,119,1,2,0.9,0.2,0,0,0,0.9,0.1,0.7,111.1
44,119,1,4,1.7,0.5,0.1,0,0,1.7,0.3,1.4,222.3
77,119,1,5,2.6,1.1,0,0,0.2,2.6,0.6,2,344.8
78,119,1,2,1,0.4,0,0,0.1,1,0.2,0.8,137.9
83,119,1,1,0.4,0.1,0,0,0.1,0.4,0,0.3,56.9
84,119,1,1,0.4,0.1,0,0,0.1,0.4,0,0.3,56.9
87,119,1,2,0.8,0.3,0.1,0,0.1,0.8,0.1,0.6,113.7
94,119,1,3,1.4,0.5,0.1,0.1,0.1,1.3,0.3,1.1,176.8
96,119,1,2,0.9,0.3,0,0,0.1,0.9,0.2,0.6,102.8
98,119,1,2,0.9,0.3,0,0,0.1,0.9,0.2,0.6,102.8
102,119,1,1,0.4,0.1,0,0,0,0.4,0.1,0.3,48.1
103,119,1,2,0.7,0.1,0.1,0,0.1,0.7,0.1,0.6,96.1
104,119,1,4,1.5,0.3,0.1,0,0.1,1.5,0.3,1.3,192.2
109,119,1,3,1.4,0.6,0.1,0,0.1,1.4,0.1,1.3,188.5
110,119,1,3,1.1,0.4,0.1,0.1,0.1,1,0.1,0.9,152.8
118,119,1,3,1.3,0.4,0.1,0,0.1,1.3,0.4,1.2,165.6
9,120,1,1,0.5,0.1,0,0.1,0,0.4,0,0.4,50
10,120,1,3,1.2,0.4,0.1,0,0.1,1.2,0.1,1.1,128.3
11,120,1,1,0.4,0.1,0,0,0,0.4,0,0.4,42.8
13,120,1,5,2.1,0.6,0.1,0,0.2,2.1,0.2,1.8,213.9
14,120,1,15,6.2,1.8,0.4,0,0.7,6.2,0.6,5.4,641.6
15,120,1,2,0.9,0.2,0,0,0,0.9,0,0.9,97.4
21,120,1,2,0.7,0.2,0,0,0,0.7,0.1,0.6,83.1
35,120,1,5,2,0.5,0.2,0,0.2,2,0,1.9,236.5
42,120,1,4,1.7,0.5,0.1,0,0,1.7,0.3,1.4,222.3
46,120,1,11,5.3,2.1,0.4,0,0.7,5.3,0.4,5,705.1
47,120,1,3,1.5,0.6,0.1,0,0.2,1.5,0.1,1.4,192.3
48,120,1,1,0.5,0.2,0,0,0.1,0.5,0,0.5,64.1
72,120,1,1,0.5,0.2,0,0,0,0.5,0.1,0.4,69
81,120,1,5,2.1,0.6,0.2,0,0.3,2.1,0.2,1.5,284.3
85,120,1,5,2.1,0.6,0.2,0,0.3,2.1,0.2,1.5,284.3
86,120,1,1,0.4,0.1,0,0,0.1,0.4,0,0.3,56.9
91,120,1,2,1,0.3,0,0.1,0,0.9,0.2,0.7,117.9
94,120,1,1,0.5,0.2,0,0,0,0.5,0.1,0.4,58.9
97,120,1,5,2.1,0.7,0.1,0,0.2,2.1,0.4,1.5,256.9
98,120,1,3,1.3,0.4,0.1,0,0.1,1.3,0.2,0.9,154.1
99,120,1,9,3.9,1.2,0.2,0.1,0.4,3.8,0.8,2.7,462.4
100,120,1,8,2.9,0.5,0.2,0,0.2,2.9,0.5,2.6,384.4
103,120,1,2,0.7,0.1,0.1,0,0.1,0.7,0.1,0.6,96.1
110,120,1,14,5.2,1.8,0.3,0.7,0.3,4.5,0.3,4.2,713.3
111,120,1,4,1.5,0.5,0.1,0.2,0.1,1.3,0.1,1.2,203.8
118,120,1,3,1.3,0.4,0.1,0,0.1,1.3,0.4,1.2,165.6
8,121,1,2,0.9,0.2,0.1,0.1,0.1,0.8,0.1,0.8,100.1
9,121,1,1,0.5,0.1,0,0.1,0,0.4,0,0.4,50
11,121,1,9,3.7,1.1,0.2,0,0.4,3.7,0.3,3.2,384.9
13,121,1,5,2.1,0.6,0.1,0,0.2,2.1,0.2,1.8,213.9
14,121,1,3,1.2,0.4,0.1,0,0.1,1.2,0.1,1.1,128.3
20,121,1,5,1.8,0.4,0.1,0.1,0,1.7,0.3,1.5,207.8
27,121,1,1,0.4,0.1,0,0,0,0.4,0.1,0.3,41.6
36,121,1,7,2.8,0.7,0.3,0,0.3,2.8,0,2.7,331.2
48,121,1,1,0.5,0.2,0,0,0.1,0.5,0,0.5,64.1
49,121,1,4,1.9,0.8,0.1,0,0.3,1.9,0.1,1.8,256.4
50,121,1,5,2.3,0.5,0.2,0,0.3,2.3,0.3,1.6,241.8
91,121,1,2,1,0.3,0,0.1,0,0.9,0.2,0.7,117.9
93,121,1,3,1.4,0.5,0.1,0.1,0.1,1.3,0.3,1.1,176.8
96,121,1,10,4.3,1.3,0.2,0.1,0.5,4.2,0.8,3,513.8
97,121,1,2,0.9,0.3,0,0,0.1,0.9,0.2,0.6,102.8
98,121,1,20,8.6,2.6,0.5,0.3,1,8.3,1.7,6,1027.6
101,121,1,2,0.7,0.1,0.1,0,0.1,0.7,0.1,0.6,96.1
109,121,1,2,0.9,0.4,0.1,0,0.1,0.9,0.1,0.8,125.7
110,121,1,5,1.9,0.6,0.1,0.3,0.1,1.6,0.1,1.5,254.8
117,121,1,2,0.9,0.3,0,0,0.1,0.9,0.3,0.8,110.4
125,121,1,3,1.3,0.2,0,0,0,1.3,0.2,1.2,152.5
8,122,1,2,0.9,0.2,0.1,0.1,0.1,0.8,0.1,0.8,100.1
12,122,1,3,1.2,0.4,0.1,0,0.1,1.2,0.1,1.1,128.3
13,122,1,9,3.7,1.1,0.2,0,0.4,3.7,0.3,3.2,384.9
18,122,1,3.5,1.6,0.4,0,0,0,1.6,0.1,1.5,170.4
19,122,1,4,1.8,0.4,0,0,0,1.8,0.1,1.8,194.7
25,122,1,3,1.1,0.2,0.1,0.1,0,1,0.2,0.9,124.7
27,122,1,10,3.6,0.8,0.2,0.2,0,3.4,0.6,3,415.6
28,122,1,6,2.2,0.5,0.1,0.1,0,2.1,0.4,1.8,249.4
29,122,1,3,1.1,0.2,0.1,0.1,0,1,0.2,0.9,124.7
30,122,1,6,2.6,0.6,0.2,0,0.4,2.6,0.4,2.6,397.7
31,122,1,5,2.2,0.5,0.2,0,0.3,2.2,0.3,2.2,331.4
35,122,1,4,1.6,0.4,0.2,0,0.2,1.6,0,1.5,189.2
36,122,1,11,4.5,1,0.5,0,0.5,4.5,0,4.2,520.4
43,122,1,4,1.7,0.5,0.1,0,0,1.7,0.3,1.4,222.3
45,122,1,2,1,0.4,0.1,0,0.1,1,0.1,0.9,128.2
50,122,1,3,1.4,0.3,0.1,0,0.2,1.4,0.2,1,145.1
54,122,1,5,2.3,0.5,0.2,0,0.3,2.3,0.3,1.6,241.8
55,122,1,3,1.3,0.3,0.1,0,0.2,1.3,0.1,1.1,186.4
60,122,1,2,0.7,0.1,0.1,0,0,0.7,0.2,0.7,83.4
68,122,1,1,0.3,0.1,0,0,0,0.3,0.1,0.3,41.7
73,122,1,8,4.1,1.8,0,0,0.3,4.1,0.9,3.3,551.7
74,122,1,4,2.1,0.9,0,0,0.1,2.1,0.4,1.6,275.9
79,122,1,1,0.5,0.2,0,0,0,0.5,0.1,0.4,69
83,122,1,6,2.5,0.8,0.2,0,0.4,2.5,0.2,1.7,341.1
94,122,1,1,0.5,0.2,0,0,0,0.5,0.1,0.4,58.9
95,122,1,5,2.1,0.7,0.1,0,0.2,2.1,0.4,1.5,256.9
96,122,1,5,2.1,0.7,0.1,0,0.2,2.1,0.4,1.5,256.9
98,122,1,12,5.1,1.6,0.3,0.1,0.6,5,1,3.6,616.6
99,122,1,4,1.7,0.5,0.1,0,0.2,1.7,0.3,1.2,205.5
106,122,1,3,1.4,0.6,0.1,0,0.1,1.4,0.1,1.3,188.5
108,122,1,1,0.5,0.2,0,0,0,0.5,0,0.4,62.8
109,122,1,11,5.1,2.1,0.4,0,0.4,5.1,0.4,4.7,691.3
111,122,1,5,1.9,0.6,0.1,0.3,0.1,1.6,0.1,1.5,254.8
123,122,1,4,1.7,0.3,0,0,0,1.7,0.3,1.5,203.4
126,122,1,3,1.3,0.2,0,0,0,1.3,0.2,1.2,152.5
8,123,1,4,1.8,0.5,0.2,0.1,0.2,1.7,0.2,1.5,200.2
9,123,1,9,4.2,1,0.3,0.4,0.3,3.8,0.3,3.5,450.3
13,123,1,4,1.7,0.5,0.1,0,0.2,1.7,0.1,1.4,171.1
14,123,1,2,0.8,0.2,0.1,0,0.1,0.8,0.1,0.7,85.5
15,123,1,4,1.8,0.4,0,0,0,1.8,0.1,1.8,194.7
16,123,0,31,12,3,0,0,1,12,1,10,1303
17,123,1,18,8.3,2,0,0,0,8.3,0.3,7.9,876.2
18,123,1,6,2.8,0.7,0,0,0,2.8,0.1,2.6,292.1
22,123,1,3,1.1,0.2,0.1,0.1,0,1,0.2,0.9,124.7
24,123,1,4,1.4,0.3,0.1,0.1,0,1.3,0.2,1.2,166.2
36,123,1,2,0.8,0.2,0.1,0,0.1,0.8,0,0.8,94.6
37,123,1,1,0.4,0.1,0,0,0,0.4,0,0.4,47.3
47,123,1,5,2.4,1,0.2,0,0.3,2.4,0.2,2.3,320.5
48,123,1,3,1.5,0.6,0.1,0,0.2,1.5,0.1,1.4,192.3
49,123,1,1,0.5,0.2,0,0,0.1,0.5,0,0.5,64.1
50,123,1,2,0.9,0.2,0.1,0,0.1,0.9,0.1,0.6,96.7
51,123,1,4,1.8,0.4,0.1,0,0.3,1.8,0.3,1.3,193.4
53,123,1,5,2.3,0.5,0.2,0,0.3,2.3,0.3,1.6,241.8
54,123,1,7,3.2,0.7,0.2,0,0.5,3.2,0.5,2.3,338.5
55,123,1,4,1.8,0.3,0.2,0,0.3,1.8,0.1,1.4,248.6
57,123,1,5,2.2,0.4,0.2,0,0.3,2.2,0.1,1.8,310.7
65,123,1,3,1,0.2,0.1,0,0.1,1,0.3,1,125.2
66,123,1,4,1.4,0.2,0.2,0,0.1,1.4,0.5,1.4,166.9
67,123,1,5,1.7,0.3,0.2,0,0.1,1.7,0.6,1.7,208.6
73,123,1,3,1.6,0.7,0,0,0.1,1.6,0.3,1.2,206.9
78,123,1,3,1.6,0.7,0,0,0.1,1.6,0.3,1.2,206.9
82,123,1,1,0.4,0.1,0,0,0.1,0.4,0,0.3,56.9
89,123,1,1,0.4,0.1,0,0,0.1,0.4,0,0.3,56.9
90,123,1,2,1,0.3,0,0.1,0,0.9,0.2,0.7,117.9
91,123,1,3,1.4,0.5,0.1,0.1,0.1,1.3,0.3,1.1,176.8
94,123,1,2,1,0.3,0,0.1,0,0.9,0.2,0.7,117.9
95,123,1,1,0.4,0.1,0,0,0,0.4,0.1,0.3,51.4
98,123,1,1,0.4,0.1,0,0,0,0.4,0.1,0.3,51.4
99,123,1,3,1.3,0.4,0.1,0,0.1,1.3,0.2,0.9,154.1
104,123,1,2,0.7,0.1,0.1,0,0.1,0.7,0.1,0.6,96.1
106,123,1,2,0.9,0.4,0.1,0,0.1,0.9,0.1,0.8,125.7
107,123,1,1,0.5,0.2,0,0,0,0.5,0,0.4,62.8
109,123,1,3,1.4,0.6,0.1,0,0.1,1.4,0.1,1.3,188.5
111,123,1,2,0.8,0.2,0,0.1,0,0.7,0,0.6,101.9
113,123,1,7,2.6,0.9,0.2,0.3,0.2,2.3,0.2,2.1,356.6
115,123,1,5,2.1,0.7,0.1,0,0.2,2.1,0.6,2,276
123,123,1,3,1.3,0.2,0,0,0,1.3,0.2,1.2,152.5
5,124,1,2,0.8,0.2,0,0,0,0.8,0,0.7,104.6
9,124,1,17,7.1,1.5,0.4,0,0,7.1,0.4,6.4,888.9
10,124,1,2,1,0.4,0,0,0.2,1,0,0.5,113.8
14,124,0,36,12,2,2,0,1,12,0,11,1194
15,124,0,27,11,2,1,0,0,11,0,10,1129
16,124,0,24,15,9,0,12,5,3,2,1,1068
17,124,1,7,3.6,1.6,0.2,0.4,0.4,3.2,0.8,3.4,422.8
36,124,1,7,3.1,0.8,0.2,0,0.3,3.1,0.6,2.5,347.7
37,124,1,4,1.8,0.4,0.1,0,0.2,1.8,0.4,1.4,198.7
55,124,1,5,2.1,0.6,0.2,0,0.1,2.1,0.2,1.7,251
66,124,1,7,2.7,0.5,0.1,0,0,2.7,0.1,2.2,383.6
67,124,1,3,1.2,0.2,0,0,0,1.2,0,1,164.4
71,124,1,1,0.4,0.1,0,0,0,0.4,0.1,0.3,55.4
80,124,1,4,1.8,0.7,0.1,0,0.2,1.8,0.5,1.2,217.9
90,124,1,10,4.3,1.7,0.2,0,0.7,4.3,1.3,3.7,596.1
92,124,1,1,0.4,0.2,0,0,0.1,0.4,0.1,0.4,59.6
93,124,1,5,2.2,0.9,0.1,0,0.3,2.2,0.7,1.8,298
96,124,1,2,0.8,0.2,0.1,0,0,0.8,0.1,0.8,112.6
97,124,1,4,1.7,0.4,0.2,0,0,1.7,0.3,1.5,225.2
99,124,1,6,2.5,0.5,0.3,0,0,2.5,0.4,2.3,337.9
102,124,1,2,0.9,0.1,0.1,0,0,0.9,0.2,0.7,108.8
110,124,1,1,0.5,0.2,0,0,0.1,0.5,0.1,0.4,60.4
122,124,1,10,4.5,2.2,0.4,0,0.2,4.5,1.2,3.5,513.5
123,124,1,12,5.4,2.6,0.5,0,0.2,5.4,1.4,4.2,616.2
124,124,1,1,0.5,0.2,0,0,0,0.5,0.1,0.4,51.4
126,124,1,2,1,0.5,0.1,0,0.2,1,0.2,0.8,128
1,125,1,1,0.4,0.1,0,0,0,0.4,0,0.4,64.6
12,125,1,5,2.4,1,0,0,0.4,2.4,0,1.2,284.6
13,125,1,4,1.9,0.8,0,0,0.3,1.9,0,1,227.7
14,125,0,59,26,8,1,0,2,26,2,23,2528
15,125,0,49.5,20,5,2,3,2,17,1,14,1982
16,125,0,35,16,7,2,1,4,15,3,12,2047
17,125,0,26,14,7,0,2,0,12,1,8,1672
37,125,1,10,4.4,1.1,0.2,0,0.4,4.4,0.9,3.5,496.7
38,125,1,6,2.6,0.7,0.1,0,0.3,2.6,0.5,2.1,298
54,125,1,2,0.8,0.3,0.1,0,0,0.8,0.1,0.7,100.4
63,125,1,1,0.6,0.3,0,0,0,0.6,0.1,0.5,80.6
66,125,1,4,1.6,0.3,0.1,0,0,1.6,0.1,1.3,219.2
67,125,1,3,1.2,0.2,0,0,0,1.2,0,1,164.4
68,125,1,7,2.7,0.5,0.1,0,0,2.7,0.1,2.2,383.6
79,125,1,2,0.8,0.2,0.1,0,0.1,0.8,0.1,0.7,110.7
80,125,1,1,0.4,0.2,0,0,0,0.4,0.1,0.3,54.5
92,125,1,8,3.5,1.4,0.2,0,0.5,3.5,1,3,476.9
93,125,1,4,1.7,0.7,0.1,0,0.3,1.7,0.5,1.5,238.4
94,125,1,1,0.4,0.2,0,0,0.1,0.4,0.1,0.4,59.6
95,125,1,3,1.3,0.3,0.1,0,0,1.3,0.2,1.1,168.9
96,125,1,2,0.8,0.2,0.1,0,0,0.8,0.1,0.8,112.6
101,125,1,2,0.9,0.1,0.1,0,0,0.9,0.2,0.7,108.8
105,125,1,2,1.1,0.3,0,0,0,1.1,0,0.9,155.5
107,125,1,2,1.1,0.3,0,0,0,1.1,0,0.9,155.5
122,125,1,8,3.6,1.7,0.3,0,0.2,3.6,0.9,2.8,410.8
3,126,1,2,0.9,0.1,0.1,0,0,0.9,0.1,0.9,129.1
6,126,1,2,0.8,0.2,0,0,0,0.8,0,0.7,104.6
11,126,1,1,0.5,0.2,0,0,0.1,0.5,0,0.2,56.9
12,126,1,2,1,0.4,0,0,0.2,1,0,0.5,113.8
14,126,1,7,3.4,1.4,0,0,0.6,3.4,0,1.7,398.4
17,126,0,23,13,6,0,5,0,8,4,9,1364
23,126,1,2,1,0.2,0,0.4,0.2,0.6,0.2,0.5,87.6
27,126,1,1,0.5,0.2,0,0,0,0.5,0.1,0.5,61.9
34,126,1,2,0.9,0.2,0,0,0,0.9,0,0.8,116.5
37,126,1,1,0.4,0.1,0,0,0,0.4,0.1,0.4,49.7
41,126,1,8,3.6,0.8,0,0,0.6,3.6,0.6,3,408.3
44,126,1,5,2.2,0.5,0,0,0.3,2.2,0.3,1.9,255.2
51,126,1,1,0.4,0.1,0,0,0,0.4,0,0.3,50.2
62,126,1,5,3.1,1.7,0,0,0,3.1,0.3,2.5,402.8
65,126,1,3,1.2,0.2,0,0,0,1.2,0,1,164.4
68,126,1,11,4.3,0.8,0.2,0,0,4.3,0.2,3.5,602.8
78,126,1,1,0.4,0.1,0,0,0,0.4,0.1,0.3,55.4
80,126,1,3,1.3,0.5,0.1,0,0.1,1.3,0.4,0.9,163.4
81,126,1,6,2.7,1,0.1,0,0.3,2.7,0.8,1.8,326.8
91,126,1,3,1.3,0.5,0.1,0,0.2,1.3,0.4,1.1,178.8
92,126,1,4,1.7,0.7,0.1,0,0.3,1.7,0.5,1.5,238.4
100,126,1,2,0.9,0.1,0.1,0,0,0.9,0.2,0.7,108.8
101,126,1,7,3,0.2,0.2,0,0,3,0.8,2.5,380.8
106,126,1,3,1.7,0.5,0,0,0,1.7,0,1.3,233.3
107,126,1,1,0.6,0.2,0,0,0,0.6,0,0.4,77.8
110,126,1,9,4.1,1.5,0.2,0,0.5,4.1,1,3.4,543.9
111,126,1,6,2.8,1,0.2,0,0.3,2.8,0.6,2.3,362.6
112,126,1,1,0.5,0.2,0,0,0.1,0.5,0.1,0.4,60.4
122,126,1,6,2.7,1.3,0.2,0,0.1,2.7,0.7,2.1,308.1
3,127,1,3,1.3,0.2,0.1,0,0,1.3,0.1,1.3,193.7
4,127,1,2,0.9,0.1,0.1,0,0,0.9,0.1,0.9,129.1
6,127,1,5.5,2.3,0.5,0.1,0,0,2.3,0.1,2.1,287.6
7,127,1,4,1.7,0.4,0.1,0,0,1.7,0.1,1.5,209.1
8,127,1,1,0.4,0.1,0,0,0,0.4,0,0.4,52.3
9,127,1,4,1.7,0.4,0.1,0,0,1.7,0.1,1.5,209.1
17,127,1,11,5.7,2.5,0.3,0.7,0.6,5,1.3,5.3,664.4
18,127,1,14,7.2,3.2,0.4,0.8,0.8,6.4,1.6,6.8,845.6
23,127,1,6,3,0.7,0,1.3,0.7,1.7,0.7,1.4,262.8
24,127,1,8,4,1,0,1.8,1,2.2,1,1.9,350.4
25,127,1,2,1,0.4,0,0,0,1,0.2,1,123.9
33,127,1,4,1.8,0.5,0,0,0,1.8,0,1.5,233.1
35,127,1,3,1.3,0.3,0.1,0,0.1,1.3,0.3,1.1,149
36,127,1,1.5,0.7,0.2,0,0,0.1,0.7,0.1,0.5,74.5
37,127,1,10,4.4,1.1,0.2,0,0.4,4.4,0.9,3.5,496.7
41,127,1,9,4,0.9,0,0,0.6,4,0.6,3.4,459.3
43,127,1,3,1.3,0.3,0,0,0.2,1.3,0.2,1.1,153.1
45,127,1,1,0.5,0.2,0,0,0.1,0.5,0.1,0.5,60.6
50,127,1,1,0.4,0.1,0,0,0,0.4,0,0.3,50.2
51,127,1,3,1.2,0.4,0.1,0,0,1.2,0.1,1,150.6
52,127,1,3,1.2,0.4,0.1,0,0,1.2,0.1,1,150.6
53,127,1,2,0.8,0.3,0.1,0,0,0.8,0.1,0.7,100.4
54,127,1,4,1.7,0.5,0.1,0,0.1,1.7,0.1,1.4,200.8
56,127,1,9,3.7,1.1,0.3,0,0.1,3.7,0.3,3.1,451.9
57,127,1,11,4.5,1.4,0.3,0,0.2,4.5,0.3,3.8,552.3
58,127,1,1,0.4,0.1,0,0,0,0.4,0,0.3,50.2
65,127,1,12,4.7,0.9,0.2,0,0,4.7,0.2,3.8,657.6
68,127,1,5,2,0.4,0.1,0,0,2,0.1,1.6,274
71,127,1,2,0.8,0.2,0.1,0,0.1,0.8,0.1,0.7,110.7
80,127,1,24,10.8,4.2,0.6,0,1.2,10.8,3,7.2,1307.4
90,127,1,3,1.3,0.5,0.1,0,0.2,1.3,0.4,1.1,178.8
91,127,1,3,1.3,0.5,0.1,0,0.2,1.3,0.4,1.1,178.8
93,127,1,2,0.9,0.3,0,0,0.1,0.9,0.3,0.7,119.2
99,127,1,4,1.7,0.4,0.2,0,0,1.7,0.3,1.5,225.2
100,127,1,7,3,0.2,0.2,0,0,3,0.8,2.5,380.8
103,127,1,1,0.4,0,0,0,0,0.4,0.1,0.4,54.4
104,127,1,5,2.1,0.2,0.2,0,0,2.1,0.5,1.8,272
105,127,1,4,2.2,0.6,0,0,0,2.2,0,1.8,311
109,127,1,2,1.1,0.3,0,0,0,1.1,0,0.9,155.5
111,127,1,2,0.9,0.3,0.1,0,0.1,0.9,0.2,0.8,120.9
112,127,1,1,0.5,0.2,0,0,0.1,0.5,0.1,0.4,60.4
113,127,1,1,0.5,0.2,0,0,0.1,0.5,0.1,0.4,60.4
122,127,1,3,1.4,0.6,0.1,0,0.1,1.4,0.4,1.1,154.1
123,127,1,1,0.5,0.2,0,0,0,0.5,0.1,0.4,51.4
125,127,1,2,1,0.5,0.1,0,0.2,1,0.2,0.8,128
126,127,1,3,1.5,0.7,0.1,0,0.3,1.5,0.3,1.1,192.1
