x,y,ind2015,imp2015,ind2017,imp2017,ind2019,imp2019,ind2021,imp2021
0,0,1,1,1,1,1,1,1,1
0,1,4,1,4,1,3,1,3,1
0,22,2,1,2,1,2,1,4,1
0,23,3,1,3,1,4,1,4,1
0,28,2,1,8,1,9,1,10,1
0,29,8,1,8,1,4,1,4,1
0,31,27.5,0,20,0,25.5,0,31.5,0
0,36,1,1,1,1,1,1,1,1
0,37,5,1,6,1,6,1,6,1
0,46,4,1,4,1,8,1,4,1
0,47,9,1,7,1,7,1,13,1
0,48,19,1,20,1,15,1,12,1
0,49,4,1,4,1,,,,
0,93,6,1,,,,,1,1
0,94,2,1,2,1,2,1,2,1
0,99,2,1,,,,,,
0,101,4,1,4,1,5,1,5,1
0,103,4,1,4,1,4,1,5,1
0,104,1,1,1,1,1,1,1,1
0,105,30,0,36,0,41,0,41,0
0,106,10,1,10,1,5,1,5,1
0,116,,,4,1,4,1,4,1
1,19,,,,,2,1,2,1
1,20,9,1,6,1,2,1,2,1
1,25,1,1,1,1,1,1,1,1
1,28,10,1,9,1,9,1,8,1
1,29,9,1,8,1,13,1,13,1
1,30,6,1,6,1,4,1,7,1
1,31,7,1,10.5,1,11.5,1,13.5,1
1,32,,,2,1,6,1,7,1
1,34,3,1,2,1,5,1,6,1
1,40,5,1,5,1,7,1,7,1
1,41,,,,,2,1,,
1,43,11,1,12,1,12,1,9,1
1,45,4,1,4,1,2,1,3,1
1,46,15.5,1,17.5,1,12.5,1,14.5,1
1,47,9,1,9,1,7,1,7,1
1,49,4,1,4,1,8,1,8,1
1,50,3,1,2,1,2,1,2,1
1,78,4,1,4,1,,,4,1
1,90,,,,,,,1,1
1,96,6,1,6,1,1,1,1,1
1,97,,,,,2,1,2,1
1,98,5,1,6,1,6,1,5,1
1,99,1,1,1,1,1.5,1,1,1
1,100,,,4,1,,,,
1,101,4,1,9,1,8,1,7,1
1,102,4,1,3,1,2,1,3,1
1,103,1,1,1,1,1,1,1,1
1,105,3,1,3,1,3,1,3,1
1,123,,,2,1,2,1,2,1
2,18,6,1,6,1,5,1,5,1
2,22,4,1,5,1,5,1,5,1
2,30,25,0,24,0,22,1,26,0
2,31,4,1,6,1,4,1,4,1
2,32,3,1,1,1,2,1,2,1
2,34,1,1,4,1,1,1,1,1
2,37,3,1,3,1,3,1,3,1
2,41,13,1,13,1,11,1,11,1
2,42,2,1,2,1,,,,
2,43,4,1,4,1,4,1,4,1
2,45,7,1,7,1,7,1,7,1
2,48,,,2,1,2,1,2,1
2,50,2,1,2,1,2,1,1,1
2,51,5,1,5,1,4,1,4,1
2,53,8,1,8,1,5,1,5,1
2,54,,,,,3,1,2,1
2,61,,,,,8,1,8,1
2,78,2,1,1,1,1,1,1,1
2,90,4,1,6,1,5,1,3,1
2,96,2,1,2,1,1,1,6,1
2,125,1,1,1,1,1,1,1,1
2,126,1,1,1,1,,,4,1
3,2,3,1,2,1,6,1,6,1
3,17,5,1,5,1,4,1,4,1
3,18,4,1,4,1,4,1,1,1
3,19,,,3,1,4,1,5,1
3,22,20,1,16,1,17,1,15,1
3,30,1,1,1,1,1,1,1,1
3,31,13,1,10,1,10,1,8,1
3,34,1,1,1,1,1,1,1,1
3,39,,,,,2,1,2,1
3,40,3,1,6,1,3,1,3,1
3,41,20,1,21,1,20,1,21,1
3,42,20,1,18,1,18,1,19,1
3,43,11,1,7.5,1,9,1,5,1
3,44,1,1,1,1,1,1,1,1
3,53,6,1,6,1,6,1,6,1
3,54,,,,,1,1,1,1
3,66,6,1,6,1,6,1,4,1
3,89,8,1,8,1,7,1,6,1
3,104,8,1,8,1,8,1,9,1
3,124,2,1,2,1,1,1,2,1
3,125,16,1,11,1,13,1,12,1
3,126,2,1,2,1,2,1,2,1
4,20,3,1,3,1,3,1,3,1
4,22,6,1,5,1,4,1,4,1
4,26,2,1,1,1,1,1,1,1
4,29,6,1,6,1,6,1,5,1
4,31,11,1,13,1,21,1,18,1
4,34,2,1,2,1,2,1,3.5,1
4,41,12,1,13,1,10,1,7,1
4,42,6,1,6,1,6,1,7,1
4,49,4,1,4,1,4,1,4,1
4,67,1,1,,,,,3,1
4,87,2,1,2,1,2,1,2,1
4,88,2,1,2,1,5,1,4,1
4,89,1,1,5,1,4,1,4,1
5,17,4,1,4,1,4,1,4,1
5,18,7,1,8,1,8,1,4,1
5,22,,,,,1,1,1,1
5,25,5,1,5,1,5,1,5,1
5,31,20,1,15,1,13,1,17,1
5,34,,,3,1,,,1,1
5,40,3,1,2,1,1,1,1,1
5,41,8,1,6,1,6,1,6,1
5,60,,,,,3,1,3,1
5,67,4,1,4,1,4,1,4,1
5,75,4,1,4,1,1,1,3,1
5,81,2,1,1,1,,,,
5,82,9,1,9,1,8,1,9,1
5,83,5,1,7,1,8,1,5,1
5,84,1,1,1,1,1,1,1,1
5,87,2,1,7,1,7,1,4,1
5,88,3,1,5,1,7,1,7,1
5,89,,,,,2,1,,
5,98,1,1,1,1,1,1,1,1
5,114,11,1,11,1,11,1,10,1
5,115,15,1,14,1,15,1,13,1
5,116,13,1,16,1,20,1,12,1
5,117,6,1,6,1,6,1,6,1
5,123,2,1,2,1,2,1,2,1
5,125,3,1,3,1,3,1,2,1
6,18,4,1,4,1,3,1,3,1
6,22,4,1,4,1,4,1,3,1
6,24,5,1,6,1,6,1,6,1
6,31,19,1,14,1,13,1,13,1
6,32,3,1,3,1,3,1,3,1
6,34,2,1,1,1,1,1,1,1
6,36,2,1,2,1,,,,
6,38,4,1,8,1,10,1,8,1
6,39,9,1,10,1,8,1,10,1
6,40,12,1,13,1,14,1,15,1
6,41,6,1,6,1,5,1,5,1
6,55,7,1,6,1,6,1,6,1
6,60,1,1,1,1,1,1,1,1
6,66,1,1,1,1,,,,
6,67,,,,,1,1,1,1
6,72,3,1,3,1,3,1,3,1
6,80,1,1,1,1,,,3,1
6,82,1,1,1,1,,,,
6,83,2,1,2,1,2,1,2,1
6,87,2,1,2,1,2,1,2,1
6,88,6,1,7,1,5,1,6,1
6,89,2,1,3,1,,,,
6,113,20,1,25,1,20,1,21,1
6,114,38,0,35,0,33,0,45,0
6,115,13,1,12,1,11,1,6,1
6,116,10,1,13,1,14,1,15,1
7,17,2,1,2,1,1,1,1,1
7,18,4,1,6,1,7,1,6,1
7,22,9,1,11,1,12.5,1,15.5,1
7,23,3,1,3,1,8,1,5.5,1
7,28,1,1,4,1,4,1,4,1
7,30,2,1,3,1,3,1,2,1
7,34,,,,,3,1,2,1
7,35,1,1,,,,,,
7,36,1,1,1,1,2,1,2,1
7,37,2,1,2,1,2,1,1,1
7,38,2,1,2,1,,,,
7,39,3,1,3,1,3,1,1,1
7,53,2,1,2,1,2,1,2,1
7,80,6,1,8,1,2,1,6,1
7,82,4,1,4,1,5,1,5,1
7,83,3,1,3,1,3,1,,
7,86,1,1,1,1,,,1,1
7,88,12,1,11,1,9,1,7,1
7,89,59,1,65,1,69,0,56.5,0
7,90,10,1,9,1,10,1,14,1
7,99,7,1,7,1,7,1,7,1
7,100,2,1,2,1,3,1,3,1
7,101,3,1,3,1,3,1,3,1
7,108,5,1,6,1,7,1,7,1
7,116,2,1,2,1,2,1,2,1
8,11,,,,,,,7,1
8,13,2,1,2,1,3,1,2,1
8,14,3,1,3,1,1,1,1,1
8,21,8,1,8,1,8,1,9,1
8,22,17,1,22.5,1,7,1,9,1
8,23,2,1,7,1,9,1,13,1
8,25,3,1,3,1,3,1,3,1
8,26,4,1,4,1,5,1,4,1
8,30,1,1,1,1,,,,
8,31,4,1,3,1,1,1,1,1
8,32,2,1,2,1,4,1,5,1
8,40,3,1,2,1,4,1,2,1
8,41,2,1,2,1,2,1,1,1
8,52,2,1,2,1,,,,
8,68,2,1,2,1,2,1,3,1
8,74,5.5,1,4,1,3,1,6,1
8,75,3,1,6,1,4,1,3,1
8,80,4,1,3,1,3,1,3,1
8,82,2,1,2,1,2,1,2,1
8,86,10.5,1,14,1,12,1,10,1
8,87,12,1,11,1,17,1,13,1
8,88,4,1,4,1,6,1,7,1
8,89,22,0,17,1,24,0,22,0
8,90,12,1,16,1,16,1,15,1
8,92,,,,,1,1,1,1
8,99,21,1,20,1,20,1,18,1
8,100,17.5,1,16,1,17,1,16,1
8,101,6,1,5,1,4,1,7,1
8,102,1,1,1,1,1,1,1,1
8,107,1,1,,,,,2,1
8,110,11,1,11,1,17,1,16,1
8,111,11,1,7,1,7,1,7,1
9,20,6,1,6,1,7,1,7,1
9,21,14,1,14,1,10,1,10,1
9,23,1,1,1,1,,,,
9,25,2,1,2,1,2,1,2,1
9,31,5,1,5,1,5,1,5,1
9,32,9,1,9,1,8,1,8,1
9,33,18,1,22,1,18.5,1,17.5,1
9,68,2,1,6,1,6,1,6,1
9,69,3,1,3,1,,,2,1
9,74,8,1,7,1,12,1,15,1
9,75,11,1,9,1,10,1,11,1
9,87,3,1,3,1,4,1,4,1
9,88,12,1,11,1,4,1,13,1
9,89,7,1,6,1,5,1,9,1
9,92,4,1,2,1,2,1,4,1
9,93,9,1,14,1,10,1,10,1
9,99,6,1,5,1,3,1,7,1
9,100,23,0,24,0,26,0,25,0
9,101,2,1,2,1,2,1,2,1
9,105,,,,,3,1,3,1
9,106,19,1,15,1,12,1,16,1
9,107,18,1,14,1,18,1,22,1
9,108,2,1,2,1,2,1,2,1
9,109,14,1,16,1,16,1,12,1
10,11,2,1,2,1,2,1,3,1
10,12,4,1,4,1,,,,
10,17,,,,,2,1,2,1
10,18,6,1,6,1,10,1,9,1
10,19,2,1,,,,,,
10,20,6,1,5,1,,,,
10,21,4,1,4,1,11,1,4,1
10,38,4,1,4,1,4,1,4,1
10,66,,,2,1,3,1,3,1
10,67,2,1,1,1,1,1,1,1
10,69,3,1,3,1,3,1,2,1
10,73,11,1,9,1,10,1,10,1
10,74,12,1,14,1,12,1,24,1
10,82,5,1,6,1,8,1,10,1
10,92,3,1,6,1,6,1,9,1
10,93,40,0,25,0,33,0,35,0
10,94,12.5,1,13,1,13,1,14,1
10,106,12,1,13,1,18,1,14,1
10,107,41,0,38,0,41,0,44,0
10,108,36.5,0,38,0,36,0,39,0
10,109,17,1,18,1,13,1,13,1
11,12,6,1,6,1,9,1,9,1
11,16,1,1,1,1,1,1,1,1
11,17,5,1,5,1,3,1,3,1
11,18,7,1,7,1,3,1,3,1
11,20,6,1,6,1,10,1,10,1
11,21,27.5,0,20.5,0,15,1,18,1
11,22,4,1,3,1,2,1,3,1
11,31,2,1,2,1,2,1,2,1
11,64,2,1,,,,,,
11,72,4,1,4,1,4,1,3,1
11,73,4,1,5,1,5,1,5,1
11,81,1,1,3,1,,,,
11,82,19,1,19,1,19,1,19,1
11,83,9,1,12,1,11,1,16,1
11,84,26,0,30,0,24,0,31,0
11,93,7,1,4,1,7,1,7,1
11,106,38,0,33,0,34,0,35,0
11,107,25,0,25,0,21,1,28,0
11,108,15,1,16.5,1,17.5,1,17.5,1
11,109,34,0,32,0,33,0,39,0
11,110,9,1,11.5,1,8.5,1,8.5,1
12,9,3,1,3,1,2,1,1,1
12,13,2,1,3,1,2,1,6,1
12,16,2,1,1,1,1,1,1,1
12,19,6,1,6,1,6,1,4,1
12,20,4,1,3,1,5,1,6,1
12,21,17,1,16,1,7,1,16,1
12,22,13,1,14,1,17,1,14,1
12,23,5,1,7,1,9,1,9,1
12,24,2,1,2,1,,,,
12,25,3,1,3,1,3,1,4,1
12,34,7,1,7,1,5,1,6,1
12,60,10.5,1,10,1,11,1,10,1
12,61,17,1,18,1,22,1,17,1
12,62,22,1,19,1,20,1,22,1
12,64,,,4,1,4,1,2,1
12,69,1,1,1,1,1,1,,
12,70,6,1,6,1,6,1,4,1
12,81,8,1,9,1,10,1,10,1
12,82,13,1,13,1,14,1,6,1
12,83,7,1,7,1,7,1,7,1
12,85,1,1,1,1,1,1,1,1
12,93,1,1,,,,,,
12,94,6,1,5,1,6,1,6,1
12,104,1,1,1,1,1,1,1,1
12,105,22,1,31,0,29,0,28,0
12,106,32,0,31,0,30,0,26,0
12,107,14,1,14,1,15,1,15,1
12,108,14,1,14,1,9,1,9,1
12,109,2,1,5,1,6,1,7,1
13,9,,,,,1,1,1,1
13,14,6,1,6,1,6,1,6,1
13,19,7,1,8,1,5,1,4,1
13,20,1,1,1,1,1,1,1,1
13,21,2,1,2,1,2,1,,
13,22,,,,,,,2,1
13,23,2,1,3,1,2,1,2,1
13,24,21,1,14,1,11,1,13,1
13,25,,,,,2,1,2,1
13,30,2,1,2,1,2,1,2,1
13,31,5,1,3,1,3,1,1,1
13,57,4,1,4,1,4,1,4,1
13,60,4,1,5,1,5,1,5,1
13,61,1,1,1,1,1,1,1,1
13,62,21,0,25,0,28,0,30,0
13,63,15,1,10,1,11,1,11,1
13,64,4,1,4,1,2,1,2,1
13,70,1,1,,,2,1,2,1
13,71,4,1,4,1,3,1,2,1
13,76,2,1,2,1,,,3,1
13,77,7,1,6,1,15,1,11,1
13,78,5,1,5,1,,,,
13,81,4,1,4,1,4,1,4,1
13,90,2,1,2,1,2,1,2,1
13,93,6,1,7,1,6,1,6,1
13,94,11,1,15,1,11,1,13.5,1
13,98,2,1,2,1,2,1,2,1
13,104,5,1,6,1,5,1,5,1
13,105,29,0,32,0,32,0,32,0
13,106,20,1,20,1,21.5,1,19,1
13,107,7,1,9,1,15,1,16,1
13,108,6,1,6,1,6,1,6,1
13,125,1,1,2,1,2,1,2,1
14,20,3,1,2,1,5,1,5,1
14,25,10,1,10,1,9,1,8,1
14,29,3,1,3,1,3,1,3,1
14,30,3,1,3,1,3,1,3,1
14,33,3,1,3,1,3,1,3,1
14,56,2,1,2,1,2,1,2,1
14,57,19,1,23,1,16,1,20,1
14,58,3,1,3,1,2,1,2,1
14,62,2,1,6,1,5,1,7,1
14,63,2,1,3,1,1,1,2,1
14,64,,,4,1,,,1,1
14,70,6,1,2,1,,,,
14,71,,,,,2,1,2,1
14,75,4,1,5,1,6,1,5,1
14,76,5,1,5,1,5,1,2,1
14,77,2,1,3,1,3,1,4,1
14,78,2,1,1,1,1,1,1,1
14,91,,,,,2,1,5,1
14,93,2,1,2,1,4,1,4,1
14,94,,,2,1,,,,
14,103,,,,,4,1,4,1
14,104,4,1,4,1,,,,
14,106,1,1,1,1,1,1,1,1
14,107,20,0,18,1,16,1,23,0
14,124,2,1,2,1,2,1,2,1
15,9,3,1,3,1,3,1,,
15,11,1,1,1,1,1,1,1,1
15,20,2,1,2,1,2,1,2,1
15,21,9,1,10,1,11,1,11,1
15,22,4,1,4,1,4,1,4,1
15,23,3,1,3,1,2,1,2,1
15,26,10,1,8,1,7,1,8,1
15,32,8,1,4,1,6,1,6,1
15,56,4,1,3,1,,,,
15,57,14,1,15,1,27,1,21,1
15,58,1.5,1,1.5,1,1.5,1,1.5,1
15,69,1,1,2,1,5,1,4,1
15,70,20,1,15,1,18,1,13,1
15,71,1,1,1,1,1,1,1,1
15,77,2,1,2,1,2,1,2,1
15,89,3,1,3,1,3,1,3,1
15,92,6,1,4,1,7,1,12,1
15,93,13,1,11,1,11,1,10,1
15,102,15,1,18,1,18,1,17,1
15,119,2,1,2,1,2,1,1,1
16,8,4,1,4,1,4,1,4,1
16,10,3,1,1,1,3,1,4,1
16,17,7,1,3,1,4,1,1,1
16,27,3,1,2,1,4,1,4,1
16,32,6,1,5,1,4,1,5,1
16,57,5,1,5,1,7,1,7,1
16,58,5,1,5,1,1,1,2,1
16,70,4,1,3,1,3,1,3,1
16,72,2,1,2,1,2,1,2,1
16,75,2,1,,,2,1,2,1
16,77,4,1,2,1,2,1,2,1
16,79,2,1,3,1,3,1,3,1
16,92,11,1,10,1,10,1,10,1
16,93,11,1,16,1,17,1,19,1
16,94,4,1,4,1,4,1,4,1
16,95,1,1,1,1,1,1,1,1
16,98,5,1,5,1,6,1,6,1
16,102,2,1,2,1,2,1,2,1
16,109,,,4,1,,,2,1
16,120,9,1,8,1,10,1,10,1
17,8,5,1,5,1,3,1,3,1
17,10,1,1,2,1,2,1,1,1
17,13,3,1,2,1,,,,
17,14,2,1,2,1,2,1,2,1
17,15,6,1,4,1,3,1,3,1
17,24,3,1,4,1,4,1,4,1
17,29,2,1,3,1,5,1,6,1
17,32,9,1,4,1,5,1,9,1
17,54,3,1,3,1,3,1,3,1
17,58,5,1,5,1,6,1,5,1
17,59,12,1,12,1,13.5,1,16.5,1
17,69,2,1,2,1,2,1,2,1
17,73,,,2,1,2,1,2,1
17,81,,,,,1,1,1,1
17,83,,,,,4,1,4,1
17,92,,,2,1,2,1,2,1
17,95,4,1,4,1,4,1,4,1
17,96,5,1,5,1,4,1,4,1
18,7,3,1,3,1,2,1,2,1
18,9,2,1,2,1,2,1,1,1
18,13,,,,,2,1,3,1
18,19,3,1,2,1,2,1,2,1
18,20,2,1,1,1,2,1,2,1
18,29,,,2,1,2,1,2,1
18,31,2,1,5,1,,,2,1
18,48,2,1,2,1,1,1,1,1
18,49,,,,,1,1,1,1
18,50,14.5,1,13,1,13,1,13,1
18,59,12.5,1,11.5,1,6,1,9,1
18,64,6,1,6,1,6,1,6,1
18,65,9,1,11,1,13,1,15,1
18,66,,,,,1,1,1,1
18,71,,,4,1,,,,
18,72,9,1,9,1,7,1,10,1
18,73,4,1,4,1,4,1,4,1
18,80,1,1,1,1,1,1,1,1
18,81,1,1,1,1,5,1,4,1
18,82,4,1,4,1,4,1,4,1
18,83,1,1,1,1,1,1,1,1
18,84,2,1,1,1,1,1,1,1
18,102,5,1,5,1,5,1,5,1
18,120,3,1,4,1,3,1,2,1
19,10,2,1,2,1,1,1,1,1
19,11,2,1,2,1,2,1,2,1
19,17,,,1,1,1,1,1,1
19,19,3,1,3,1,3,1,3,1
19,22,1,1,1,1,1,1,1,1
19,25,6,1,5,1,6,1,7,1
19,31,4,1,4,1,,,,
19,44,,,,,1,1,1,1
19,45,10,1,9,1,7,1,8,1
19,46,5,1,5,1,1,1,1,1
19,47,5,1,5,1,1,1,1,1
19,49,6,1,2,1,6,1,5,1
19,56,2,1,2,1,2,1,2,1
19,58,4,1,6,1,4,1,4,1
19,63,7,1,7,1,8,1,6,1
19,64,9,1,10,1,10,1,9,1
19,65,16,1,16,1,18,1,15,1
19,68,4,1,4,1,4,1,5,1
19,69,26,1,25,1,23,1,21,1
19,71,15,1,11,1,16,1,16,1
19,72,1,1,1,1,1,1,2,1
19,83,3,1,3,1,3,1,3,1
19,84,1,1,1,1,1,1,1,1
19,100,2,1,1,1,6,1,5,1
19,102,4,1,2,1,2,1,2,1
20,17,1,1,1,1,,,,
20,25,1,1,2,1,3,1,4,1
20,28,,,,,4,1,3,1
20,29,14,1,13,1,6,1,2,1
20,31,,,,,2,1,2,1
20,33,2,1,1,1,1,1,1,1
20,43,4,1,3,1,4,1,3,1
20,44,3,1,3,1,3,1,3,1
20,46,,,1,1,2,1,1,1
20,47,6,1,6,1,9,1,11,1
20,48,11,1,11,1,9,1,9,1
20,49,18.5,1,19,1,14,1,16,1
20,57,5,1,4,1,1,1,1,1
20,58,,,,,3,1,4,1
20,63,10,1,9,1,11,1,8,1
20,64,4,1,4,1,3,1,2,1
20,66,10,1,11,1,10,1,11,1
20,67,1,1,1,1,,,3,1
20,68,9,1,16,1,14,1,12,1
20,69,5,1,7.5,1,8,1,7,1
20,70,2,1,2,1,2,1,2,1
20,76,,,,,,,2,1
20,91,1,1,1,1,1,1,1,1
20,94,4,1,4,1,3,1,3,1
20,96,8,1,6,1,6,1,7,1
20,100,,,,,4,1,4,1
20,101,2,1,2,1,2,1,2,1
20,121,3,1,3,1,3,1,3,1
21,11,1,1,1,1,1,1,1,1
21,43,3,1,3,1,1,1,,
21,44,4,1,4,1,7,1,7,1
21,47,17,1,17,1,15,1,17,1
21,48,31,1,33,0,27,1,28,0
21,49,11,1,17,1,15,1,11,1
21,52,1,1,,,,,,
21,53,5,1,6,1,1,1,5,1
21,56,7,1,8,1,7,1,7,1
21,63,4,1,4,1,3,1,3,1
21,64,4,1,4,1,1,1,1,1
21,65,3,1,4,1,4,1,4,1
21,66,2,1,2,1,1,1,1,1
21,96,5,1,5,1,1,1,3,1
21,100,4,1,4,1,,,,
21,101,1,1,,,,,,
22,6,2,1,2,1,,,,
22,7,2,1,2,1,4,1,4,1
22,17,,,,,2,1,2,1
22,20,,,,,,,1,1
22,30,,,,,,,4,1
22,44,8,1,7,1,7,1,3,1
22,46,4,1,4,1,4,1,,
22,47,1,1,1,1,,,,
22,48,5,1,8,1,9,1,9,1
22,49,6.5,1,6.5,1,6,1,6,1
22,50,4,1,2,1,3,1,2,1
22,51,20,1,19,1,19,1,17,1
22,52,10.5,1,10,1,7,1,8,1
22,53,,,,,4,1,4,1
22,56,7,1,8,1,7,1,6,1
22,58,1,1,1,1,,,,
22,59,2,1,,,1,1,2,1
22,62,4,1,4,1,3,1,3,1
22,63,4,1,3,1,7,1,7,1
22,64,6,1,6,1,10,1,7,1
22,76,3,1,2,1,2,1,2,1
22,102,19,1,22,1,20,1,14.5,1
22,103,4,1,4,1,11,1,12,1
22,104,1,1,1,1,1,1,1,1
22,106,4,1,4,1,2,1,2,1
23,3,3,1,3,1,3,1,3,1
23,17,4,1,4,1,2,1,2,1
23,21,2,1,2,1,2,1,,
23,42,1,1,1,1,2,1,,
23,49,,,,,,,1.5,1
23,50,1,1,1,1,1,1,1,1
23,51,10,1,7,1,14,1,13,1
23,52,6,1,6,1,5,1,5,1
23,55,23,1,22,1,19,1,21,1
23,56,8,1,8,1,9,1,9,1
23,57,3,1,3,1,3,1,3,1
23,58,,,,,1,1,1,1
23,59,6,1,5,1,3,1,4,1
23,60,4,1,5,1,5,1,3,1
23,61,2,1,6,1,5,1,5,1
23,62,3,1,3,1,2,1,2,1
23,70,5,1,5,1,5,1,5,1
23,88,6,1,6,1,6,1,5,1
23,103,3,1,3,1,3,1,3,1
23,106,2,1,2,1,2,1,2,1
24,11,5,1,4,1,3,1,2,1
24,13,2,1,2,1,2,1,2,1
24,14,,,,,,,1,1
24,19,2,1,2,1,2,1,2,1
24,43,1,1,1,1,1,1,1,1
24,52,1,1,1,1,,,,
24,53,13,1,12,1,8,1,8,1
24,54,4,1,12,1,16,1,17,1
24,55,26,0,17,1,23,0,21.5,1
24,56,2,1,4,1,4,1,4,1
24,57,2,1,2,1,2,1,2,1
24,58,3,1,4,1,4,1,4,1
24,59,,,4,1,4,1,4,1
24,60,11,1,11,1,10,1,5,1
24,61,5,1,4,1,4,1,3,1
24,86,5,1,5,1,,,,
24,87,,,,,5,1,5,1
24,96,3,1,3,1,5,1,5,1
24,97,3,1,3,1,1,1,1,1
24,102,4,1,5,1,5,1,5,1
24,103,12,1,12,1,12,1,10,1
24,104,6,1,6,1,,,,
24,106,,,,,2,1,4,1
24,107,5,1,5,1,4,1,3,1
24,113,,,2,1,3,1,3,1
24,119,2,1,2,1,2,1,2,1
24,122,2,1,1,1,2,1,2,1
25,9,1,1,1,1,1,1,1,1
25,14,2,1,2,1,2,1,,
25,16,,,,,2,1,2,1
25,18,8,1,8,1,7,1,10,1
25,43,9,1,7,1,5,1,7,1
25,44,6,1,6,1,4,1,2,1
25,48,8,1,8,1,8,1,7,1
25,49,11,1,7,1,14,1,14,1
25,50,4,1,3,1,3,1,3,1
25,53,10,1,10,1,7.5,1,8,1
25,54,31,0,33,0,31,0,37,0
25,55,20,0,21,0,18.5,0,14,1
25,56,6,1,6,1,6,1,10,1
25,57,2,1,2,1,3,1,1,1
25,58,3,1,6,1,8,1,6,1
25,59,6,1,6,1,5,1,8,1
25,60,95,0,88,0,88.5,0,89,0
25,62,4,1,4,1,,,,
25,69,1,1,1,1,2,1,2,1
25,77,2,1,2,1,2,1,2,1
25,92,5,1,5,1,5,1,5,1
25,96,4,1,2,1,2,1,2,1
25,102,7.5,1,5,1,8,1,6,1
25,103,3,1,2,1,3,1,3,1
25,104,1,1,1,1,8,1,7,1
25,105,1,1,,,,,,
25,106,4,1,4,1,,,,
25,109,3,1,3,1,3,1,3,1
26,14,4,1,4,1,,,,
26,16,12,1,12.5,1,10,1,7,1
26,17,7,1,8,1,9.5,1,9.5,1
26,18,2,1,1,1,1,1,2,1
26,20,1,1,1,1,1,1,,
26,23,,,2,1,2,1,2,1
26,28,4,1,,,3,1,3,1
26,43,1,1,1,1,1,1,1,1
26,44,12,1,11,1,10,1,10,1
26,49,21,1,14,1,7,1,7,1
26,50,8,1,9,1,4,1,6,1
26,51,4,1,3,1,2,1,2,1
26,53,,,,,4,1,5,1
26,54,27,1,22,1,22,1,17,1
26,55,28,0,22,1,21,1,23,0
26,56,30,0,28,0,30,0,29,0
26,57,1,1,1,1,,,,
26,58,14,1,10,1,12,1,14,0
26,59,66,0,64,0,60,0,65,0
26,60,26,0,32,0,26,0,23,0
26,61,16,1,15,1,14,1,12,1
26,62,2,1,2,1,5,1,4,1
26,63,4,1,4,1,4,1,5,1
26,64,5,1,5,1,4,1,4,1
26,67,3,1,4,1,4,1,4,1
26,102,10,1,8,1,6,1,6,1
26,103,4,1,4,1,4,1,4,1
26,108,3,1,3,1,3,1,5,1
26,111,8,1,7,1,10,1,10,1
26,113,1,1,1,1,4,1,1,1
27,5,3,1,3,1,2,1,2,1
27,6,1,1,,,,,3,1
27,7,8,1,8,1,8,1,8,1
27,14,,,,,4,1,4,1
27,15,12,1,15,1,15,1,15,1
27,16,2,1,2,1,2,1,2,1
27,18,4,1,3,1,2,1,6,1
27,19,4,1,2,1,2,1,2,1
27,21,,,,,2,1,2,1
27,22,8,1,8,1,6,1,2,1
27,23,1,1,1,1,1,1,1,1
27,24,4,1,4,1,4,1,4,1
27,43,3,1,3,1,2,1,2,1
27,44,4,1,4,1,4,1,2,1
27,52,2,1,2,1,1,1,1,1
27,54,3,1,5,1,2,1,1,1
27,55,5,1,5,1,7,1,3,1
27,56,13,1,13,1,18,1,22,1
27,57,14,1,14,1,11,1,9,1
27,58,1,1,3,1,4,1,1,1
27,59,71,0,65,0,64,0,60,0
27,60,20.5,1,19.5,1,47,0,41,0
27,61,1,1,,,,,,
27,66,2,1,2,1,2,1,2,1
27,68,3,1,3,1,3,1,3,1
27,79,2,1,3,1,3,1,3,1
27,90,2,1,2,1,,,,
27,91,2,1,2,1,4,1,4,1
27,97,7,1,5,1,5,1,5,1
27,99,1,1,1,1,1,1,1,1
27,101,5,1,5,1,4,1,4,1
27,102,22.5,1,25.5,1,20,1,20,1
27,104,3,1,3,1,2,1,2,1
27,110,10,1,9,1,7,1,7,1
27,111,,,1,1,3,1,3,1
27,112,4,1,3,1,1,1,3,1
27,113,2,1,5,1,5,1,3,1
28,2,2,1,3,1,2,1,2,1
28,6,2,1,2,1,2,1,2,1
28,8,7,1,6,1,6,1,2,1
28,16,7,1,9,1,7,1,7,1
28,19,8,1,8,1,8,1,8,1
28,20,5,1,6,1,3,1,3,1
28,22,3,1,4,1,4,1,4,1
28,48,4,1,4,1,5,1,3,1
28,49,11,1,14,1,12,1,7,1
28,50,5,1,4,1,4,1,4,1
28,55,2,1,2,1,,,,
28,56,8,1,8,1,13,1,11,1
28,59,17,1,23,1,14,1,20,1
28,60,51.5,0,52,0,57,0,50,0
28,61,43,0,35,0,46.5,0,45,0
28,62,11,1,10,1,10,1,10,1
28,63,4,1,4,1,,,,
28,64,8,1,8,1,8,1,8,1
28,65,2,1,2,1,2,1,2,1
28,67,1,1,1,1,2,1,2,1
28,97,2,1,2,1,2,1,3,1
28,101,2,1,2,1,2,1,2,1
28,102,3,1,7,1,7,1,7,1
28,104,3,1,2,1,2,1,2,1
28,105,3,1,3,1,3,1,1,1
28,106,4,1,4,1,4,1,4,1
28,107,2,1,2,1,2,1,,
28,108,3,1,3,1,5,1,5,1
28,109,,,,,3,1,3,1
28,110,,,2,1,,,,
28,111,5,1,4,1,3,1,3,1
28,112,5,1,4,1,4,1,4,1
28,122,4,1,2,1,2,1,2,1
29,14,17.5,1,20.5,1,20,1,17,1
29,15,3,1,3,1,,,,
29,16,6,1,7,1,6,1,3,1
29,18,3,1,3,1,3,1,3,1
29,23,5,1,5,1,1,1,1,1
29,42,1,1,1,1,1,1,1,1
29,44,15,1,14,1,13,1,13,1
29,48,12.5,1,12.5,1,10,1,10,1
29,49,16,1,17,1,19.5,1,18,1
29,51,8,1,8,1,7,1,10,1
29,54,1,1,1,1,1,1,1,1
29,55,,,,,,,2,1
29,58,,,,,2,1,1,1
29,59,30,0,21,1,29,0,22,1
29,60,51,0,50,0,40,0,44,0
29,61,5,1,5,1,11,1,14.5,1
29,62,9,1,13,1,13,1,13,1
29,63,6,1,6,1,10,1,11,1
29,65,2,1,2,1,2,1,2,1
29,67,,,,,13.5,1,,
29,68,2,1,2,1,2,1,2,1
29,69,,,1,1,1,1,1,1
29,74,2,1,2,1,,,1,1
29,97,6,1,8,1,11,1,10,1
29,101,12,1,15,1,14,1,15,1
29,102,2,1,6,1,5,1,4,1
29,103,2,1,2,1,2,1,2,1
29,105,4,1,4,1,1,1,1,1
29,106,14,1,13,1,15,1,13,1
29,107,3,1,3,1,2,1,5,1
29,108,7,1,6,1,4,1,5,1
29,121,2,1,2,1,2,1,,
30,6,2,1,3,1,3,1,3,1
30,8,3,1,3,1,3,1,3,1
30,10,9,1,9,1,9,1,9,1
30,13,14,1,18,1,18,1,15,1
30,14,17,1,14,1,14,1,15,1
30,17,4,1,7,1,7,1,6.5,1
30,18,6,1,6,1,2,1,2,1
30,40,,,,,2,1,2,1
30,41,,,2,1,2,1,2,1
30,48,1,1,1,1,1,1,1,1
30,49,4,1,4,1,6,1,6,1
30,50,8,1,7,1,,,,
30,51,,,,,6,1,5,1
30,53,6,1,5,1,5,1,5,1
30,57,2,1,2,1,2,1,2,1
30,58,5,1,5,1,9,1,8,1
30,59,1,1,1,1,1,1,1,1
30,60,35,0,39,0,45,0,40,0
30,61,33,0,34,0,33,0,29,0
30,62,18,1,17,1,14,1,12,1
30,63,7,1,5,1,3,1,5,1
30,64,8,1,7,1,6,1,6,1
30,66,2,1,3,1,4,1,2,1
30,67,3,1,3,1,3,1,6,1
30,81,1,1,1,1,1,1,1,1
30,82,5,1,5,1,5,1,5,1
30,89,3,1,3,1,3,1,3,1
30,97,13,1,13,1,13,1,11,1
30,101,8,1,9,1,6,1,7,1
30,102,,,,,4,1,4,1
30,103,12,1,10,1,12,1,10,1
30,104,7,1,2,1,,,,
30,105,5,1,6,1,7,1,7,1
30,106,,,1,1,1,1,1,1
30,107,,,3,1,3,1,3,1
31,5,2,1,2,1,2,1,2,1
31,11,3,1,3,1,4,1,2,1
31,13,7,1,5,1,4,1,4,1
31,14,8,1,8,1,7,1,5,1
31,16,3,1,3,1,2,1,1,1
31,21,4,1,4,1,4,1,4,1
31,40,2,1,2,1,,,,
31,41,7,1,6,1,7,1,7,1
31,42,4,1,3,1,1,1,1,1
31,46,2,1,2,1,2,1,2,1
31,49,,,,,1,1,1,1
31,58,14.5,1,16,1,11,1,10,1
31,59,2,1,2,1,4,1,4,1
31,60,5,1,8,1,4,1,15,0
31,61,72,0,68.5,0,56.5,0,54.5,0
31,62,35,0,38,0,37,0,38,0
31,63,20,1,20,1,16,1,14,1
31,68,2,1,2,1,5,1,6,1
31,74,1,1,1,1,1,1,1,1
31,82,3,1,4,1,5,1,5,1
31,88,6,1,6,1,6,1,6,1
31,95,2,1,1,1,2,1,3,1
31,96,,,,,4,1,4,1
31,97,4,1,4,1,4,1,2,1
31,101,22.5,1,18,1,17,1,16.5,1
31,102,,,,,1,1,1,1
31,103,9,1,5.5,1,2.5,1,2.5,1
31,112,4,1,3.5,1,,,,
31,113,,,,,,,4,1
32,11,6,1,5,1,3,1,,
32,13,,,,,10,1,11,1
32,33,6,1,4,1,3,1,3,1
32,34,8.5,1,11,1,11,1,10,1
32,40,8,1,9,1,11,1,11,1
32,41,15,1,12,1,9,1,8,1
32,42,12,1,11,1,9,1,9,1
32,43,2,1,1,1,1,1,1,1
32,55,4,1,4,1,4,1,4,1
32,59,6,1,7,1,7,1,5,1
32,60,1,1,,,4,1,3,1
32,62,,,,,3,1,2,1
32,63,8,1,8,1,12,1,12,1
32,67,,,,,,,2,1
32,68,5,1,4,1,4,1,4,1
32,76,3,1,3,1,3,1,4,1
32,82,10,1,12,1,10,1,11,1
32,83,22,1,21,1,21,1,20,1
32,84,4,1,6,1,5,1,5,1
32,85,2,1,2,1,2,1,2,1
32,87,3,1,7,1,3,1,3,1
32,88,1,1,1,1,1,1,1,1
32,95,16,1,16,1,8,1,9,1
32,96,20,1,20,1,19,1,19,1
32,100,7,1,7,1,7,1,6,1
32,101,5,1,5,1,6,1,6,1
32,102,7,1,5,1,4,1,4,1
32,103,1,1,1,1,5,1,5,1
32,113,1,1,1,1,,,,
32,115,1,1,1,1,1,1,1,1
32,117,3,1,3,1,,,,
32,118,7,1,7,1,7,1,7,1
32,119,2,1,2,1,2,1,2,1
32,120,3,1,3,1,3,1,2,1
33,2,2,1,6,1,6,1,6,1
33,9,6,1,12,1,9,1,6.5,1
33,10,1,1,2,1,,,,
33,13,8,1,10,1,,,,
33,15,,,,,1,1,1,1
33,16,1,1,1,1,,,,
33,17,3,1,2,1,2,1,2,1
33,20,3,1,3,1,3,1,3,1
33,33,1,1,1,1,1,1,1,1
33,34,3,1,1,1,3,1,2,1
33,36,4,1,4,1,5,1,7,1
33,41,2,1,2,1,5,1,5,1
33,43,3,1,6,1,6,1,6,1
33,46,3,1,4,1,3,1,6,1
33,52,6,1,8,1,6,1,9,1
33,53,14,1,18,1,17,1,9,1
33,56,2,1,2,1,1,1,,
33,60,2,1,2,1,2,1,2,1
33,61,1,1,1,1,1,1,1,1
33,63,9,1,8,1,8,1,8,1
33,68,4,1,4,1,3,1,2,1
33,82,3,1,2,1,,,2,1
33,83,3,1,3,1,3,1,3,1
33,87,,,4,1,3,1,3,1
33,90,2,1,2,1,2,1,6,1
33,91,7,1,6,1,3,1,5,1
33,92,2,1,2,1,2,1,3,1
33,94,3,1,3,1,3,1,2,1
33,96,10,1,11,1,13,1,14,1
33,100,11,1,10,1,7,1,7,1
33,102,9,1,16,1,14,1,15,1
33,114,7,1,6,1,6,1,5,1
33,116,4,1,4,1,4,1,5,1
33,117,,,,,2,1,2,1
34,8,1,1,,,,,,
34,9,7,1,7,1,6,1,6,1
34,18,11,1,12,1,12,1,11,1
34,35,2,1,2,1,2,1,2,1
34,36,15,1,15,1,13,1,14,1
34,44,5,1,5,1,5,1,5,1
34,46,4,1,4,1,4,1,4,1
34,48,4,1,4,1,,,,
34,49,,,,,6,1,4,1
34,52,7,1,2,1,5.5,1,4.5,1
34,53,13,1,12,1,15,1,13,1
34,54,2,1,2,1,2,1,2,1
34,56,2,1,2,1,2,1,2,1
34,57,2,1,2,1,2,1,2,1
34,58,,,,,4,1,4,1
34,62,11,1,10,1,16,1,16,1
34,63,10,1,9,1,6,1,6,1
34,83,6,1,6,1,9,1,7,1
34,85,4,1,4,1,,,,
34,86,9,1,9,1,3,1,2,1
34,87,,,,,6,1,6,1
34,91,4,1,4,1,6,1,6,1
34,92,11,1,14,1,11,1,11,1
34,93,3,1,3,1,2,1,4,1
34,94,1,1,2,1,1,1,,
34,95,14,1,12,1,10,1,15,1
34,96,4,1,4,1,3,1,4,1
34,97,4,1,4,1,3,1,3,1
34,98,7,1,9,1,6,1,6,1
34,99,2,1,2,1,2,1,2,1
34,100,15,1,13,1,13,1,12,1
34,101,4,1,4,1,4,1,3,1
34,102,10,1,10,1,17,1,17,1
34,103,7,1,7,1,7,1,7,1
34,104,4,1,4,1,4,1,4,1
34,106,4,1,4,1,2,1,2,1
34,113,8,1,8,1,7,1,6,1
35,2,1,1,1,1,1,1,1,1
35,9,2,1,2,1,2,1,2,1
35,16,9,1,9,1,11,1,7,1
35,35,5,1,3,1,4,1,8,1
35,36,5,1,2,1,5,1,5,1
35,48,8,1,7,1,7,1,7,1
35,49,3,1,4,1,3,1,3,1
35,53,5,1,7,1,7,1,6,1
35,57,1,1,1,1,2,1,3,1
35,58,7,1,7,1,3,1,3,1
35,62,9,1,9,1,9,1,9,1
35,79,2,1,2,1,2,1,2,1
35,80,6,1,6,1,6,1,7,1
35,82,3,1,3,1,5,1,4,1
35,83,4,1,4,1,4,1,4,1
35,84,10,1,13,1,11,1,17,1
35,85,13,1,14,1,21,1,23,1
35,86,2,1,2,1,2,1,2,1
35,93,3,1,2,1,1,1,4,1
35,94,2,1,,,1,1,1,1
35,95,1,1,,,1,1,1,1
35,97,10,1,10,1,11,1,10,1
35,98,5,1,5,1,4,1,3,1
35,99,10,1,16,1,14,1,15.5,1
35,100,11,1,11.5,1,10,1,6,1
35,101,8,1,8,1,8,1,9.5,1
35,102,34,0,30.5,0,40.5,0,36,0
35,103,38,0,34,0,28,0,30,0
35,104,2,1,2,1,2,1,1,1
35,113,7,1,4,1,6,1,6,1
35,125,2,1,1,1,1,1,1,1
35,126,4,1,4,1,2,1,2,1
36,0,1,1,1,1,,,,
36,2,2,1,2,1,,,2,1
36,3,2,1,2,1,2,1,2,1
36,14,11,1,12,1,13,1,12,1
36,32,,,,,3,1,2,1
36,33,6,1,5,1,2,1,3,1
36,48,3,1,7,1,7,1,11,1
36,53,4,1,4,1,5,1,4,1
36,57,2,1,2,1,1,1,1,1
36,62,1,1,1,1,1,1,1,1
36,68,6,1,6,1,6,1,9,1
36,77,2,1,2,1,2,1,2,1
36,80,4,1,5,1,5,1,3,1
36,81,7,1,7,1,6,1,5,1
36,82,14,1,14,1,11,1,12,1
36,84,20,1,17,1,14,1,12.5,1
36,85,6,1,6,1,6,1,5,1
36,88,5,1,4,1,,,,
36,92,2,1,2,1,,,,
36,93,10,1,4,1,8,1,8,1
36,94,2,1,2,1,2,1,2,1
36,95,4,1,4,1,4,1,7,1
36,97,32.5,0,34.5,0,30.5,0,38.5,0
36,98,14,1,12,1,14,1,9,1
36,99,18,1,17,1,15,1,15,1
36,100,12.5,1,11.5,1,9,1,8.5,1
36,101,56,0,54,0,52,0,55,0
36,102,41,0,39,0,28,0,29,0
36,103,77,0,77.5,0,62.5,0,62,0
36,107,2,1,2,1,2,1,1,1
36,113,6,1,8,1,9,1,10,1
36,121,5,1,5,1,5,1,3,1
37,0,,,,,1,1,1,1
37,3,1,1,1,1,1,1,1,1
37,4,1,1,1,1,1,1,1,1
37,5,2,1,1,1,1,1,1,1
37,6,2,1,2,1,2,1,2,1
37,7,5,1,5,1,6,1,5,1
37,8,11,1,11,1,6,1,6,1
37,12,2,1,,,,,,
37,32,,,1,1,,,1,1
37,48,6,1,6,1,8,1,9,1
37,52,2,1,5,1,5,1,2,1
37,53,6,1,6,1,6,1,8.5,1
37,56,5.5,1,2,1,1,1,1,1
37,57,2,1,2,1,2,1,2,1
37,61,9,1,7,1,6,1,4,1
37,62,4,1,3,1,,,,
37,66,2,1,1,1,1,1,1,1
37,67,1,1,1,1,3,1,3,1
37,74,3,1,4,1,4,1,4,1
37,77,,,2,1,2,1,1,1
37,80,3,1,4,1,4,1,4,1
37,85,2,1,2,1,1,1,1,1
37,88,,,,,4,1,2,1
37,93,3,1,3,1,3,1,3,1
37,94,3,1,2,1,6,1,4,1
37,95,73.5,0,70.5,0,75,0,75.5,0
37,96,34,0,39,0,41,0,40,0
37,97,197,0,196,0,180.5,0,187,0
37,98,20,1,18,1,18,1,13,1
37,99,20,0,20,0,10,1,13,1
37,100,36,0,27.5,0,28,0,20,0
37,101,47,0,42.5,0,43,0,53,0
37,102,35,0,34,0,33.5,0,33,0
37,103,7,1,7,1,7,1,7,1
37,104,2,1,4,1,5,1,4,1
37,105,12,1,10,1,8,1,9,1
37,112,7,1,6,1,6,1,6,1
37,123,,,,,2,1,2,1
37,124,4,1,2,1,,,,
38,4,2,1,1,1,1,1,1,1
38,6,1,1,2,1,2,1,5,1
38,10,1,1,1,1,1,1,1,1
38,31,1,1,1,1,1,1,1,1
38,36,,,,,5,1,2.5,1
38,37,4,1,4,1,3,1,3,1
38,52,9,1,9,1,9,1,10,1
38,53,5,1,4,1,4,1,5,1
38,57,1,1,1,1,1,1,1,1
38,66,,,,,,,2,1
38,67,5,1,5,1,4,1,4,1
38,76,1,1,1,1,1,1,1,1
38,78,12,1,8,1,7,1,9,1
38,79,5,1,5,1,5,1,5,1
38,80,2,1,2.5,1,1,1,1,1
38,81,1,1,4,1,3,1,3,1
38,82,1,1,,,1,1,,
38,89,1,1,1,1,1,1,1,1
38,90,1,1,1,1,,,3,1
38,92,2,1,1,1,1,1,,
38,93,30,0,31,0,30,0,32.5,0
38,94,18,1,27,0,24,1,23,1
38,95,30,0,26,0,28,0,23,0
38,96,39,0,37,0,35,0,37,0
38,97,115.5,0,109.5,0,101,0,105,0
38,98,137.5,0,122.5,0,116.5,0,117,0
38,99,75.5,0,73,0,76,0,70,0
38,100,25,0,26,0,37,0,36,0
38,101,9,1,7,1,8,1,8,1
38,102,28.5,0,27,0,27,0,30,0
38,104,3,1,3,1,3,1,3,1
38,111,5,1,5,1,7,1,7,1
38,112,6,1,3,1,3,1,3,1
38,113,4,1,4,1,4,1,2,1
38,114,1,1,1,1,1,1,1,1
38,123,3,1,3,1,3,1,3,1
38,125,7,1,2,1,4,1,3,1
39,1,1,1,1,1,1,1,1,1
39,2,2,1,2,1,7,1,7,1
39,3,2,1,3,1,4,1,2,1
39,4,1,1,1,1,3,1,4,1
39,6,3,1,3,1,2,1,1,1
39,36,4,1,12,1,6,1,7,1
39,51,,,1,1,1,1,1,1
39,54,5,1,4,1,1,1,1,1
39,55,3,1,4,1,5,1,8,1
39,64,2,1,3,1,3,1,2,1
39,66,5,1,7,1,7,1,6,1
39,67,4,1,5,1,5,1,5,1
39,78,2,1,6,1,7,1,7,1
39,79,6,1,4,1,4,1,4,1
39,80,4,1,4,1,4,1,4,1
39,88,,,,,1,1,1,1
39,89,1,1,1,1,,,,
39,90,16,1,17,1,17,1,17,1
39,91,20,1,14,1,16,1,14.5,1
39,92,12,1,11,1,11,1,11,1
39,93,31.5,0,32,0,32,0,27,0
39,94,31,0,37.5,0,37,0,37,0
39,95,47,0,52.5,0,39.5,0,42.5,0
39,96,122.5,0,116,0,99,0,101.5,0
39,97,134.5,0,124,0,120,0,137,0
39,98,199,0,192,0,186.5,0,184.5,0
39,99,119,0,112.5,0,109,0,116,0
39,100,33,0,34,0,30,0,29,0
39,101,16,1,16,1,13.5,1,10.5,1
39,102,21,1,14,1,16,1,14,1
39,103,17,1,17,1,20,1,19,1
39,104,18,1,12,1,13,1,15,1
39,105,13,1,13,1,12,1,13,1
39,106,4,1,4,1,10,1,9,1
39,111,2,1,2,1,2,1,2,1
39,117,2,1,2,1,2,1,2,1
39,124,2,1,2,1,1,1,1,1
39,127,6,1,6,1,7,1,7,1
40,1,3,1,3,1,3,1,3,1
40,2,6,1,5,1,4,1,3,1
40,3,7,1,6,1,3,1,4,1
40,9,3,1,3,1,,,1,1
40,36,1,1,1,1,2,1,,
40,54,10,1,7,1,11,1,9,1
40,66,18,1,17,1,14.5,1,19.5,1
40,78,5,1,5,1,4,1,3,1
40,79,2,1,4,1,2,1,2,1
40,81,2,1,2,1,2,1,1,1
40,86,4,1,4,1,3,1,3,1
40,88,2,1,3,1,4,1,4,1
40,91,2,1,4,1,3,1,1,1
40,92,14,1,15,1,15,1,15,1
40,93,2,1,1,1,1,1,3,1
40,94,7,1,5,1,4,1,7,1
40,95,29,0,35,0,28,0,25,0
40,96,17,1,17,0,16,1,18,0
40,98,16,1,16,1,10,1,14,1
40,99,89,0,89,0,89,0,91.5,0
40,100,20,1,14,1,15,1,23,0
40,101,38,0,34,0,28,1,32,0
40,102,3,1,2,1,1,1,1,1
40,104,13,1,14,1,12,1,23,1
40,105,12,1,9,1,8,1,12,1
40,106,18,1,16,1,11,1,10,1
40,107,9,1,11,1,13,1,15,1
40,108,17.5,1,21,1,15,1,15,1
40,109,15,1,11,1,11,1,11,1
40,110,2,1,6,1,5,1,5,1
40,111,3,1,3,1,4,1,2,1
40,112,4,1,4,1,2,1,6.5,1
40,124,16,1,14,1,14,1,12,1
40,127,11,1,11,1,10,1,10,1
41,0,3,1,3,1,,,,
41,1,3,1,3,1,6,1,6,1
41,2,,,,,4,1,5,1
41,6,2,1,2,1,2,1,2,1
41,22,5,1,4,1,3,1,2,1
41,23,2,1,2,1,2,1,2,1
41,46,3,1,1,1,2,1,2,1
41,49,4,1,4,1,6,1,9,1
41,50,4,1,4,1,4,1,4,1
41,62,2,1,,,,,,
41,64,5.5,1,4,1,4.5,1,4.5,1
41,65,2,1,2,1,2,1,6,1
41,66,4,1,1,1,1,1,1,1
41,67,2,1,2,1,2,1,,
41,78,2,1,2,1,,,,
41,83,4,1,4,1,4,1,4,1
41,84,4,1,2,1,1,1,1,1
41,85,6,1,5,1,4,1,4,1
41,86,4,1,3,1,3,1,7,1
41,87,13,1,15,1,15,1,13,1
41,88,3,1,1,1,1,1,2,1
41,89,23,1,17.5,1,16,1,14,1
41,90,2,1,2,1,4,1,4,1
41,91,6,1,6,1,6,1,6,1
41,93,,,1,1,,,,
41,94,15,1,14,1,10,1,9,1
41,95,36,0,33,0,38,0,34,0
41,98,11,1,11,1,10,1,12,1
41,99,47,0,49,0,32,0,54,0
41,100,21,1,19,1,28.5,0,22.5,1
41,101,8,1,8,1,8,1,8,1
41,102,3,1,3,1,3,1,3,1
41,104,2,1,3,1,3,1,3,1
41,105,1,1,1,1,,,1,1
41,107,6,1,6,1,5,1,5,1
41,108,8,1,7,1,8,1,7,1
41,109,6,1,6,1,6,1,6,1
41,110,13,1,17,1,13,1,13,1
41,111,2,1,2,1,2,1,2,1
41,112,,,,,1,1,1,1
41,113,4,1,3,1,2,1,2,1
41,114,2,1,2,1,2,1,2,1
41,119,,,,,3,1,2,1
41,122,9,1,14,1,8,1,8,1
41,124,13,1,10,1,12,1,14,1
41,125,13,1,13,1,6,1,8,1
41,126,22.5,1,19,1,24,1,24,0
41,127,63,0,64,0,55.5,0,58.5,0
42,0,2,1,2,1,4,1,4,1
42,1,4,1,,,4,1,3,1
42,2,13,1,12,1,12,1,10,1
42,3,11,1,10,1,10,1,8,1
42,4,2,1,2,1,2,1,2,1
42,20,2,1,2,1,2,1,2,1
42,21,4,1,4,1,5,1,4,1
42,30,1,1,4,1,1,1,3,1
42,33,5,1,6,1,11,1,11,1
42,34,3,1,7,1,,,,
42,49,11,1,13,1,16,1,20.5,1
42,50,5,1,5,1,3,1,3,1
42,51,2,1,3,1,8,1,9,1
42,52,6,1,6,1,6,1,4,1
42,53,1,1,1,1,1,1,1,1
42,54,6,1,4,1,5,1,5,1
42,56,1,1,1,1,1,1,1,1
42,63,2,1,2,1,2,1,2,1
42,64,4,1,6,1,6,1,6,1
42,78,5,1,4,1,7,1,5,1
42,83,11,1,9,1,9,1,9,1
42,84,2,1,2,1,1,1,1,1
42,89,5,1,4,1,4,1,6.5,1
42,90,2,1,2,1,2,1,2,1
42,93,3,1,2,1,2,1,2,1
42,94,9,1,11,1,16,1,16,1
42,99,31,0,34,0,33,0,31,0
42,100,37,0,35,0,32,0,38,0
42,101,23,0,26,0,18,0,26,0
42,102,19,1,21,1,18,1,17.5,1
42,103,20,1,19,1,22,1,19,1
42,104,17,1,17,1,18,1,16,1
42,105,9.5,1,8,1,10.5,1,10,1
42,106,2,1,2,1,2,1,2,1
42,107,6,1,6,1,6,1,6,1
42,110,11,1,13,1,13,1,15,1
42,111,2,1,1,1,1,1,1,1
42,123,5,1,4,1,1,1,1,1
42,124,,,2,1,3,1,2,1
42,125,35,0,33,0,31,0,32,0
42,126,34,0,31,0,53,0,54.5,0
42,127,25,0,26,0,26,0,25,0
43,1,2,1,2,1,,,,
43,2,7,1,7,1,7,1,7,1
43,4,13,1,13,1,13,1,13,1
43,5,11,1,8,1,6,1,9,1
43,30,3,1,2,1,2,1,2,1
43,33,1,1,1,1,1,1,1,1
43,34,3,1,3,1,3,1,6,1
43,48,5,1,5,1,6,1,3,1
43,49,7,1,6,1,5,1,5,1
43,50,9,1,8,1,7,1,7,1
43,51,5,1,5,1,9,1,10,1
43,52,2,1,2,1,,,4,1
43,53,7,1,6,1,3,1,3,1
43,54,14,1,14,1,15,1,14,1
43,55,8,1,7,1,4,1,10,1
43,58,2,1,3,1,2,1,2,1
43,63,3,1,3,1,3,1,3,1
43,64,8,1,10,1,9,1,7.5,1
43,77,1,1,1,1,1,1,1,1
43,81,,,,,2,1,2,1
43,82,2,1,2,1,,,,
43,91,6,1,7,1,6,1,7,1
43,92,,,,,2,1,2,1
43,93,9,1,9,1,8,1,7,1
43,94,9,1,9,1,7,1,7,1
43,97,13,1,12,1,9,1,8,1
43,99,16,1,19.5,0,17.5,0,14.5,1
43,100,19.5,1,21,1,24,0,17,1
43,101,7,1,9,1,12,1,13,1
43,102,12,1,11,1,11,1,10,1
43,103,2,1,2,1,2,1,2,1
43,104,8,1,8,1,6,1,6,1
43,105,21,1,20,1,15,1,14,1
43,106,4,1,3,1,5,1,6,1
43,107,1,1,1,1,,,,
43,110,4,1,4,1,4,1,4,1
43,111,1,1,1,1,1,1,1,1
43,116,6,1,6,1,6,1,6,1
43,123,1,1,1,1,,,1,1
43,124,24,0,24,0,22,0,20,1
43,126,6,1,5,1,5,1,4,1
43,127,3,1,7,1,2,1,2,1
44,5,21,1,21,0,24,0,22,0
44,6,16,1,15,1,19,1,17,1
44,12,3,1,3,1,,,3,1
44,15,3,1,3,1,3,1,1,1
44,19,5,1,5,1,5,1,5,1
44,21,7,1,6,1,5,1,5,1
44,22,,,,,1,1,1,1
44,29,4,1,7,1,11,1,15,1
44,48,6,1,7,1,9,1,7,1
44,49,22,1,21,1,19.5,1,19.5,1
44,50,17,1,17,1,13,1,13,1
44,51,,,,,5,1,1,1
44,54,2,1,2,1,2,1,,
44,55,3,1,3,1,6,1,5,1
44,59,1,1,1,1,1,1,1,1
44,64,6,1,5,1,5,1,4,1
44,73,2.5,1,3,1,2,1,3.5,1
44,74,2,1,2,1,2,1,2,1
44,75,3,1,3,1,3,1,3,1
44,78,3,1,5,1,7,1,5,1
44,81,3,1,1,1,1,1,1,1
44,83,4,1,4,1,3,1,2,1
44,90,2,1,2,1,3,1,2,1
44,91,3,1,3,1,3,1,5,1
44,98,8,1,7,1,6,1,9,1
44,99,34,0,36,0,28,0,25,0
44,100,29,0,30,0,31,0,39,0
44,101,15,1,16,1,16,1,17,1
44,102,2,1,2,1,2,1,4,1
44,104,6,1,5,1,5,1,5,1
44,120,3,1,3,1,3,1,3,1
44,122,21,1,21,1,20,1,18,1
44,123,30,0,28,0,22,1,24,1
44,124,10,1,13,1,16,1,20,1
45,2,1,1,1,1,,,,
45,3,,,,,1,1,1,1
45,4,3,1,3,1,4,1,2,1
45,5,5,1,1,1,2,1,2,1
45,6,1,1,1,1,,,,
45,7,1,1,1,1,1,1,,
45,8,9,1,10,1,9,1,8,1
45,9,2,1,2,1,,,,
45,12,4,1,4,1,4,1,3,1
45,15,4,1,4,1,4,1,3,1
45,16,1,1,2,1,2,1,2,1
45,17,3,1,3,1,2,1,2,1
45,18,6,1,6,1,5,1,5,1
45,21,1,1,1,1,1,1,1,1
45,28,7,1,6,1,4,1,4,1
45,29,16,1,18,1,18,1,17,1
45,38,1,1,1,1,1,1,1,1
45,47,2,1,2,1,2,1,3,1
45,49,4,1,4,1,6,1,6,1
45,50,9,1,7,1,3,1,6,1
45,52,2,1,2,1,2,1,2,1
45,53,6,1,6,1,6,1,5,1
45,55,,,,,2,1,2,1
45,64,3,1,3,1,5,1,3,1
45,78,1,1,1,1,1,1,,
45,89,3,1,4,1,3,1,3,1
45,90,2,1,2,1,2,1,2,1
45,97,2,1,3,1,3,1,,
45,99,1,1,1,1,1,1,,
45,100,3,1,3,1,,,,
45,101,10,1,11,1,12,1,11,1
45,106,1,1,1,1,,,,
45,120,7,1,7,1,5,1,7,1
45,121,13,1,13,1,11,1,11,1
45,122,22,0,19,0,18,0,17,0
45,123,109,0,101.5,0,96.5,0,110,0
45,124,17,1,17,1,32,0,33,0
45,125,5,1,4,1,4,1,5,1
46,3,8.5,1,6,1,6,1,6,1
46,6,5,1,5,1,5,1,5,1
46,13,1,1,1,1,1,1,1,1
46,15,4,1,5,1,1,1,3,1
46,16,7,1,8,1,8,1,9,1
46,21,3,1,3,1,3,1,2,1
46,30,2,1,2,1,2,1,,
46,36,,,,,,,1,1
46,37,,,2,1,2,1,4,1
46,38,2,1,2,1,2,1,2,1
46,53,,,2,1,2,1,2,1
46,55,2,1,2,1,,,,
46,56,3,1,3,1,3,1,3,1
46,64,5,1,4,1,1,1,1,1
46,65,2,1,2,1,2,1,2,1
46,74,10,1,8,1,9,1,9,1
46,87,1,1,1,1,4,1,4,1
46,88,6,1,9,1,6,1,7,1
46,89,4,1,4,1,4,1,4,1
46,98,1,1,1,1,1,1,1,1
46,99,14,1,17,1,13,1,12,1
46,100,7,1,7,1,7,1,7,1
46,101,2,1,2,1,4,1,4,1
46,102,12,1,13,1,13,1,13,1
46,106,,,,,1,1,1,1
46,109,1,1,1,1,1,1,1,1
46,120,1,1,1,1,,,2,1
46,121,47,0,41,0,39,0,37,0
46,122,59,0,49.5,0,49,0,58.5,0
46,123,34,0,55,0,56,0,55.5,0
46,124,8,1,4,1,3,1,2,1
46,127,4,1,5,1,4,1,4,1
47,3,7,1,7,1,7,1,7,1
47,4,7,1,7,1,1,1,1,1
47,14,,,,,,,3,1
47,15,1,1,1,1,1,1,1,1
47,18,1,1,1,1,,,,
47,19,8,1,8,1,7,1,7,1
47,24,6,1,8,1,5,1,6,1
47,25,7,1,6,1,10,1,3,1
47,26,44,0,42.5,0,41.5,0,37.5,0
47,27,7,1,4,1,8.5,1,7.5,1
47,28,4,1,4,1,4,1,3,1
47,29,5,1,6,1,5,1,4,1
47,30,5,1,4,1,2,1,2,1
47,51,,,,,1,1,2,1
47,53,1,1,1,1,1,1,1,1
47,63,2,1,2,1,2,1,2,1
47,65,2,1,1,1,1,1,2,1
47,84,3,1,3,1,5,1,5,1
47,85,10,1,6.5,1,6,1,4,1
47,86,19,1,15,1,17,1,13,1
47,87,2,1,2,1,,,,
47,95,2,1,2,1,1,1,1,1
47,97,4,1,4,1,6,1,5,1
47,98,6,1,6,1,6,1,6,1
47,100,21,1,22,1,31,0,26,0
47,101,15,1,14,1,4,1,2,1
47,102,3,1,3,1,2,1,2,1
47,106,2,1,2,1,2,1,2,1
47,120,10,1,14,1,15,1,16,1
47,121,2,1,2,1,2,1,2,1
47,123,5,1,6,1,7,1,8,1
47,125,13,1,7,1,10,1,12,1
47,126,48,0,49,0,42,0,53.5,0
47,127,18,1,24,1,22.5,1,18.5,1
48,0,10,1,11,1,10,1,15,1
48,1,3,1,3,1,4,1,4,1
48,4,,,,,6,1,2,1
48,18,,,,,1,1,1,1
48,19,17,1,14,1,14,1,12,1
48,24,8,1,7,1,12,1,5,1
48,25,15,1,22,1,30,1,23,1
48,26,20,1,20,1,17,1,23,1
48,27,6,1,5,1,6,1,6,1
48,30,8,1,6,1,7,1,7,1
48,31,5,1,2,1,2,1,5,1
48,35,13,1,,,,,,
48,42,3,1,3,1,2,1,2,1
48,43,2,1,2,1,2,1,2,1
48,51,,,1,1,,,,
48,57,2,1,2,1,2,1,3,1
48,59,3,1,,,1,1,1,1
48,74,2,1,2,1,2,1,2,1
48,81,,,,,,,2,1
48,84,7,1,6,1,1,1,1,1
48,85,7,1,6,1,10,1,9,1
48,86,2,1,2,1,2,1,1,1
48,92,6,1,7,1,7,1,2,1
48,93,6,1,9,1,5,1,3,1
48,97,4,1,4,1,4,1,4,1
48,100,8,1,8,1,7,1,6,1
48,101,6,1,12,1,12,1,10,1
48,102,1,1,1,1,1,1,1,1
48,103,4,1,8,1,4,1,4,1
48,104,4,1,,,4,1,2,1
48,115,4,1,5,1,4,1,4,1
48,119,4,1,4,1,4,1,3,1
48,120,19,1,16,1,12,1,13,1
48,124,25.5,0,24.5,1,22.5,1,21.5,0
48,125,39,0,35,0,40.5,0,33,0
48,126,8,1,4,1,4,1,8,1
48,127,30.5,0,31,0,17,1,18.5,0
49,0,4,1,4,1,4,1,4,1
49,5,7,1,6,1,8,1,4,1
49,6,5,1,4,1,4,1,3,1
49,7,5,1,8,1,8,1,8,1
49,8,4,1,9,1,9,1,9,1
49,9,3,1,4,1,2,1,3,1
49,12,3,1,2,1,2,1,2,1
49,13,2,1,2,1,2,1,1,1
49,19,10,1,14,1,5,1,12,1
49,23,,,1,1,1,1,1,1
49,24,9,1,10,1,12,1,11,1
49,26,,,,,4,1,7,1
49,27,12,1,13,1,18,1,14,1
49,28,5,1,4,1,4,1,3,1
49,29,2,1,2,1,2,1,2,1
49,52,2,1,2,1,2,1,2,1
49,55,,,,,3,1,2,1
49,63,1,1,1,1,1,1,1,1
49,64,1,1,1,1,1,1,1,1
49,71,1,1,1,1,1,1,1,1
49,81,1,1,1,1,,,,
49,84,,,,,1,1,1,1
49,91,4,1,4,1,4,1,2,1
49,92,4,1,4,1,6,1,4,1
49,93,8,1,7,1,6,1,8,1
49,95,1,1,1,1,5,1,5,1
49,99,4,1,4,1,4,1,4,1
49,100,5,1,3.5,1,3.5,1,3,1
49,101,4,1,4,1,,,,
49,103,1,1,1,1,,,,
49,105,7,1,6,1,3,1,3,1
49,106,,,,,1,1,1,1
49,109,12,1,11,1,10,1,10,1
49,110,1,1,1,1,1,1,,
49,119,6,1,5,1,2,1,2,1
49,120,3,1,3,1,5,1,4,1
49,124,13.5,1,17.5,1,13,1,16,1
49,126,8,1,1,1,1,1,1,1
49,127,25,0,31,0,28,0,29,0
50,6,3,1,3,1,3,1,3,1
50,9,13,1,13,1,7,1,8,1
50,10,28,0,29,0,31,0,34,0
50,11,5,1,4,1,6,1,6,1
50,12,3,1,3,1,6,1,4,1
50,13,4,1,5,1,5,1,5,1
50,17,7,1,7,1,6,1,6,1
50,18,,,,,4,1,3,1
50,19,4,1,4,1,4,1,3,1
50,20,7.5,1,5.5,1,5.5,1,6,1
50,27,14,1,14,1,10,1,14,1
50,28,2,1,3,1,2,1,2,1
50,55,3,1,2,1,4,1,3,1
50,73,2,1,2,1,2,1,2,1
50,81,11,1,10,1,10,1,8,1
50,95,7,1,6,1,6,1,9,1
50,99,1,1,2,1,3,1,3,1
50,100,,,,,4,1,2,1
50,101,17,1,18,1,20,1,21,1
50,102,7,1,7,1,9,1,8,1
50,106,2,1,2,1,2,1,2,1
50,109,5,1,5,1,6,1,6,1
50,117,,,7,1,7,1,7,1
50,118,4,1,4,1,2,1,2,1
50,119,15,1,12,1,11,1,12,1
50,124,19,1,21,1,22.5,1,20.5,1
50,126,18,1,18,1,14,1,17,1
50,127,19,1,18,1,20,1,19,1
51,5,4,1,3,1,3,1,2,1
51,8,2,1,2,1,2,1,,
51,9,,,,,,,2,1
51,10,7,1,6,1,5,1,6,1
51,18,,,,,2,1,,
51,21,,,,,,,2,1
51,22,7,1,8,1,10,1,13,1
51,23,2,1,2,1,2,1,2,1
51,26,2,1,4,1,3,1,4,1
51,27,2,1,2,1,2,1,2,1
51,28,8,1,8,1,8,1,7,1
51,38,1,1,1,1,1,1,1,1
51,48,2,1,2,1,2,1,2,1
51,51,1,1,1,1,1,1,1,1
51,52,1,1,1,1,,,1,1
51,57,6,1,5,1,5,1,5,1
51,70,3,1,2,1,2,1,2,1
51,78,3,1,,,,,,
51,80,2,1,2,1,2,1,2,1
51,81,6,1,6,1,6,1,6,1
51,88,1,1,1,1,2,1,2,1
51,100,7,1,7,1,5,1,1,1
51,101,12,1,13.5,1,6,1,10,1
51,102,16,1,23,1,21,1,10,1
51,103,2,1,9,1,6,1,4,1
51,104,,,,,3,1,3,1
51,109,3,1,3,1,2,1,2,1
51,126,29,1,19,1,20,1,14,1
51,127,5,1,4,1,6,1,5,1
52,10,2,1,2,1,2,1,2,1
52,20,2,1,2,1,2,1,2,1
52,21,1,1,1,1,1,1,,
52,22,5,1,8,1,5,1,3,1
52,23,3,1,3,1,2,1,2,1
52,24,1,1,1,1,1,1,1,1
52,26,4,1,6,1,4,1,4,1
52,28,2,1,2,1,2,1,2,1
52,52,6,1,6,1,6,1,6,1
52,70,6,1,6,1,6,1,6,1
52,77,4,1,4,1,4,1,4,1
52,78,9,1,10,1,9,1,9,1
52,79,5,1,4,1,4,1,4,1
52,80,5,1,4.5,1,4,1,3,1
52,81,1,1,1,1,1,1,1,1
52,85,1,1,1,1,1,1,3,1
52,86,3,1,2,1,2,1,2,1
52,88,3,1,3,1,6,1,9,1
52,89,,,1,1,1,1,2,1
52,94,5,1,5,1,5,1,5,1
52,96,,,2,1,2,1,4,1
52,99,1,1,,,2,1,2,1
52,100,6,1,7,1,5,1,4,1
52,101,3,1,3,1,6.5,1,5.5,1
52,102,3,1,3,1,3,1,3,1
52,103,5,1,4,1,4,1,6,1
52,124,4,1,4,1,4,1,3,1
52,125,12,1,12,1,9,1,8,1
52,126,24.5,1,17,1,25,1,27,1
52,127,5,1,8,1,8,1,12,1
53,5,,,,,1,1,1,1
53,15,3,1,4,1,4,1,1,1
53,22,3,1,2,1,3,1,3,1
53,23,2,1,2,1,4,1,2,1
53,30,5,1,5,1,5,1,5,1
53,62,1,1,1,1,1,1,1,1
53,71,3,1,3,1,3,1,6,1
53,81,5,1,4,1,4,1,4,1
53,82,4,1,4,1,4,1,4,1
53,84,2,1,2,1,1,1,4,1
53,90,,,,,1,1,2,1
53,99,1,1,1,1,1,1,,
53,100,3,1,2,1,3,1,2,1
53,101,5,1,4,1,2,1,3,1
53,105,,,2,1,,,1,1
53,106,2,1,2,1,2,1,2,1
53,124,22,1,24,1,24,1,22.5,1
53,125,54,0,47,0,44.5,0,52,0
53,126,57.5,0,54,0,49,0,51,0
53,127,8,1,9,1,8,1,9,1
54,1,3,1,3,1,3,1,3,1
54,5,1,1,1,1,,,,
54,15,8,1,7,1,7,1,6,1
54,26,12,1,9,1,10,1,8,1
54,68,1,1,1,1,2,1,3,1
54,70,4,1,5,1,5,1,4,1
54,76,,,,,2,1,2,1
54,77,,,2,1,,,,
54,96,2,1,1,1,,,3,1
54,98,3,1,3,1,2,1,2,1
54,101,7,1,8,1,10,1,7,1
54,102,8.5,1,9,1,9,1,8,1
54,106,4,1,4,1,7,1,7,1
54,123,29,1,26,1,24,0,23,1
54,124,39,0,38,0,41,0,39,0
54,125,22,0,34,0,28,0,28,0
54,126,16,1,17,1,24,1,27,1
55,1,3,1,3,1,3,1,3,1
55,5,3,1,3,1,3,1,3,1
55,9,,,2,1,2,1,2,1
55,14,3,1,3,1,3,1,3,1
55,22,3,1,3,1,3,1,3,1
55,23,1,1,1,1,1,1,1,1
55,26,8,1,8,1,7,1,7,1
55,55,2,1,2,1,2,1,2,1
55,68,4,1,4,1,2,1,2,1
55,76,4,1,2,1,1,1,1,1
55,90,1,1,,,,,3,1
55,98,5,1,5,1,5,1,4,1
55,101,3,1,3,1,3,1,3,1
55,102,5,1,5,1,5,1,,
55,106,4,1,3,1,3,1,3,1
55,107,3,1,7,1,7,1,7,1
55,108,5,1,2,1,2,1,2,1
55,113,2,1,2,1,,,,
55,123,9,1,9,1,12,1,13,1
55,124,19,1,17,1,14,1,17,1
55,125,15,1,20,1,19,1,16,1
55,126,3,1,4,1,4,1,3,1
56,9,6,1,5,1,5,1,2,1
56,13,5,1,5,1,6,1,3,1
56,14,2,1,2,1,2,1,2,1
56,26,3,1,3,1,3,1,2,1
56,35,8,1,8,1,7,1,6,1
56,36,,,,,1,1,1,1
56,37,1,1,1,1,,,,
56,38,5,1,5,1,5,1,5,1
56,39,2,1,2,1,2,1,2,1
56,57,2,1,2,1,2,1,2,1
56,59,2,1,2,1,2,1,,
56,66,6.5,1,6.5,1,5,1,5,1
56,68,,,,,1,1,1,1
56,76,6,1,6,1,2,1,2,1
56,85,5,1,5,1,,,,
56,90,5,1,4,1,4,1,4,1
56,91,2,1,2,1,1,1,1,1
56,98,1,1,1,1,1,1,1,1
56,102,5,1,5,1,5,1,5,1
56,106,2,1,2,1,4,1,3,1
56,107,5,1,5,1,5,1,5,1
56,110,1,1,1,1,1,1,1,1
56,117,2,1,2,1,2,1,3,1
56,118,3,1,3,1,5,1,2,1
56,123,8,1,8,1,8,1,11,1
56,124,11,1,8,1,8,1,8,1
57,12,2,1,2,1,2,1,1,1
57,14,2,1,2,1,2,1,2,1
57,22,4,1,4,1,4,1,3,1
57,38,4,1,4,1,4,1,4,1
57,39,4,1,4,1,5,1,5,1
57,54,1,1,1,1,1,1,1,1
57,56,1,1,1,1,,,,
57,58,,,,,,,2,1
57,67,4,1,4,1,4,1,3,1
57,68,3,1,3,1,2,1,2,1
57,85,,,,,4,1,4,1
57,90,2,1,2,1,2,1,2,1
57,95,2,1,2,1,2,1,2,1
57,96,1,1,1,1,,,,
57,101,1,1,1,1,1,1,1,1
57,103,1,1,4,1,3,1,3,1
57,104,,,1,1,,,1,1
57,106,,,,,1,1,1,1
57,109,4,1,5,1,3,1,3,1
57,116,6,1,5,1,5,1,4,1
57,123,7,1,7,1,9,1,9,1
57,124,7,1,6,1,6,1,2,1
58,9,1,1,1,1,,,,
58,12,4,1,3,1,2,1,3,1
58,36,3,1,3,1,1,1,3,1
58,37,,,6,1,5,1,5,1
58,38,2,1,,,2,1,2,1
58,47,2,1,1,1,1,1,1,1
58,48,3,1,3,1,3,1,3,1
58,51,,,2,1,2,1,2,1
58,53,1,1,,,1,1,,
58,55,2,1,2,1,2,1,1,1
58,56,,,,,1,1,1,1
58,57,3,1,1,1,2,1,2,1
58,58,3,1,3,1,3,1,4,1
58,62,1,1,1,1,1,1,1,1
58,67,1,1,1,1,1,1,1,1
58,74,2,1,3,1,5,1,7,1
58,75,2,1,2,1,2,1,2,1
58,87,2,1,2,1,2,1,2,1
58,88,2,1,2,1,2,1,2,1
58,100,4,1,4,1,3,1,3,1
58,115,2,1,2,1,,,,
58,116,1,1,1,1,3,1,2,1
58,123,8,1,14,1,7,1,15,1
58,125,10,1,12,1,13,1,9,1
59,36,9,1,9,1,3,1,13,1
59,37,5,1,5,1,,,5,1
59,38,4,1,3,1,1.5,1,2,1
59,39,1,1,1,1,2,1,2,1
59,40,2,1,2,1,,,,
59,41,4,1,4,1,2,1,2,1
59,55,,,,,2,1,4,1
59,56,6,1,6,1,2,1,2,1
59,57,2,1,3.5,1,3.5,1,3.5,1
59,59,6,1,8,1,10,1,8,1
59,60,7,1,7,1,7,1,7,1
59,66,3,1,2,1,3,1,6,1
59,67,10,1,11,1,11,1,8,1
59,73,2,1,1,1,1,1,1,1
59,74,12,1,9,1,7,1,7,1
59,87,3,1,3,1,3,1,3,1
59,88,6,1,6,1,6,1,5,1
59,91,6,1,7,1,,,,
59,94,,,,,2,1,2,1
59,95,3,1,3,1,3,1,3,1
59,98,2,1,2,1,2,1,,
59,115,2,1,2,1,1,1,1,1
59,120,5,1,5,1,5,1,5,1
59,121,2,1,2,1,2,1,2,1
59,123,9,1,9,1,9,1,8,1
59,124,3,1,4,1,4,1,3,1
59,125,1,1,1,1,,,,
59,126,4,1,3,1,2,1,2,1
59,127,8,1,7,1,5,1,3,1
60,3,4,1,1,1,,,,
60,4,4,1,,,,,4,1
60,5,,,4,1,,,,
60,16,,,4,1,,,5,1
60,35,3,1,3,1,3,1,3,1
60,36,11,1,8,1,7,1,7,1
60,37,15,1,17,1,15,1,15,1
60,57,3,1,3,1,1,1,1,1
60,58,3,1,3,1,4,1,3,1
60,59,5,1,5,1,5,1,1,1
60,61,1,1,2,1,2,1,2,1
60,66,17,1,18,1,14,1,14,1
60,67,5,1,5,1,5,1,4,1
60,69,6,1,6,1,4,1,7,1
60,70,2,1,2,1,2,1,2,1
60,74,3,1,1,1,2,1,2,1
60,75,,,1,1,1,1,1,1
60,77,2,1,2,1,2,1,2,1
60,78,,,,,,,2,1
60,87,1,1,1,1,,,,
60,91,,,,,7,1,6,1
60,98,9,1,11,1,11,1,10,1
60,99,3,1,3,1,5,1,3,1
60,103,1,1,1,1,1,1,,
60,106,5,1,5,1,5,1,7,1
60,114,,,,,,,1,1
60,118,6,1,6,1,4,1,1,1
60,121,6,1,6,1,5,1,4,1
60,122,2,1,2,1,3,1,3,1
60,123,3,1,3,1,3,1,3,1
61,9,1,1,,,,,1,1
61,35,,,,,4,1,,
61,36,5,1,5,1,5,1,4,1
61,38,,,,,1,1,,
61,44,4,1,5,1,6,1,7,1
61,45,2,1,1,1,1,1,2,1
61,47,4,1,4,1,4,1,5,1
61,48,3,1,3,1,6,1,,
61,53,1,1,1,1,1,1,1,1
61,57,1,1,1,1,1,1,1,1
61,58,3,1,3,1,3,1,3,1
61,60,2,1,2,1,2,1,2,1
61,61,2,1,2,1,3,1,3,1
61,68,5,1,3,1,3,1,4,1
61,75,3,1,3,1,5,1,5,1
61,76,4,1,4,1,2,1,2,1
61,79,1,1,1,1,1,1,1,1
61,80,2,1,1,1,,,,
61,86,2,1,2,1,2,1,2,1
61,92,1,1,1,1,1,1,1,1
61,104,4,1,3,1,3,1,3,1
61,106,3,1,6,1,6.5,1,5,1
61,107,8,1,8,1,8,1,8,1
61,113,4,1,4,1,3,1,3,1
61,117,2,1,2,1,2,1,2,1
61,118,,,,,2,1,2,1
61,122,11,1,10,1,12.5,1,9,1
61,123,3,1,3,1,3,1,3,1
61,124,10,1,12,1,12,1,4,1
61,126,3,1,2.5,1,3,1,3,1
62,7,2,1,2,1,2,1,2,1
62,8,5,1,8,1,7,1,6,1
62,9,2,1,2,1,2,1,2,1
62,28,4,1,4,1,4,1,4,1
62,29,1,1,,,2,1,,
62,30,5,1,4,1,,,2,1
62,35,4,1,4,1,3,1,3,1
62,36,10,1,10,1,14,1,15,1
62,37,23,1,23,1,26.5,0,27,0
62,38,6,1,10,1,8,1,9,1
62,43,17,1,15,1,12,1,16,1
62,44,16,1,17,1,16,1,31,1
62,45,15,1,10,1,11,1,9,1
62,46,4,1,3,1,3,1,5,1
62,47,9,1,9,1,10,1,10,1
62,58,17,1,17,1,21,1,22,1
62,59,3,1,2,1,1,1,3,1
62,60,3,1,3,1,3,1,2,1
62,65,3,1,2,1,2,1,1,1
62,75,3,1,2,1,2,1,3,1
62,96,2,1,3,1,4,1,3,1
62,102,6,1,6,1,4,1,8,1
62,103,2,1,2,1,2,1,2,1
62,105,4,1,4,1,4,1,4,1
62,106,7,1,12,1,8,1,9,1
62,107,,,2,1,2,1,2,1
62,108,5,1,5,1,6,1,6,1
62,111,2,1,2,1,2,1,,
62,112,11,1,11,1,8,1,9,1
62,113,11,1,10,1,9,1,7,1
62,118,15,1,15,1,17,1,17,1
62,119,7,1,5,1,2.5,1,3.5,1
62,122,4,1,4,1,,,,
62,125,4,1,4,1,3,1,3,1
62,126,5,1,5,1,5,1,4,1
63,3,1,1,,,,,3,1
63,30,4,1,3.5,1,4,1,4.5,1
63,34,2,1,2,1,2,1,2,1
63,35,5,1,3,1,2,1,4,1
63,36,9,1,9,1,10,1,10,1
63,37,9,1,9,1,6,1,11,1
63,42,3,1,2,1,2,1,1,1
63,45,3,1,4,1,3,1,3,1
63,46,1,1,1,1,1,1,1,1
63,47,9,1,9,1,11,1,12,1
63,48,3,1,2,1,2,1,3,1
63,57,5,1,5,1,1,1,1,1
63,58,12,1,15,1,11,1,6,1
63,61,,,,,,,4,1
63,62,8,1,9,1,9,1,11,1
63,64,2,1,2,1,2,1,1,1
63,87,,,,,,,2,1
63,89,2,1,2,1,2,1,2,1
63,102,6,1,4,1,3,1,3,1
63,103,2,1,2,1,1,1,1,1
63,104,5,1,5,1,5,1,5,1
63,105,10,1,10,1,11,1,11,1
63,108,8,1,8,1,8,1,8,1
63,111,3,1,3,1,1,1,7,1
63,112,8,1,8,1,8,1,9,1
63,121,4,1,3,1,3,1,1,1
63,122,15,1,9,1,10,1,9,1
64,1,4,1,4,1,4,1,4,1
64,19,4,1,4,1,5,1,5,1
64,37,,,,,2,1,3,1
64,38,2,1,2,1,2,1,3,1
64,39,1,1,7,1,8,1,9,1
64,45,6,1,6,1,6,1,6,1
64,47,3,1,,,1,1,1,1
64,57,,,,,4,1,2,1
64,58,,,,,4,1,4,1
64,59,2,1,2,1,4,1,4,1
64,60,1,1,1,1,1,1,1,1
64,62,3,1,3,1,3,1,3,1
64,63,5,1,5,1,6,1,6,1
64,64,2,1,,,,,,
64,71,6,1,4,1,4,1,4,1
64,77,3,1,4,1,4,1,4,1
64,87,2,1,2,1,2,1,2,1
64,100,2,1,2,1,2,1,2,1
64,101,3,1,2,1,2,1,4,1
64,102,5,1,6,1,6,1,6,1
64,108,2,1,2,1,2,1,2,1
64,111,7,1,6,1,5,1,5,1
64,112,2,1,2,1,2,1,2,1
64,122,8,1,8,1,7,1,7,1
65,4,2,1,2,1,2,1,2,1
65,27,1,1,1,1,1,1,,
65,38,3,1,2,1,2,1,2,1
65,41,1,1,1,1,1,1,1,1
65,45,1,1,1,1,1,1,1,1
65,57,1,1,1,1,2,1,3,1
65,58,7,1,6,1,2,1,2,1
65,62,2,1,2,1,1,1,2,1
65,63,3,1,3,1,3,1,3,1
65,73,2.5,1,2,1,,,1,1
65,79,1,1,1,1,3,1,3,1
65,97,,,,,2,1,1,1
65,98,15,1,14,1,11,1,10,1
65,99,7.5,1,5,1,7,1,5,1
65,100,7,1,5,1,12,1,8,1
65,101,5,1,1,1,,,,
65,106,1,1,2,1,2,1,2,1
65,108,4,1,9,1,7,1,7,1
65,111,,,1,1,3,1,1,1
65,114,3,1,3,1,3,1,3,1
65,115,6,1,6,1,5,1,5,1
65,116,2,1,2,1,2,1,2,1
65,120,,,,,1,1,1,1
65,121,6,1,6,1,3,1,3,1
65,123,5,1,3,1,3,1,4,1
66,4,3,1,3,1,3,1,3,1
66,19,2,1,1,1,2,1,2,1
66,26,4,1,1.5,1,1,1,1,1
66,56,2,1,,,,,,
66,57,8,1,8,1,9,1,7,1
66,58,2,1,1,1,3,1,2,1
66,59,,,,,,,2,1
66,63,3,1,3,1,3,1,3,1
66,65,2,1,2,1,3,1,2,1
66,67,4,1,3,1,4,1,3,1
66,74,4,1,4,1,5,1,7,1
66,75,7,1,6,1,2,1,2,1
66,76,,,,,4,1,4,1
66,78,4,1,3,1,3,1,3,1
66,79,1,1,,,,,,
66,88,2,1,2,1,2,1,2,1
66,95,,,1,1,,,1,1
66,97,9.5,1,10,1,10,1,10,1
66,100,,,1,1,1,1,1,1
66,107,4,1,4,1,4,1,4,1
66,108,4,1,4,1,9,1,9,1
66,109,2,1,2,1,2,1,2,1
66,111,1,1,1,1,1,1,1,1
66,114,5,1,5,1,3,1,1,1
66,115,2,1,1,1,2,1,2,1
66,117,17,1,13,1,15,1,18,1
66,120,3,1,3,1,3,1,3,1
66,123,,,,,2,1,2,1
67,23,3,1,3,1,,,,
67,24,,,,,3,1,3,1
67,27,5,1,5,1,5,1,4,1
67,37,2,1,2,1,2,1,2,1
67,44,3,1,1.5,1,1.5,1,1,1
67,49,3,1,3,1,3,1,3,1
67,50,4,1,4,1,4,1,4,1
67,56,1,1,1,1,1,1,1,1
67,58,3,1,3,1,3,1,4.5,1
67,71,3,1,3,1,2,1,3,1
67,75,17,1,19,1,14,1,11.5,1
67,97,3,1,2,1,2,1,2,1
67,98,,,,,,,1,1
67,106,,,3.5,1,,,1,1
67,107,1,1,1,1,1,1,,
67,108,,,3,1,,,2,1
67,111,9,1,10,1,9,1,9,1
67,112,4,1,4,1,4,1,3,1
67,116,12,1,13,1,14,1,13,1
67,117,3,1,3,1,3,1,4,1
67,120,5,1,5,1,5,1,5,1
67,121,1,1,1,1,1,1,1,1
68,24,2,1,2,1,2,1,2,1
68,31,2,1,2,1,2,1,3,1
68,37,5,1,5,1,5,1,5,1
68,55,2,1,2,1,2,1,2,1
68,62,5,1,5,1,5,1,3,1
68,63,1,1,1,1,1,1,1,1
68,68,1,1,3,1,1,1,2,1
68,74,2,1,2,1,,,,
68,75,6,1,6,1,4,1,4,1
68,76,6,1,6,1,6,1,6,1
68,79,7,1,3,1,,,3,1
68,85,2,1,2,1,2,1,2,1
68,93,9,1,11,1,10,1,11,1
68,94,,,,,1,1,2,1
68,101,2,1,2,1,2,1,2,1
68,102,5,1,5,1,6,1,3,1
68,104,2,1,2,1,2,1,2,1
68,110,9,1,7,1,10,1,9,1
68,111,27,0,28,0,23,0,26,0
68,112,29,0,27,1,24,1,22,1
68,114,2,1,2,1,2,1,1,1
68,115,12,1,12,1,12,1,13,1
68,116,6,1,8,1,6,1,6,1
68,119,1,1,1,1,1,1,1,1
68,121,2,1,3,1,4,1,2,1
69,31,2,1,2,1,3,1,3,1
69,37,2,1,2,1,2,1,2,1
69,38,4,1,4,1,4,1,4,1
69,39,6,1,10,1,13,1,13,1
69,54,3,1,3,1,3,1,3,1
69,60,,,6,1,6,1,6,1
69,66,,,,,2,1,2,1
69,74,,,,,2,1,2,1
69,93,4,1,4,1,3,1,3,1
69,102,3,1,3,1,3,1,1.5,1
69,106,1,1,1,1,1,1,1,1
69,108,1,1,1,1,,,,
69,109,1,1,1,1,2,1,2,1
69,110,6,1,5,1,4,1,4,1
69,111,1,1,6.5,1,8.5,1,6,1
69,112,13,1,11,1,12,1,23,0
69,113,13,1,14,1,18,1,19,1
69,115,4,1,4,1,2,1,2,1
69,118,9,1,9,1,7,1,6.5,1
69,119,2,1,2,1,2,1,2,1
69,122,2,1,3,1,3,1,2,1
69,124,,,,,2,1,2,1
70,5,2,1,2,1,2,1,2,1
70,24,,,,,,,4,1
70,26,,,,,,,1,1
70,30,5,1,5,1,4,1,3,1
70,31,4,1,4,1,3,1,3,1
70,38,2,1,3,1,2,1,2,1
70,39,5,1,3,1,2,1,2,1
70,40,5,1,5,1,9,1,9,1
70,41,5,1,5,1,9,1,10,1
70,42,4,1,2,1,10,1,10,1
70,43,3,1,3,1,3,1,3,1
70,45,2,1,2,1,2,1,2,1
70,53,,,,,2,1,1,1
70,57,2,1,2,1,2,1,2,1
70,60,,,2,1,,,,
70,76,4,1,4,1,4,1,4,1
70,78,3,1,2,1,2,1,2,1
70,79,5,1,6,1,5,1,5,1
70,81,4,1,6,1,6,1,8,1
70,86,1,1,1,1,,,,
70,91,2,1,2,1,2,1,2,1
70,97,1,1,1,1,1,1,1,1
70,98,2,1,2,1,2,1,2,1
70,103,2,1,2,1,2,1,2,1
70,104,2,1,2,1,2,1,2,1
70,106,2,1,2,1,2,1,4,1
70,108,3,1,2,1,2,1,2,1
70,112,10,1,9.5,1,8,1,11,1
70,113,8,1,8,1,5,1,9,1
70,115,2,1,7,1,6.5,1,9.5,1
70,116,,,,,4,1,5,1
70,118,6,1,6,1,6,1,6,1
70,119,17,1,16,1,14,1,8,1
70,120,2,1,2,1,2,1,2,1
70,121,3,1,3,1,3,1,3,1
70,124,2,1,2,1,,,,
70,125,5,1,5,1,5,1,5,1
71,25,2,1,3,1,3,1,3,1
71,27,8,1,8,1,7,1,3,1
71,28,3,1,3,1,3,1,3,1
71,29,3,1,4,1,4,1,3,1
71,31,5,1,5,1,,,,
71,32,3,1,3,1,2,1,1,1
71,38,2,1,1,1,1,1,1,1
71,39,6,1,3,1,2,1,2,1
71,41,8,1,6,1,4,1,4,1
71,42,12,1,12,1,6,1,5,1
71,43,4,1,4,1,3,1,4,1
71,53,1,1,1,1,1,1,1,1
71,56,3,1,3,1,3,1,3,1
71,57,4,1,4,1,4,1,4,1
71,58,1,1,1,1,1,1,1,1
71,59,,,,,1,1,1,1
71,68,4,1,4,1,3,1,3,1
71,74,4,1,2,1,3,1,3,1
71,76,4,1,5,1,3,1,6,1
71,77,,,,,1,1,2,1
71,78,4,1,4,1,4,1,4,1
71,79,,,,,1,1,1,1
71,81,1,1,1,1,1,1,2,1
71,85,4,1,4,1,4,1,4,1
71,89,7,1,7,1,8,1,8,1
71,91,1,1,1,1,1,1,1,1
71,97,8,1,8,1,23,1,21,1
71,98,7,1,7,1,1,1,,
71,102,4,1,4,1,4,1,4,1
71,107,5,1,5,1,5,1,3,1
71,111,,,,,,,2,1
71,112,7,1,7,1,8,1,10,1
71,113,14,1,12,1,7,1,10,1
71,114,,,,,,,1,1
71,115,1,1,1,1,1,1,1,1
71,116,2,1,,,,,,
71,118,21,1,25,1,25,1,24,1
71,123,2,1,2,1,2,1,2,1
71,125,4,1,4,1,4,1,4,1
72,1,,,,,2,1,2,1
72,3,2,1,1,1,1,1,1,1
72,4,,,3,1,3,1,3,1
72,25,2,1,2,1,2,1,,
72,29,9,1,9,1,10,1,9,1
72,31,3,1,3,1,3.5,1,5.5,1
72,38,3,1,2,1,2,1,2,1
72,39,,,1,1,1,1,1,1
72,41,2,1,2,1,,,,
72,59,2,1,2,1,2,1,1,1
72,79,2,1,2,1,2,1,2,1
72,84,1,1,1,1,1,1,1,1
72,97,12,1,12,1,8,1,8,1
72,110,2,1,1,1,,,,
72,113,4,1,4,1,4,1,2,1
72,114,1,1,1,1,,,,
72,115,4,1,4,1,4,1,4,1
72,116,,,2,1,2,1,2,1
72,117,7,1,6,1,6,1,1,1
72,118,5.5,1,4.5,1,4.5,1,5,1
72,119,2,1,2,1,2,1,2,1
72,121,4,1,4,1,,,,
72,122,,,,,4,1,4,1
72,123,2,1,6,1,6,1,6,1
72,124,,,,,,,4,1
73,23,10,1,10,1,9,1,8,1
73,30,14,1,13,1,11,1,8,1
73,31,37,0,44,0,36,0,38,0
73,39,5,1,9,1,9,1,6,1
73,40,4,1,4,1,6,1,4,1
73,41,6,1,6,1,7,1,4,1
73,77,5,1,5,1,5,1,5,1
73,78,2,1,2,1,2,1,2,1
73,84,3,1,3,1,3,1,3,1
73,100,7,1,9,1,7,1,7,1
73,101,8,1,3,1,5,1,4,1
73,102,,,,,,,2,1
73,103,5,1,4,1,5,1,4,1
73,104,1,1,1,1,1,1,1,1
73,105,1,1,1,1,1,1,1,1
73,115,4,1,4,1,7,1,6,1
73,116,5,1,5,1,,,5,1
73,117,13,1,16,1,14,1,18.5,1
73,118,4,1,7,1,8,1,8,1
73,119,4,1,6,1,6,1,6,1
73,120,6,1,6,1,9,1,9,1
74,4,1,1,,,,,,
74,24,3,1,3,1,3,1,2,1
74,30,9,1,9,1,10,1,9,1
74,31,3,1,3,1,3,1,2,1
74,32,1,1,1,1,1,1,1,1
74,37,7,1,8,1,4,1,5,1
74,38,4,1,4,1,4,1,4,1
74,39,2,1,2,1,3,1,4,1
74,40,7,1,6,1,2,1,4,1
74,50,,,,,1,1,2,1
74,65,2,1,2,1,2,1,2,1
74,77,16,1,13,1,14.5,1,13,1
74,86,7,1,7,1,7,1,10.5,1
74,96,2,1,3,1,4,1,6,1
74,101,10,1,10,1,11,1,8,1
74,102,3,1,3,1,3,1,3,1
74,103,2,1,2,1,2,1,2,1
74,104,,,,,,,3,1
74,105,12,1,14,1,16,1,16,1
74,116,9,1,4,1,1,1,1,1
74,117,18,1,19,1,26,1,29.5,1
74,118,5,1,5,1,5,1,5,1
74,119,,,,,2,1,2,1
74,120,4,1,3,1,,,,
74,123,3,1,3,1,5,1,5,1
74,124,7,1,5,1,1,1,1,1
74,125,,,,,4,1,3,1
75,5,6,1,6,1,6,1,6,1
75,6,2,1,3,1,4,1,2,1
75,7,,,,,1,1,3,1
75,23,3,1,3,1,2,1,2,1
75,29,29,1,29,1,24,1,24,1
75,30,8,1,8,1,10.5,1,9,1
75,36,2,1,3,1,2,1,,
75,37,13,1,17,1,20,1,9,1
75,38,2,1,2,1,5,1,7,1
75,45,3,1,2,1,2,1,2,1
75,50,1,1,1,1,,,,
75,56,6,1,6,1,6,1,6,1
75,76,3,1,4,1,4,1,4,1
75,82,3,1,2,1,2,1,2,1
75,92,3,1,3,1,3,1,4,1
75,93,3,1,3,1,3,1,3,1
75,97,2,1,2,1,2,1,2,1
75,101,9,1,8,1,11,1,13,1
75,102,1,1,4,1,8,1,8,1
75,103,15,1,17,1,8,1,11,1
75,104,5,1,6,1,7,1,9,1
75,105,26.5,1,27.5,1,21.5,1,25,1
75,106,,,,,3,1,3,1
75,108,1,1,6,1,3,1,2,1
75,109,1,1,,,,,,
75,115,2,1,2,1,2,1,2,1
75,116,24,0,23,0,21,1,24,0
75,117,43,0,45,0,39,0,33,0
75,118,,,4,1,1,1,1,1
75,123,2,1,4,1,2,1,2,1
75,124,2,1,2,1,2,1,2,1
75,125,3,1,4,1,4,1,4,1
75,126,5,1,5,1,4,1,4,1
75,127,1,1,1,1,1,1,1,1
76,7,6,1,4,1,3,1,2,1
76,24,2,1,2,1,2,1,2,1
76,25,,,2,1,2,1,1,1
76,29,18.5,1,22,1,18,1,21,1
76,38,5,1,5,1,5,1,5,1
76,46,5,1,5,1,5,1,5,1
76,49,3,1,4,1,4,1,3,1
76,58,3,1,4,1,3,1,2,1
76,75,5,1,5,1,5,1,6,1
76,85,4,1,5,1,6,1,5,1
76,86,11,1,11,1,12,1,11,1
76,98,2,1,2,1,2,1,2,1
76,100,2,1,1,1,1,1,1,1
76,101,3,1,2,1,2,1,2,1
76,102,2,1,2,1,2,1,2,1
76,103,3,1,4,1,3,1,3,1
76,105,4,1,6,1,3,1,6,1
76,106,21,1,23,1,20,1,23,1
76,107,,,1,1,1,1,1,1
76,108,3,1,3,1,3,1,3,1
76,109,10,1,10,1,5,1,6,1
76,114,10,1,10,1,10,1,5,1
76,115,20,1,24.5,0,18,1,16,1
76,116,81,0,98.5,0,94.5,0,93.5,0
76,117,8,1,8,1,27.5,0,23.5,1
76,120,5,1,6,1,6,1,5,1
76,125,2,1,2,1,2,1,2,1
76,127,5,1,6,1,5,1,2,1
77,24,1,1,1,1,1,1,1,1
77,25,4,1,3,1,3.5,1,2.5,1
77,26,21,1,25.5,1,23.5,1,38.5,1
77,27,5,1,4,1,4,1,4,1
77,57,2,1,2,1,,,1,1
77,66,4,1,4,1,4,1,4,1
77,67,4,1,4,1,4,1,4,1
77,68,3,1,2,1,2,1,2,1
77,73,2,1,2,1,2,1,4,1
77,75,4,1,4,1,4,1,7,1
77,84,,,,,6,1,6,1
77,85,5,1,5,1,5,1,5,1
77,86,16,1,17,1,18,1,19,1
77,87,2,1,2,1,2,1,2,1
77,88,1,1,1,1,1,1,1,1
77,89,9,1,9,1,10,1,11,1
77,90,3,1,3,1,5,1,5,1
77,100,4,1,4,1,4,1,4,1
77,105,3,1,3,1,2,1,3,1
77,108,8,1,8,1,8,1,7,1
77,115,41,0,44,0,47,0,37,0
77,116,23,1,23,1,23,1,26,0
77,117,45,0,56,0,59,0,56,0
77,118,9,1,11,1,11,1,10.5,1
77,119,3,1,,,1,1,1,1
77,120,2,1,2,1,2,1,2,1
77,121,5,1,5,1,5,1,5,1
77,127,1,1,,,3,1,3,1
78,21,2,1,2,1,2,1,2,1
78,22,2,1,2,1,2,1,2,1
78,24,10,1,13.5,1,17,1,20,1
78,26,7,1,6,1,4,1,4,1
78,27,10,1,12,1,15,1,12,1
78,51,6,1,6,1,6,1,6,1
78,55,4,1,4,1,4,1,4,1
78,57,5,1,4,1,3,1,3,1
78,64,2,1,,,3,1,3,1
78,65,7,1,11,1,7,1,6,1
78,72,4,1,4,1,4,1,5,1
78,73,2,1,2,1,2,1,,
78,74,5,1,4,1,3,1,3,1
78,76,2,1,2,1,2,1,2,1
78,78,3,1,2,1,,,1,1
78,84,4,1,3,1,,,,
78,85,3,1,3,1,6,1,9,1
78,86,13,1,14,1,13,1,12,1
78,88,4,1,4,1,3,1,3,1
78,89,3,1,2,1,1,1,3,1
78,90,4,1,4,1,4,1,2,1
78,95,4,1,4,1,3,1,3,1
78,100,2,1,2,1,4,1,4,1
78,103,2,1,1,1,1,1,,
78,106,3,1,2,1,2,1,,
78,107,4,1,4,1,3,1,4,1
78,115,4,1,4,1,4,1,4,1
78,117,2,1,3,1,2,1,2,1
78,121,7,1,13,1,15,1,15,1
78,122,14,1,14,1,11,1,11,1
78,127,2,1,2,1,2,1,4,1
79,22,3.5,1,3.5,1,4.5,1,5,1
79,23,9,1,9,1,14,1,8,1
79,24,5,1,5,1,4,1,3,1
79,25,23,1,14,1,22,1,15.5,1
79,26,3,1,2,1,2,1,2,1
79,50,5,1,6,1,2,1,1,1
79,51,,,,,4,1,4,1
79,62,1,1,,,2,1,2,1
79,63,7,1,7,1,7,1,7,1
79,64,1,1,1,1,1,1,5,1
79,73,8,1,6,1,6,1,6,1
79,81,2,1,2,1,2,1,2,1
79,84,9,1,9,1,7,1,7,1
79,85,,,,,2,1,2,1
79,86,6,1,4,1,4,1,4,1
79,87,1,1,,,2,1,3,1
79,91,2,1,2,1,,,,
79,92,4,1,4,1,3,1,3,1
79,100,15,1,15,1,10,1,5,1
79,101,22,1,23,1,27,0,24,0
79,102,11.5,1,11.5,1,13,1,15,1
79,103,7,1,7,1,7,1,7,1
79,110,,,2,1,2,1,2,1
79,116,2,1,2,1,2,1,2,1
79,118,6,1,11,1,10,1,10,1
79,119,2,1,7,1,7,1,6,1
79,121,4,1,4,1,4,1,4,1
79,122,4,1,4,1,4,1,2,1
79,123,3,1,5,1,5,1,5,1
79,125,2,1,2,1,1,1,1,1
79,127,11,1,15,1,16,1,13,1
80,1,5,1,5,1,5,1,2,1
80,21,9,1,8,1,7,1,7,1
80,22,5,1,8,1,7,1,7,1
80,23,10,1,10,1,9,1,10,1
80,25,1,1,1,1,1,1,,
80,51,3,1,3,1,3,1,2,1
80,61,6,1,12,1,6,1,6,1
80,62,,,,,,,7,1
80,71,2,1,2,1,2,1,2,1
80,72,2,1,3,1,,,3,1
80,80,8,1,6,1,7,1,7,1
80,84,4,1,4,1,,,,
80,85,6,1,6,1,4,1,5,1
80,86,,,,,3,1,3,1
80,87,22,1,17,1,16,1,21,1
80,91,,,,,2,1,2,1
80,92,4,1,4,1,4,1,4,1
80,95,10,1,10,1,12,1,12,1
80,101,8,1,6,1,3,1,6,1
80,102,8,1,7,1,6,1,6,1
80,103,6,1,1,1,1,1,6,1
80,106,1,1,1,1,,,,
80,114,8,1,2,1,7,1,4,1
80,117,5,1,4,1,4,1,4,1
80,118,5,1,5,1,4,1,6,1
80,120,3,1,3,1,3,1,3,1
80,125,3,1,3,1,3,1,3,1
80,126,1,1,1,1,2,1,3,1
80,127,3,1,3,1,3,1,3,1
81,1,4,1,3,1,3,1,,
81,23,13,1,13,1,9,1,8,1
81,31,4,1,4,1,5,1,5,1
81,32,2,1,2,1,2,1,2,1
81,54,2,1,2,1,2,1,2,1
81,55,1,1,1,1,1,1,,
81,60,1,1,1,1,1,1,1,1
81,66,2,1,2,1,2,1,2,1
81,70,1,1,1,1,1,1,1,1
81,71,8,1,13,1,10,1,8,1
81,72,5,1,5,1,5,1,5,1
81,73,2,1,2,1,1,1,1,1
81,74,4,1,4,1,4,1,4,1
81,75,1,1,1,1,1,1,1,1
81,81,11,1,12,1,8,1,8,1
81,82,2,1,2,1,2,1,2,1
81,83,11,1,11,1,16,1,14,1
81,84,4,1,4,1,3,1,3,1
81,86,,,,,,,3,1
81,87,14,1,15,1,14,1,13,1
81,88,1,1,1,1,1,1,1,1
81,94,1,1,1,1,1,1,1,1
81,104,2,1,2,1,,,,
81,105,,,,,2,1,,
81,107,3,1,8,1,8,1,10,1
81,111,6,1,6,1,6,1,6,1
81,113,3,1,3.5,1,3,1,4,1
81,114,11,1,11,1,9,1,10,1
81,117,2,1,2,1,2,1,2,1
81,118,,,,,4,1,4,1
81,126,3,1,6,1,5,1,4,1
82,13,6,1,5,1,4,1,3,1
82,21,6,1,5,1,6,1,5,1
82,22,13,1,15,1,15,1,17,1
82,23,21,1,20,1,22,0,18,1
82,24,26,1,18,1,24,1,25,1
82,25,4,1,4,1,4,1,4,1
82,29,6,1,6,1,6,1,6,1
82,30,19,1,17,1,17,1,16,1
82,31,15,1,14,1,13.5,1,10,1
82,32,3,1,3,1,3,1,3,1
82,44,3,1,,,,,8,1
82,48,1,1,1,1,1,1,1,1
82,56,3,1,3,1,3,1,3,1
82,57,,,1,1,1,1,1,1
82,58,,,,,,,8,1
82,67,3,1,3,1,2,1,4,1
82,68,1,1,4,1,4,1,4,1
82,70,19,1,15,1,23,1,18,1
82,71,6,1,9,1,9,1,7,1
82,76,3,1,3,1,3,1,3,1
82,78,1,1,1,1,1,1,2,1
82,81,1,1,1,1,1,1,1,1
82,85,1,1,1,1,1,1,1,1
82,89,1,1,6,1,6,1,6,1
82,94,13,1,14,1,15,1,13,1
82,95,3,1,3,1,3,1,3,1
82,111,9,1,9,1,7,1,7,1
82,112,14,1,18.5,1,18,1,17,1
82,113,24,1,19,1,22,1,17,1
82,114,3,1,3,1,3,1,3,1
82,117,1,1,1,1,1,1,,
82,126,2,1,2,1,2,1,2,1
83,2,3,1,3,1,3,1,2,1
83,6,3,1,3,1,6,1,5,1
83,7,5,1,5,1,4,1,6,1
83,9,3,1,3,1,3,1,3,1
83,12,3,1,7,1,15,1,16,1
83,13,12,1,12,1,17,1,11.5,1
83,14,2,1,2,1,2,1,2,1
83,21,4,1,4,1,4,1,2,1
83,22,10,1,11,1,11,1,9,1
83,23,19.5,1,17.5,1,20.5,1,15,1
83,24,15,1,10,1,11,1,10,1
83,28,,,,,2,1,5,1
83,29,9,1,10,1,16,1,16,1
83,31,4,1,4,1,4,1,4,1
83,32,5,1,4,1,4,1,3,1
83,45,3,1,3,1,2,1,2,1
83,47,4,1,4,1,4,1,4,1
83,52,4,1,4,1,,,,
83,53,,,,,1,1,1,1
83,55,4,1,4,1,9,1,4.5,1
83,70,9,1,8,1,6,1,6,1
83,71,4,1,2,1,7,1,7,1
83,72,4,1,4,1,3,1,2,1
83,81,6,1,5,1,4,1,4,1
83,82,5,1,4,1,4,1,3,1
83,85,6,1,2,1,1,1,1,1
83,86,2,1,2,1,1,1,1,1
83,87,2,1,4,1,4,1,2,1
83,89,8,1,8,1,7,1,7,1
83,93,21,1,21,1,21,1,21,1
83,94,8,1,7,1,7,1,6,1
83,102,3,1,3,1,3,1,3,1
83,103,7,1,6,1,6,1,6,1
83,110,7,1,7,1,6,1,7,1
83,111,23,1,16,1,19,1,20,1
83,112,10,1,14,1,13,1,13,1
83,117,1,1,1,1,1,1,1,1
83,126,6,1,6,1,5,1,5,1
83,127,2,1,2,1,2,1,2,1
84,6,2,1,2,1,2,1,2,1
84,7,15,1,16,1,14,1,15.5,1
84,8,15,1,19,1,21,1,22,1
84,9,4,1,4,1,4,1,4,1
84,11,15,1,16,1,10,1,8.5,1
84,12,15,1,15,1,11,1,8.5,1
84,15,4,1,4,1,4,1,4,1
84,25,,,,,1,1,2,1
84,28,55,0,45.5,0,39.5,0,47.5,0
84,29,5,1,3,1,3,1,3,1
84,44,4,1,2,1,,,,
84,45,2,1,2,1,4,1,4,1
84,52,2,1,2,1,2,1,2,1
84,71,4,1,1,1,1,1,3,1
84,79,2,1,2,1,2,1,2,1
84,84,4,1,4,1,4,1,7,1
84,85,5,1,5,1,,,,
84,86,8,1,6,1,6,1,6,1
84,89,3,1,2,1,2,1,2,1
84,90,9,1,10,1,11,1,11,1
84,92,3,1,3,1,6,1,3,1
84,93,7,1,8,1,7,1,6,1
84,94,5,1,6,1,5,1,6.5,1
84,96,3,1,3,1,2,1,2,1
84,100,3,1,3,1,3,1,2,1
84,102,4,1,5,1,4,1,4,1
84,104,4,1,4,1,4,1,4,1
84,105,6,1,4,1,4,1,10,1
84,106,7,1,7,1,6,1,6,1
84,110,14,1,12,1,16,1,15,1
84,111,16,1,8,1,8,1,8,1
84,112,8,1,4,1,6,1,6,1
84,113,3,1,3,1,3,1,3,1
84,126,3,1,3,1,3,1,2,1
84,127,1,1,,,,,,
85,2,1,1,1,1,1,1,1,1
85,3,2,1,2,1,2,1,2,1
85,4,6,1,6,1,6,1,6,1
85,5,2,1,4,1,4,1,4,1
85,6,17,1,18,1,16,1,21,1
85,7,26,0,24.5,0,30,0,29.5,0
85,8,11,1,15,1,19,1,19,1
85,9,4,1,4,1,6,1,8,1
85,10,22,1,25.5,0,25,1,29,0
85,11,23,0,23,0,21,0,20,0
85,12,14,1,12,1,14,1,7,1
85,14,6,1,4,1,6,1,4,1
85,15,6,1,5,1,5,1,1,1
85,16,2,1,5,1,4,1,6,1
85,24,17,1,17,1,15,1,15,1
85,25,,,,,6,1,5,1
85,51,2,1,2,1,2,1,2,1
85,67,1,1,1,1,1,1,1,1
85,68,4,1,4,1,2,1,3,1
85,70,2,1,3,1,3,1,1,1
85,77,3,1,3,1,2,1,2,1
85,79,2,1,2,1,2,1,2,1
85,83,6,1,5,1,5,1,5,1
85,84,13,1,14,1,11,1,12,1
85,85,10,1,9,1,14,1,14,1
85,86,16,1,15,1,15,1,16,1
85,91,2,1,2,1,2,1,2,1
85,92,16,1,20,1,20,1,18,1
85,93,4,1,4,1,7,1,8,1
85,94,23,1,24,1,22,1,21,1
85,95,11,1,11,1,11,1,11,1
85,99,5,1,5,1,6,1,5,1
85,101,1,1,1,1,1,1,1,1
85,102,1,1,1,1,1,1,,
85,103,22,1,21,1,20,1,16,1
85,104,3,1,3,1,3,1,4,1
85,105,11,1,9,1,9,1,9,1
85,106,10,1,9,1,8,1,7,1
85,107,10,1,7,1,8,1,8,1
85,111,23,1,24,1,20,1,18,1
85,118,2,1,,,2,1,1,1
85,119,2,1,2,1,2,1,3,1
85,126,5,1,8,1,8,1,7,1
85,127,7,1,7,1,7,1,4,1
86,2,8,1,11,1,8.5,1,8.5,1
86,3,11,1,13,1,10,1,11,1
86,4,32,1,32,0,36,0,37,0
86,5,2,1,5,1,3,1,2,1
86,6,15,1,15,1,11,1,10,1
86,7,4,1,5,1,5,1,6,1
86,8,9,1,3,1,7,1,8.5,1
86,9,18,1,20,1,9,1,7,1
86,10,4,1,4,1,3,1,2,1
86,11,5,1,6,1,5,1,8,1
86,13,8.5,1,6.5,1,11.5,1,10,1
86,14,10,1,8,1,7,1,9,1
86,15,16,1,16,1,16,1,18.5,1
86,24,15,1,12,1,14,1,16,1
86,25,9,1,11.5,1,9.5,1,9.5,1
86,26,5,1,4,1,4,1,4,1
86,41,11,1,10,1,6,1,7,1
86,42,1,1,,,3,1,3,1
86,43,6,1,5,1,5,1,5,1
86,47,3,1,3,1,3,1,3,1
86,50,,,,,,,2,1
86,63,4,1,4,1,4,1,4,1
86,72,3,1,2,1,1,1,1,1
86,74,3,1,3,1,3,1,3,1
86,81,6,1,6,1,6,1,6,1
86,83,14,1,15,1,14,1,15,1
86,84,2,1,4,1,4,1,4,1
86,92,15,1,16,1,20,1,16,1
86,93,14,1,14,1,18,1,19,1
86,94,15.5,1,14.5,1,15.5,1,12.5,1
86,95,52,0,49,0,49,0,47.5,0
86,102,,,3,1,7,1,4,1
86,103,10,1,10,1,10,1,10,1
86,104,8,1,8,1,7,1,5,1
86,105,5,1,6,1,2,1,2,1
86,106,7,1,7,1,5,1,4,1
86,107,12,1,10,1,10,1,12,1
86,110,2,1,,,2,1,2,1
86,118,1,1,1,1,1,1,1,1
86,119,2,1,2,1,2,1,2,1
86,125,2,1,1,1,1,1,1,1
86,126,4,1,4,1,2,1,4,1
87,0,2,1,2,1,2,1,2,1
87,1,6,1,6,1,4,1,4,1
87,2,2,1,2,1,2,1,2,1
87,4,16,1,15.5,1,15.5,1,15.5,1
87,5,3,1,3,1,3,1,2,1
87,8,3,1,2,1,2,1,2,1
87,9,5,1,5,1,3,1,3,1
87,24,8,1,9,1,8,1,9,1
87,25,23,0,19,0,14.5,1,23.5,1
87,41,9,1,10,1,10,1,9,1
87,42,8,1,6,1,8,1,6,1
87,43,11.5,1,7,1,9,1,3,1
87,49,,,,,,,2,1
87,53,2,1,2,1,2,1,1,1
87,61,,,1,1,,,1,1
87,64,2,1,2,1,2,1,2,1
87,76,4,1,4,1,5,1,5,1
87,82,8.5,1,9,1,14,1,11,1
87,83,6,1,13,1,16,1,15,1
87,84,12,1,13,1,12,1,12,1
87,92,2,1,2,1,2,1,2,1
87,93,3,1,3,1,3,1,3,1
87,94,84.5,0,84,0,80.5,0,81.5,0
87,95,26,0,28.5,0,24,0,28.5,0
87,102,8,1,8,1,6,1,10,1
87,103,,,,,3,1,3,1
87,104,17,1,19,1,27,0,28,0
87,105,11,1,9,1,15,1,14,1
87,108,2,1,2,1,1,1,1,1
87,109,5,1,5,1,5,1,5,1
87,110,8,1,8,1,8,1,6,1
87,111,24,1,26,1,24,1,22,1
87,112,13,1,10,1,10,1,8,1
87,118,2,1,1,1,1,1,1,1
87,124,3,1,3,1,3,1,9,1
88,3,4,1,4,1,4,1,4,1
88,4,10,1,10,1,19.5,1,18.5,1
88,5,2,1,2,1,3,1,2,1
88,6,7,1,10,1,6,1,4,1
88,10,,,,,,,4,1
88,24,13,1,14,1,14,1,12,1
88,25,2,1,3,1,3,1,2,1
88,42,1,1,1,1,3,1,,
88,43,2,1,5,1,2,1,1,1
88,51,2,1,1,1,1,1,1,1
88,66,5,1,5,1,4,1,3,1
88,69,5,1,5,1,5,1,4,1
88,71,3,1,3,1,3,1,3,1
88,73,2,1,2,1,2,1,2,1
88,74,1,1,1,1,1,1,,
88,75,14,1,13,1,12,1,11,1
88,80,3,1,2,1,2,1,2,1
88,81,2,1,3,1,1.5,1,1,1
88,83,5,1,5,1,1,1,,
88,84,13.5,1,14.5,1,12,1,14,1
88,85,32,0,36,0,34,0,36,0
88,86,6,1,6,1,5,1,5,1
88,87,2,1,2,1,2,1,2,1
88,90,9,1,8,1,9,1,14,1
88,92,1,1,1,1,,,,
88,94,11,1,10,1,9.5,1,9.5,1
88,95,22,0,24,0,22,0,28,0
88,96,7,1,7,1,11,1,11,1
88,100,6,1,6,1,5,1,5,1
88,102,3,1,3,1,3,1,3,1
88,103,9,1,8.5,1,8,1,10,1
88,104,4,1,4,1,4,1,2,1
88,105,20,1,17,1,16,1,15,1
88,108,2.5,1,2.5,1,2.5,1,,
88,109,3,1,3,1,3,1,3,1
88,112,9,1,8,1,7,1,7,1
88,119,2,1,2,1,2,1,2,1
88,120,6,1,5,1,4,1,6,1
88,123,3,1,3,1,1,1,2,1
88,124,2,1,2,1,2,1,2,1
89,2,4,1,5,1,2,1,1,1
89,3,1,1,1,1,1,1,1,1
89,4,16,1,13,1,12,1,12,1
89,6,19,1,23,0,20.5,1,14.5,1
89,7,7,1,7,1,7,1,5,1
89,8,8,1,8,1,6,1,6,1
89,9,11,1,9,1,9,1,9.5,1
89,24,4,1,4,1,8,1,8,1
89,25,8,1,7,1,1,1,1,1
89,41,6,1,6,1,6,1,6,1
89,53,1,1,1,1,1,1,1,1
89,64,6,1,6,1,6,1,6,1
89,71,4,1,5,1,8,1,8,1
89,76,3,1,4,1,4,1,2,1
89,78,9,1,8,1,8,1,1,1
89,79,8,1,8,1,8,1,8,1
89,80,,,,,5,1,5,1
89,85,11,1,11,1,7,1,10,1
89,86,4,1,4,1,7,1,8,1
89,87,5,1,2,1,5,1,3,1
89,89,6,1,6,1,3,1,3,1
89,90,5,1,5,1,5,1,2,1
89,91,3,1,3,1,3,1,,
89,96,9,1,11,1,13,1,11,1
89,97,17,1,16,1,17,1,16,1
89,98,,,,,,,1,1
89,100,1,1,1,1,1,1,,
89,101,12,1,13,1,13,1,13,1
89,102,10,1,11,1,11,1,12,1
89,105,7,1,7,1,7,1,9,1
89,106,11,1,11,1,7,1,6,1
89,107,4,1,4,1,4,1,3,1
89,108,4,1,1,1,3,1,5,1
89,121,18,1,19,1,15,1,18,1
89,122,2,1,1,1,1,1,1,1
89,123,9,1,5,1,3,1,2,1
89,124,5,1,5,1,8.5,1,6,1
89,125,3,1,3,1,3,1,3,1
90,0,7,1,4,1,4,1,4,1
90,1,4,1,5,1,5,1,8,1
90,3,5,1,6,1,4,1,4,1
90,4,12,1,11,1,11,1,12,1
90,5,12,1,10,1,11,1,12,1
90,6,23.5,0,27.5,0,23,0,23,0
90,7,14,1,15,1,16,1,16,1
90,8,13,1,12,1,14,1,12,1
90,9,27,1,29.5,1,30,1,24,1
90,21,3,1,2,1,2,1,2,1
90,25,20,1,22,1,22,1,22,1
90,26,2,1,2,1,2,1,2,1
90,33,6,1,5,1,5,1,5,1
90,40,1,1,1,1,1,1,,
90,53,2,1,2,1,2,1,2,1
90,64,2,1,2,1,,,,
90,67,2,1,3,1,3,1,3,1
90,69,7,1,5,1,5,1,5,1
90,77,12,1,13,1,14.5,1,15.5,1
90,79,8,1,9,1,6,1,6,1
90,80,11,1,12,1,13,1,11.5,1
90,85,15,1,15,1,15,1,15,1
90,86,9,1,15,1,13,1,12,1
90,87,20,1,14,1,16,1,15,1
90,88,15,1,10,1,12,1,10,1
90,89,1,1,1,1,3,1,2,1
90,96,2,1,2,1,2,1,1,1
90,98,5,1,4,1,4,1,5,1
90,99,1,1,1,1,1,1,1,1
90,100,4,1,4,1,4,1,4,1
90,101,18,1,18,1,18,1,17,1
90,102,3,1,3,1,4,1,7,1
90,105,5,1,5,1,4,1,4,1
90,106,3,1,1,1,7,1,7,1
90,108,,,2,1,6,1,6,1
90,117,1,1,6,1,,,,
90,118,,,,,6,1,6,1
90,121,6,1,5,1,9,1,10,1
90,122,20,1,21,1,19,1,18,1
90,123,4,1,4,1,4,1,6,1
90,127,3,1,2,1,2,1,,
91,1,6,1,,,,,1,1
91,4,23,1,23,1,23,1,17.5,1
91,5,15,1,12,1,15,1,12,1
91,6,23,0,27.5,0,30.5,0,33,0
91,7,21,1,22,1,17,1,20,0
91,8,24.5,1,17,1,17,1,17,1
91,9,4,1,4,1,4,1,4,1
91,20,,,,,2,1,2,1
91,21,20,1,18,1,20,1,19,1
91,22,11,1,10,1,12,1,12,1
91,25,1,1,5,1,4,1,4,1
91,26,11,1,6,1,6,1,6,1
91,33,3,1,3,1,3,1,3,1
91,34,7,1,2,1,4,1,4,1
91,35,3,1,3,1,,,3,1
91,42,2,1,2,1,3.5,1,5.5,1
91,62,5,1,5,1,4,1,2,1
91,64,1,1,,,4,1,4,1
91,67,2,1,2,1,1,1,1,1
91,78,1,1,1,1,1,1,1,1
91,79,7,1,11,1,9,1,15,1
91,80,3,1,3,1,3,1,3,1
91,81,,,,,2.5,1,9,1
91,87,2,1,3,1,,,,
91,89,3,1,3,1,3,1,3,1
91,90,4,1,3,1,4,1,2,1
91,97,3,1,3,1,3,1,2,1
91,100,14,1,8,1,9,1,2,1
91,101,1,1,1,1,1,1,2,1
91,103,10,1,11,1,11,1,9,1
91,104,20,1,29,1,21,1,25,1
91,105,7,1,7,1,6,1,6,1
91,106,17,1,17,1,17,1,15,1
91,107,5,1,5,1,5,1,5,1
91,111,2,1,2,1,2,1,2,1
91,120,3,1,3,1,2,1,1,1
91,121,4,1,4,1,3,1,3,1
91,122,20,1,25,0,27,0,27,1
91,123,18,1,16,1,16,1,17,1
91,124,2,1,2,1,2,1,2,1
91,127,3,1,5,1,4,1,4,1
92,5,,,,,3,1,3,1
92,6,2,1,2,1,6,1,14,1
92,7,16,1,15,1,17,1,14,1
92,8,2,1,2,1,2,1,1,1
92,14,15,1,13,1,13,1,11,1
92,15,15,1,22,1,18,1,20,1
92,19,3,1,,,,,5,1
92,20,,,1,1,,,,
92,21,19,1,16,1,17,1,17,1
92,34,4,1,4,1,4,1,4,1
92,35,4,1,3,1,,,2,1
92,38,3,1,4,1,4,1,3,1
92,39,1,1,1,1,1,1,,
92,44,2,1,3,1,3,1,3,1
92,51,2,1,,,2,1,2,1
92,62,3,1,4,1,3,1,3,1
92,69,2,1,2,1,2,1,2,1
92,71,3,1,2,1,2,1,2,1
92,74,5,1,5,1,5,1,4,1
92,75,5,1,4,1,4,1,5,1
92,79,2,1,2,1,2,1,2,1
92,80,,,,,5,1,5,1
92,87,2,1,3,1,1,1,6,1
92,88,,,,,2,1,2,1
92,89,6,1,1,1,,,,
92,90,4,1,4,1,4,1,4,1
92,91,,,,,,,1,1
92,95,3,1,3,1,5,1,2,1
92,97,16,1,18,1,21,1,20,1
92,98,9,1,9,1,8,1,8,1
92,100,6,1,8,1,4,1,4,1
92,101,9,1,9,1,8,1,8,1
92,103,18,1,18,1,18,1,17,1
92,104,26.5,1,26.5,1,25,1,20,1
92,105,28,0,27,0,26,0,23,0
92,106,35,0,32,0,28,0,28,0
92,107,6,1,5,1,3,1,7,1
92,118,,,2,1,2,1,2,1
92,119,2,1,2,1,2,1,2,1
92,122,14,1,13,1,10,1,10,1
92,123,8,1,9,1,8,1,5,1
92,124,9,1,7,1,8,1,6,1
92,125,1,1,1,1,,,,
92,126,4,1,3,1,6,1,6,1
92,127,7,1,7,1,10,1,11,1
93,5,5,1,7,1,7,1,8,1
93,6,13,0,12,0,12,0,10,1
93,7,111,0,117,0,107.5,0,98,0
93,8,30,0,25,0,32,0,32,0
93,9,8,1,9,1,8,1,6,1
93,10,1,1,4,1,2,1,2,1
93,11,6,1,6,1,6,1,7,1
93,12,2,1,,,,,,
93,13,6,1,6,1,6,1,6,1
93,14,40,0,39,0,38,0,46,0
93,15,14,1,6,1,14,1,13,1
93,17,2,1,2,1,2,1,2,1
93,21,11,1,7,1,9,1,9,1
93,22,5,1,5,1,4,1,4,1
93,30,2,1,2,1,2,1,2,1
93,37,,,2,1,2,1,2,1
93,38,1,1,1,1,1,1,,
93,55,1,1,1,1,1,1,1,1
93,69,2,1,2,1,2,1,1,1
93,77,3,1,2,1,8,1,8,1
93,78,6,1,5,1,5,1,5,1
93,83,4,1,4,1,3,1,3,1
93,87,13,1,9,1,10,1,12,1
93,90,6,1,10,1,13,1,11,1
93,92,9,1,9,1,9,1,9,1
93,94,8,1,8,1,9,1,10,1
93,95,3,1,3,1,2,1,2,1
93,96,4,1,4,1,3,1,3,1
93,97,17,1,19.5,1,12,1,16,1
93,98,17,1,23,1,30.5,0,29.5,0
93,100,12,1,9,1,8,1,12,1
93,101,30,0,25,0,24,1,22,1
93,102,7,1,9,1,15,1,13,1
93,105,14,1,15,1,9,1,10,1
93,107,19,1,12,1,17,1,14,1
93,108,2,1,1,1,1,1,1,1
93,110,4,1,4,1,4,1,4,1
93,111,4,1,4,1,4,1,,
93,118,12.5,1,14,1,13,1,13,1
93,123,3,1,4,1,2,1,2,1
93,124,11,1,8,1,5,1,9,1
93,125,23,1,24,1,28,1,25.5,1
93,126,3,1,5,1,5,1,5,1
94,5,21,1,18,1,23,0,22,0
94,6,44.5,0,43,0,33.5,0,41.5,0
94,7,100,0,99.5,0,115.5,0,122,0
94,8,9,1,7,1,7,1,7,1
94,9,13,1,13,1,11,1,14,1
94,10,5,1,5,1,5,1,5,1
94,11,18,1,17,1,17,1,16,1
94,13,4,1,4,1,4,1,4,1
94,14,11,1,10,1,11,1,10,1
94,15,2,1,2,1,3,1,2,1
94,21,4,1,4,1,4,1,4,1
94,28,6,1,7,1,3,1,4,1
94,29,4,1,4,1,6,1,2,1
94,30,,,4,1,3,1,,
94,56,4,1,3,1,3,1,3,1
94,59,3,1,2,1,2,1,2,1
94,60,2,1,3,1,2,1,2,1
94,77,2,1,6,1,3,1,3,1
94,78,,,4,1,,,,
94,81,1,1,1,1,1,1,1,1
94,82,15,1,11,1,13.5,1,13.5,1
94,87,2,1,2,1,2,1,2,1
94,90,4,1,3,1,4,1,4,1
94,92,22,1,19,1,19,1,18,1
94,93,14,1,13.5,1,12.5,1,11.5,1
94,94,4,1,4,1,6,1,6,1
94,96,44,0,3,1,3,1,3,1
94,97,39,0,85,0,76,0,89.5,0
94,98,30,0,29,0,31,0,30,0
94,101,26,1,23,1,28,0,31,0
94,105,3,1,3,1,5,1,4,1
94,108,14.5,1,12,1,11,1,11,1
94,117,6,1,8,1,7,1,13,1
94,119,2,1,2,1,2.5,1,2.5,1
94,126,5,1,5,1,1,1,1,1
95,2,2,1,2,1,2,1,2,1
95,4,3,1,3,1,4,1,4,1
95,5,20,0,17.5,0,17.5,0,17.5,0
95,6,28,0,31,0,25,0,27,0
95,7,5,1,5,1,5,1,10,1
95,9,15,1,15,1,20,1,18,1
95,10,4,1,4,1,4,1,4,1
95,14,,,,,,,2,1
95,15,10,1,9,1,9,1,8,1
95,16,4,1,4,1,6,1,6,1
95,21,11,1,12,1,13,1,14,1
95,22,4,1,4,1,4,1,,
95,28,3,1,3,1,2,1,2,1
95,29,13,1,12,1,11,1,6,1
95,49,2,1,2,1,2,1,2,1
95,51,4,1,4,1,3,1,3,1
95,55,2,1,1,1,1,1,1,1
95,69,3,1,1,1,4,1,4,1
95,71,1,1,1,1,1,1,,
95,75,2,1,2,1,,,1,1
95,76,13,1,13,1,12,1,12,1
95,80,2,1,2,1,2,1,1,1
95,81,1,1,1,1,,,,
95,85,1,1,1,1,1,1,1,1
95,89,3,1,2,1,2,1,2,1
95,90,12,1,11,1,11,1,11,1
95,92,1,1,1,1,1,1,1,1
95,93,16,1,16,1,18,1,13,1
95,94,6,1,6,1,6,1,6,1
95,96,1,1,1,1,1,1,1,1
95,97,61.5,0,59,0,62,0,60,0
95,98,52,0,63,0,62,0,66,0
95,99,6,1,6,1,5,1,5,1
95,101,5,1,5,1,5,1,4,1
95,104,25,0,26,1,25,0,29,1
95,105,10,1,8,1,7,1,7,1
95,108,10,1,9,1,10,1,11,1
95,109,2,1,2,1,2,1,2,1
95,117,4,1,4,1,4,1,4,1
95,118,3,1,3,1,2,1,2,1
95,122,2,1,2,1,2,1,,
96,2,,,,,1,1,1,1
96,3,8,1,8,1,8,1,15,1
96,4,3,1,3,1,3,1,4,1
96,5,34,0,33.5,0,32.5,0,24.5,1
96,6,4,1,7,1,10.5,1,11,1
96,7,10,1,11,1,8,1,9,1
96,8,5,1,4,1,7,1,6,1
96,14,6,1,6,1,6,1,6,1
96,15,4,1,4,1,4,1,3,1
96,16,20,1,21,1,19,1,16,1
96,21,2,1,2,1,2,1,2,1
96,39,3,1,3,1,3,1,3,1
96,48,3,1,3,1,4,1,4,1
96,49,1,1,1,1,,,,
96,51,7,1,6,1,6,1,5,1
96,58,,,,,3,1,3,1
96,66,3,1,3,1,1,1,1.5,1
96,67,4,1,5,1,5,1,7,1
96,68,2,1,6,1,6,1,7,1
96,77,9,1,9,1,6,1,7,1
96,81,1,1,1,1,6,1,5,1
96,82,,,,,6,1,6,1
96,83,20.5,0,19.5,0,21.5,1,22.5,1
96,84,2,1,2,1,2,1,2,1
96,85,5,1,3,1,3,1,4,1
96,86,3,1,4,1,2,1,2,1
96,87,15,1,16,1,10,1,13,1
96,88,21,1,16,1,15,1,14,1
96,89,12,1,14,1,14,1,12,1
96,90,8,1,8,1,8,1,8,1
96,91,4,1,4,1,4,1,4,1
96,92,3,1,2,1,2,1,3.5,1
96,93,41,0,38,0,42,0,40,0
96,96,52,0,39,0,37,0,43.5,0
96,97,99,0,101.5,0,102.5,0,101.5,0
96,98,41,0,39,0,44,0,44,0
96,99,3,1,1,1,1,1,1,1
96,100,26,1,30,1,21,1,17,1
96,101,113,0,98,0,101.5,0,97.5,0
96,102,3,1,2,1,2,1,2,1
96,103,14,1,9,1,13,1,12,1
96,104,12,1,12,1,13,1,12,1
96,106,4,1,4,1,3,1,4,1
96,124,2,1,2,1,2,1,2,1
97,0,5,1,4,1,7,1,7,1
97,3,22,1,22,1,16,1,19,1
97,4,25,1,23,0,25.5,1,25.5,1
97,5,19,1,17,1,15,1,16,1
97,7,17.5,1,20.5,1,21.5,1,19,1
97,10,5,1,6,1,7,1,7,1
97,13,3,1,3,1,3,1,3,1
97,14,,,4,1,4,1,4,1
97,15,25,0,24,0,24,0,24,0
97,16,3,1,3,1,3,1,3,1
97,54,2,1,2,1,2,1,2,1
97,56,1,1,1,1,1,1,1,1
97,58,5,1,3,1,,,,
97,60,2,1,4,1,2,1,2,1
97,67,7.5,1,9,1,8,1,8,1
97,70,4,1,5,1,5,1,5,1
97,71,8,1,9,1,8,1,8,1
97,77,2,1,1,1,1,1,1,1
97,79,2,1,2,1,2,1,2,1
97,80,9,1,10,1,13,1,12,1
97,81,22,1,20,1,11,1,14,1
97,82,11,1,11,1,17,1,22,1
97,83,16,1,16,1,15,1,12,1
97,84,4,1,4,1,4,1,4,1
97,85,17,1,16,1,16,1,14,1
97,86,,,2,1,2,1,2,1
97,87,7,1,9,1,10,1,7,1
97,88,2,1,2,1,1,1,1,1
97,89,15,1,13,1,12,1,11,1
97,90,6,1,4,1,4,1,7,1
97,92,16,1,13,1,16,1,14,1
97,93,36,0,42,0,38,0,34,0
97,94,19.5,1,20.5,1,18,1,24,1
97,95,19,1,23,1,17,1,19,1
97,96,10,1,10,1,11,1,11,1
97,97,63,0,61.5,0,59,0,59,0
97,100,99.5,0,99,0,94.5,0,105.5,0
97,101,107,0,118,0,117,0,113,0
97,102,28,0,25,0,19,1,20,1
97,103,95.5,0,103,0,85.5,0,94.5,0
97,109,7,1,5,1,5,1,6,1
97,110,3,1,2,1,2,1,2,1
97,116,6,1,6,1,4,1,4,1
97,127,3,1,3,1,3,1,1,1
98,0,30,0,37,0,37,0,34,0
98,1,31,0,27,0,25,1,25,0
98,2,15,1,15,1,15,1,12,1
98,3,3,1,2,1,2,1,2,1
98,4,12,1,9.5,1,13.5,1,10.5,1
98,5,1,1,,,3,1,2,1
98,6,81,0,85,0,79,0,91.5,0
98,7,14.5,1,19.5,1,16,1,17,1
98,15,4,1,4,1,4,1,4,1
98,37,2,1,2,1,1,1,1,1
98,47,1,1,1,1,1,1,1,1
98,48,4,1,4,1,4,1,4,1
98,58,1,1,1,1,1,1,1,1
98,67,12,1,17,1,14,1,12,1
98,68,3,1,3,1,3,1,2,1
98,70,10,1,10,1,11,1,11,1
98,77,10,1,9,1,8,1,8,1
98,78,22,1,28.5,0,16.5,1,30.5,0
98,79,12,1,12,1,10,1,9,1
98,80,7,1,9,1,4,1,4,1
98,81,7,1,7,1,7,1,7,1
98,84,8,1,7,1,7,1,6,1
98,85,3,1,3,1,3,1,3,1
98,86,3,1,3,1,3,1,3,1
98,89,2,1,2,1,2,1,2,1
98,90,3,1,3,1,2,1,2,1
98,91,23,1,22,1,19,1,19,1
98,92,20,1,19,1,22,1,21,1
98,93,16,1,13,1,15.5,1,16,1
98,94,13,1,13,1,13,1,15,1
98,95,2,1,2,1,3,1,7.5,1
98,96,121,0,124.5,0,109,0,109,0
98,97,40,0,44,0,38,0,37.5,0
98,98,27,0,15,1,23,1,14,1
98,99,5,1,6,1,2,1,5.5,1
98,100,38,0,35,0,39,0,39,0
98,101,90,0,83.5,0,79,0,78,0
98,102,58,0,55,0,50,0,49,0
98,103,68,0,68,0,61,0,67,0
98,104,13,1,13,1,12,1,12,1
98,106,2,1,2,1,2,1,2,1
98,109,1,1,1,1,1,1,1,1
98,115,3,1,3,1,,,,
98,116,1,1,,,2,1,2,1
99,0,6,1,5,1,5,1,7,1
99,1,4,1,7,1,8,1,8,1
99,2,5,1,12,1,14,1,16,1
99,3,9,1,7,1,7,1,7,1
99,4,4,1,4,1,2,1,2,1
99,5,3,1,2,1,2,1,2,1
99,6,7,1,11,1,10,1,10,1
99,7,54,0,50,0,47,0,57,0
99,8,8,1,8,1,10,1,10,1
99,32,1,1,1,1,1,1,1,1
99,37,1,1,1,1,1,1,1,1
99,38,1,1,1,1,1,1,1,1
99,44,5,1,5,1,5,1,5,1
99,51,1,1,1,1,2,1,2,1
99,56,6,1,4,1,3,1,3,1
99,67,11.5,1,8,1,8,1,7,1
99,68,5,1,5,1,5,1,6,1
99,69,4,1,4,1,4,1,4,1
99,72,2,1,2,1,2,1,2,1
99,75,3,1,6,1,6,1,5,1
99,77,4,1,4,1,4,1,4,1
99,78,9,1,9,1,9,1,9,1
99,80,19,1,16,1,19,1,13,1
99,81,3,1,2,1,2,1,2,1
99,83,11.5,1,13,1,13,1,12,1
99,84,7,1,7,1,6,1,6,1
99,90,2,1,2,1,1,1,1,1
99,91,7,1,11,1,9,1,9,1
99,92,8,1,10,1,10,1,10.5,1
99,93,1,1,1,1,,,,
99,95,39,0,36.5,0,38,0,39,0
99,96,118.5,0,110.5,0,113,0,112,0
99,97,152,0,149,0,153.5,0,148,0
99,98,55,0,67,0,72,0,51,0
99,99,56,0,57,0,65,0,71,0
99,100,107.5,0,102.5,0,105.5,0,114.5,0
99,101,101,0,117,0,99.5,0,109.5,0
99,102,127,0,124,0,125,0,115,0
99,103,114,0,112,0,116.5,0,111.5,0
99,104,88,0,82,0,81,0,90.5,0
99,105,33,0,36,0,30,0,33,0
99,106,13,1,13,1,13,1,13,1
99,110,25,1,26,1,24,1,24,1
99,114,3,1,3,1,,,,
99,115,2,1,2,1,4,1,7,1
99,116,6,1,6,1,5,1,8,1
100,3,15,1,16,1,19,1,18,1
100,4,5,1,4,1,2,1,2,1
100,6,4,1,4,1,4,1,4,1
100,7,8,1,9,1,10,1,10,1
100,39,3,1,3,1,3,1,3,1
100,43,5,1,5,1,4,1,1,1
100,48,1,1,1,1,1,1,1,1
100,55,1,1,1,1,1,1,1,1
100,58,4,1,,,4,1,2,1
100,59,4,1,4,1,4,1,3,1
100,66,5,1,5,1,5,1,4,1
100,68,2,1,2,1,2,1,2,1
100,69,8,1,6,1,6,1,7,1
100,72,5,1,5,1,3,1,3,1
100,73,9,1,10,1,10,1,9,1
100,78,3,1,3,1,3,1,2,1
100,79,1,1,1,1,1,1,1,1
100,80,8,1,3,1,2,1,4,1
100,81,10,1,10,1,10,1,10,1
100,82,6,1,6,1,6,1,7,1
100,83,6,1,5,1,5,1,5,1
100,84,2,1,2,1,2,1,2,1
100,85,2,1,2,1,5,1,5,1
100,91,1,1,1,1,,,,
100,92,8,1,10,1,10,1,10,1
100,93,,,,,1,1,1,1
100,94,10.5,1,10.5,1,8,1,7,1
100,95,49,0,49,0,48,0,52,0
100,96,62.5,0,66,0,70,0,57,0
100,97,3,1,3,1,3,1,2,1
100,98,160.5,0,153.5,0,169,0,157,0
100,99,175,0,184.5,0,171,0,173,0
100,100,126.5,0,134,0,135.5,0,123.5,0
100,101,114,0,134.5,0,128,0,132.5,0
100,102,39,0,41,0,32,1,29,1
100,103,84,0,98,0,84.5,0,91,0
100,104,42,0,45,0,109.5,0,118,0
100,105,99,0,108.5,0,94.5,0,100,0
100,106,35,0,36,0,44,0,42,0
100,110,8,1,7,1,7,1,6,1
100,111,16,1,10,1,10,1,12,1
100,114,3,1,3,1,4,1,3,1
100,124,2,1,2,1,2,1,2,1
100,125,4,1,4,1,4,1,2,1
100,126,,,2,1,8,1,8,1
100,127,7,1,5,1,5,1,5,1
101,0,1,1,1,1,1,1,1,1
101,3,2,1,2,1,1,1,1,1
101,7,29,0,27,0,27,0,28,0
101,8,52,0,53,0,51,0,58,0
101,9,3,1,3,1,2,1,2,1
101,10,4,1,4,1,4,1,3,1
101,11,2,1,4,1,3,1,2,1
101,39,,,,,2,1,2,1
101,42,9,1,8,1,6,1,7,1
101,68,4.5,1,4.5,1,4,1,5,1
101,70,4,1,4,1,6,1,5,1
101,71,10,1,8,1,8,1,8,1
101,72,6,1,6,1,6,1,7,1
101,78,8,1,7,1,4,1,5,1
101,79,,,,,6,1,9,1
101,80,,,,,1,1,1,1
101,84,2,1,2,1,1,1,1,1
101,91,10,1,9,1,9,1,9,1
101,92,2,1,1,1,1,1,1,1
101,93,1,1,9,1,9,1,7,1
101,94,42,0,45,0,44,0,40,0
101,95,79.5,0,75,0,72,0,68,0
101,96,6,1,7,1,6,1,5,1
101,98,128.5,0,126.5,0,140.5,0,146,0
101,99,219,0,198.5,0,174.5,0,193.5,0
101,100,92.5,0,105.5,0,115,0,106,0
101,101,115.5,0,133.5,0,119,0,137.5,0
101,102,53,0,55,0,56.5,0,63,0
101,103,62.5,0,69,0,64.5,0,62.5,0
101,104,196,0,173.5,0,81,0,87,0
101,105,45.5,0,52.5,0,52.5,0,47.5,0
101,106,33,0,32,0,36,0,32.5,0
101,107,14,1,13,1,10.5,1,9.5,1
101,108,13,1,17,1,12,1,14,1
101,109,10,1,9,1,7,1,8,1
101,110,2,1,2,1,2,1,2,1
101,112,5,1,3,1,6.5,1,7.5,1
101,113,2,1,2,1,2,1,2,1
101,114,2,1,2,1,2,1,2,1
101,115,8,1,8,1,9,1,6,1
101,126,2,1,2,1,,,2,1
101,127,7,1,8,1,6,1,5,1
102,7,51,0,46,0,49.5,0,42,0
102,8,14,1,15,1,15,1,21,1
102,9,10,1,10,1,10,1,14,1
102,33,6,1,6,1,6,1,5,1
102,37,2,1,2,1,2,1,2,1
102,38,4,1,4,1,4,1,4,1
102,63,7,1,7,1,7,1,6,1
102,64,3,1,3,1,2,1,2,1
102,65,1,1,1,1,1,1,,
102,66,10.5,1,9,1,12,1,10,1
102,67,15,1,14,1,9,1,8,1
102,68,3,1,3,1,3,1,3,1
102,71,3,1,2,1,2,1,1,1
102,72,4,1,4,1,4,1,4,1
102,73,1,1,2,1,1,1,2,1
102,78,13,1,13,1,14,1,13,1
102,81,4,1,4,1,4,1,4,1
102,84,10,1,11,1,10,1,8,1
102,85,7,1,12,1,12,1,11,1
102,88,3,1,2,1,2,1,2,1
102,91,2,1,1,1,1,1,4,1
102,93,7,1,8,1,7,1,8,1
102,94,59,0,62,0,62,0,62,0
102,95,43,0,40,0,34,0,35,0
102,96,11,1,11,1,11,1,4,1
102,97,66,0,66.5,0,53,0,54,0
102,98,187.5,0,191.5,0,191,0,199.5,0
102,99,62.5,0,56,0,61,0,60.5,0
102,100,89,0,85,0,77,0,85,0
102,101,,,,,,,1,1
102,102,7,1,6,1,6,1,5,1
102,103,28,1,24,1,27,0,26,0
102,104,51,0,46,0,42,0,39,0
102,105,15,1,15,1,15,1,22,1
102,106,13,1,15,1,15,1,18,1
102,107,2,1,2,1,2,1,2,1
102,108,3,1,3,1,2,1,2,1
102,109,2,1,2,1,2,1,2,1
102,113,3,1,3,1,2,1,2,1
102,114,12,1,12,1,14,1,10,1
102,124,4,1,4,1,4,1,4,1
102,125,,,,,3,1,3,1
102,127,12,1,12,1,12,1,12,1
103,9,3,1,3,1,1,1,1,1
103,10,2,1,2,1,1,1,1,1
103,11,6,1,5,1,8.5,1,6.5,1
103,12,3,1,3,1,2,1,2,1
103,32,3,1,2,1,2,1,2,1
103,35,5,1,5,1,3,1,2,1
103,36,3,1,3,1,3,1,2,1
103,44,2,1,2,1,,,1,1
103,49,3,1,8,1,6,1,6,1
103,50,8,1,7,1,5,1,6,1
103,59,4,1,4,1,4,1,4,1
103,60,1,1,1,1,8,1,10,1
103,61,3,1,2,1,6,1,5,1
103,62,,,,,,,1,1
103,65,6,1,6,1,6,1,3,1
103,66,7,1,10.5,1,10.5,1,11,1
103,67,1,1,1,1,1,1,1,1
103,69,1,1,1,1,1,1,1,1
103,72,4,1,4,1,4,1,4,1
103,77,4,1,4,1,3,1,3,1
103,78,8,1,8,1,7,1,7,1
103,82,1,1,1,1,2,1,2,1
103,83,4,1,4,1,4,1,4,1
103,84,5,1,4,1,5,1,4,1
103,88,5,1,5,1,4,1,3,1
103,90,1,1,1,1,1,1,1,1
103,93,41.5,0,41.5,0,40.5,0,38,0
103,94,62.5,0,54,0,63,0,59.5,0
103,95,19,1,19,1,17,1,21,1
103,96,4.5,1,4,1,6,1,5,1
103,97,163,0,170,0,159,0,164.5,0
103,98,60,0,53,0,50,0,43,0
103,99,133,0,163,0,150,0,141,0
103,100,86,0,90,0,103,0,99.5,0
103,101,26,0,29,0,28,1,29,1
103,102,2,1,2,1,2,1,2,1
103,105,7,1,7,1,7,1,7,1
103,106,19,1,19,1,18,1,13,1
103,108,4,1,4,1,4,1,4,1
103,123,6,1,6,1,6,1,4,1
103,124,8,1,8,1,8,1,10,1
104,10,1,1,2,1,2,1,2,1
104,18,1,1,1,1,1,1,1,1
104,30,5,1,3,1,3,1,3,1
104,31,7,1,6,1,6,1,6,1
104,50,22,1,20,1,23,1,19,1
104,51,3.5,1,3,1,6,1,7,1
104,52,3,1,2,1,2,1,2,1
104,56,1,1,1,1,1,1,5,1
104,58,2,1,2,1,2,1,2,1
104,61,5,1,5,1,5,1,6,1
104,64,2,1,2,1,2,1,2,1
104,65,2,1,2,1,2,1,2,1
104,70,21,1,27,1,22,1,25,1
104,80,6,1,10,1,9,1,11,1
104,86,2,1,2,1,2,1,2,1
104,87,5,1,6,1,8,1,7,1
104,88,1,1,1,1,1,1,1,1
104,89,6,1,6,1,6,1,6,1
104,91,9,1,9,1,6,1,9,1
104,92,10,1,14,1,13,1,13,1
104,94,13,1,9,1,9,1,9,1
104,96,13,1,13,1,14,1,15.5,1
104,97,57,0,64.5,0,66,0,61,0
104,98,24,0,32,0,27,0,23,0
104,99,37.5,0,29.5,0,28,0,29,0
104,100,30,0,32,0,33,0,41,0
104,101,39,0,44,0,30,0,34,0
104,102,15,1,13,1,20,1,16,1
104,103,4,1,4,1,4,1,4,1
104,107,11,1,11,1,10,1,10,1
104,108,4,1,4,1,3,1,,
104,109,4,1,3,1,4,1,2,1
104,111,4,1,3,1,3,1,,
104,122,9,1,7,1,7,1,7,1
105,28,7,1,7,1,7,1,7,1
105,29,9.5,1,6,1,6,1,5,1
105,45,,,1,1,1,1,,
105,51,11,1,5,1,6,1,6,1
105,52,3,1,2,1,2,1,2,1
105,53,3,1,3,1,3,1,3,1
105,56,2,1,2,1,,,,
105,59,3,1,2,1,2,1,2,1
105,63,2,1,,,1,1,1,1
105,64,6,1,5,1,1,1,1,1
105,68,15,1,16,1,14,1,15,1
105,69,6,1,5,1,10,1,10,1
105,70,10,1,10,1,10,1,11,1
105,71,1,1,1,1,,,4,1
105,84,4,1,9,1,9,1,10,1
105,85,5,1,2,1,3,1,4,1
105,86,12,1,12,1,12,1,9,1
105,87,,,,,2,1,2,1
105,88,24,1,24,1,27,1,23,1
105,89,26,1,28,1,27,1,28,1
105,90,5,1,5,1,1,1,1,1
105,91,7,1,7,1,7,1,6,1
105,92,4,1,4,1,4,1,4,1
105,94,1,1,1,1,1,1,1,1
105,96,114.5,0,108.5,0,111,0,111,0
105,97,2,1,2,1,2,1,2,1
105,98,90,0,98.5,0,90.5,0,92,0
105,99,50,0,52,0,50,0,49.5,0
105,100,73.5,0,84,0,83,0,97,0
105,101,20,1,27,0,30,0,30,0
105,102,25.5,1,24.5,1,20.5,1,24.5,1
105,103,22,1,24,1,29,1,25,1
105,104,15,1,15,1,13,1,10,1
105,105,3,1,3,1,3,1,3,1
105,106,3,1,4,1,5,1,5,1
105,107,5,1,5,1,3,1,2,1
105,108,4,1,4,1,4,1,4,1
105,109,6,1,6,1,5,1,4,1
105,121,,,,,,,2,1
106,23,,,,,1,1,,
106,24,1,1,1,1,,,,
106,29,2,1,2,1,2,1,2,1
106,37,1,1,1,1,1,1,1,1
106,41,1,1,1,1,1,1,1,1
106,42,6,1,6,1,4,1,4,1
106,51,4,1,4,1,4,1,4,1
106,59,1,1,1,1,1,1,,
106,61,9,1,9,1,9,1,9,1
106,62,6,1,8,1,3,1,5,1
106,63,,,,,1,1,3,1
106,65,2,1,,,,,,
106,69,1,1,1,1,1,1,1,1
106,70,5,1,6,1,8,1,6,1
106,81,2,1,2,1,2,1,2,1
106,87,9,1,2,1,5,1,6,1
106,88,,,5,1,6,1,5,1
106,89,,,,,2,1,,
106,97,59,0,57.5,0,56.5,0,52,0
106,98,234,0,222,0,232,0,220.5,0
106,99,144,0,139,0,117,0,117,0
106,100,57,0,55.5,0,54.5,0,55.5,0
106,101,14,1,14.5,1,12,1,10,1
106,102,20,1,15,1,17,1,32,0
106,103,24,1,26,1,20,1,18,1
106,104,4,1,4,1,3,1,3,1
106,106,5,1,5,1,6,1,4,1
106,107,8,1,6,1,7,1,4,1
106,108,9,1,9,1,6,1,3,1
106,109,2,1,2,1,2,1,2,1
106,110,2,1,2,1,3,1,3,1
106,120,5,1,5,1,3,1,3,1
107,22,3,1,3,1,3,1,3,1
107,23,4,1,2,1,1,1,2,1
107,38,4,1,4,1,4,1,2,1
107,39,1,1,,,,,2,1
107,40,2,1,2,1,2,1,2,1
107,57,2,1,3,1,3,1,4,1
107,61,1,1,1,1,1,1,1,1
107,63,1,1,1,1,,,,
107,66,5,1,3.5,1,3.5,1,3.5,1
107,73,4,1,5,1,6,1,2,1
107,80,5,1,5,1,4,1,4,1
107,87,4,1,3,1,3,1,4,1
107,93,4,1,2,1,3,1,3,1
107,95,12,1,10,1,12,1,15,1
107,98,19,1,18,1,18,1,17,1
107,99,2,1,2,1,2,1,,
107,101,3,1,2,1,1,1,1,1
107,102,11,1,10,1,11,1,10,1
107,103,20,1,17,1,14,1,17,1
107,104,8,1,6,1,10,1,4,1
107,110,13,1,12,1,12,1,11,1
107,111,2,1,2,1,2,1,2,1
107,117,1,1,1,1,5,1,6,1
107,118,10,1,10,1,10,1,8,1
107,119,1,1,1,1,1,1,1,1
107,120,,,,,2,1,2,1
107,126,8,1,8,1,8,1,5,1
107,127,2,1,2,1,2,1,2,1
108,24,,,1,1,1,1,1,1
108,30,1,1,1,1,1,1,1,1
108,31,2,1,2,1,2,1,2,1
108,51,1,1,1,1,1,1,2,1
108,53,5,1,4,1,4,1,4,1
108,66,2,1,4,1,5,1,5,1
108,72,4,1,2,1,2,1,4,1
108,73,8,1,8,1,5,1,5,1
108,74,2,1,5,1,6,1,5,1
108,79,1,1,1,1,1,1,1,1
108,87,10,1,9,1,10,1,10,1
108,91,1,1,1,1,,,,
108,92,28,1,34,1,16,1,18,1
108,93,2,1,2,1,2,1,,
108,94,41,0,36,0,33,0,39,0
108,95,44.5,0,46.5,0,46.5,0,45.5,0
108,96,6,1,5,1,4,1,4,1
108,98,23,1,25,1,28,1,24,1
108,100,6,1,6,1,7,1,9,1
108,103,7,1,12,1,9,1,7,1
108,104,13,1,14,1,15,1,11,1
108,108,1,1,4,1,,,,
108,112,1,1,1,1,1,1,1,1
108,113,4,1,4,1,4,1,4,1
108,114,3,1,3,1,3,1,3,1
108,123,2,1,2,1,2,1,2,1
108,126,1,1,1,1,1,1,,
108,127,4,1,4,1,4,1,4,1
109,24,1,1,,,,,,
109,35,2,1,3,1,2,1,2,1
109,57,5,1,5,1,,,4,1
109,71,1,1,1,1,1,1,1,1
109,72,2,1,2,1,2,1,3.5,1
109,74,7,1,7,1,8,1,7,1
109,75,4,1,4,1,4,1,4,1
109,84,5,1,5,1,5,1,6,1
109,85,11,1,10,1,10,1,15,1
109,86,13,1,12,1,12,1,11,1
109,87,11,1,11,1,10,1,10,1
109,91,,,,,1,1,,
109,92,2,1,3,1,3,1,3,1
109,93,2,1,1,1,3,1,2,1
109,94,24,0,20,0,25,0,21,0
109,95,44,0,47,0,47.5,0,43.5,0
109,96,42,0,40,0,36,0,36,0
109,97,5,1,6,1,5,1,5,1
109,103,5,1,3,1,4,1,3,1
109,105,3,1,3,1,1,1,1,1
109,107,1,1,2,1,1,1,1,1
109,108,1,1,1,1,1,1,1,1
109,113,1,1,1,1,1,1,1,1
109,114,14,1,17,1,16,1,18,1
109,121,4,1,3,1,3,1,5,1
109,122,12,1,15,1,12,1,12,1
109,123,3,1,3,1,4,1,4,1
109,127,17,1,12,1,15,1,12,1
110,8,12,1,9,1,7,1,4,1
110,11,1,1,1,1,1,1,1,1
110,41,4,1,4,1,,,,
110,42,,,,,4,1,4,1
110,44,6,1,6,1,6,1,6,1
110,48,2,1,2,1,2,1,2,1
110,52,1,1,1,1,1,1,1,1
110,54,4,1,5,1,3,1,4,1
110,70,10,1,10,1,11,1,9,1
110,71,13,1,14,1,7,1,7,1
110,72,4,1,4,1,2.5,1,2,1
110,75,15,1,16,1,17,1,14.5,1
110,76,2,1,,,,,2,1
110,77,2,1,2,1,2,1,,
110,78,,,,,2,1,2,1
110,84,46,0,43.5,0,46.5,0,45,0
110,85,22,1,20,1,23.5,1,22,1
110,91,7,1,7,1,8,1,6,1
110,94,8,1,9,1,9,1,8,1
110,95,13,1,15,1,12,1,10,1
110,96,51,0,47.5,0,41,0,41,0
110,97,16,1,19,1,18,1,18,1
110,98,6,1,6,1,5,1,7,1
110,101,,,1,1,2,1,,
110,104,18,1,22,1,21,1,18,1
110,105,5,1,5,1,5,1,8,1
110,107,,,,,4,1,2,1
110,108,4,1,4,1,,,,
110,114,,,,,4,1,4,1
110,115,8,1,7,1,3,1,3,1
110,121,7,1,8,1,6,1,6,1
110,122,10,1,12,1,15,1,12.5,1
110,126,5,1,4,1,8,1,8,1
110,127,8,1,8,1,7,1,8,1
111,6,,,,,,,3,1
111,32,4,1,3,1,3,1,3,1
111,41,4,1,3,1,3,1,3,1
111,63,2,1,2,1,2,1,2,1
111,70,11,1,11,1,13,1,15,1
111,72,,,,,3,1,2,1
111,75,11,1,14,1,14,1,14,1
111,76,4,1,4,1,4,1,4,1
111,78,1,1,1,1,2.5,1,2.5,1
111,81,,,,,4,1,,
111,82,3,1,3,1,3,1,3,1
111,83,1,1,1,1,1,1,1,1
111,84,15,1,11.5,1,11.5,1,10,1
111,85,11,1,10,1,6,1,6,1
111,91,2,1,2,1,2,1,2,1
111,92,3,1,3,1,5,1,3,1
111,93,5,1,6,1,5,1,4,1
111,94,3,1,5,1,5,1,5,1
111,95,9,1,9,1,8,1,7,1
111,96,10,1,10,1,10,1,11,1
111,97,24,0,25,0,17,1,27,0
111,102,5,1,5,1,4,1,4,1
111,103,23,1,25,1,29,1,25,1
111,104,4,1,6,1,7,1,4,1
111,107,2,1,1,1,1,1,1,1
111,114,4,1,3,1,3,1,4,1
111,115,7,1,8,1,9,1,4,1
111,126,2,1,2,1,2,1,2,1
111,127,2,1,2,1,6,1,6,1
112,9,5,1,5,1,5,1,4,1
112,37,2,1,2,1,1,1,1,1
112,44,3,1,3,1,2,1,1,1
112,56,5,1,5,1,5,1,5,1
112,63,3,1,,,4,1,4,1
112,64,3,1,3,1,2,1,2,1
112,70,3,1,3,1,2,1,4.5,1
112,74,3,1,2,1,2,1,2,1
112,78,5,1,4,1,4,1,4,1
112,79,,,,,12,1,10,1
112,80,18,1,13,1,16,1,16,1
112,81,6,1,6,1,7,1,8,1
112,82,13.5,1,9,1,10,1,13.5,1
112,83,16,1,14,1,16,1,15,1
112,84,18.5,1,18.5,1,18,1,18,1
112,85,2,1,2,1,2,1,2,1
112,90,2,1,2,1,2,1,2,1
112,91,2,1,4,1,4,1,2,1
112,92,8,1,8,1,7,1,6,1
112,93,9,1,5,1,9,1,9,1
112,94,4,1,3,1,,,,
112,97,1,1,1,1,3,1,3,1
112,98,3,1,3,1,3,1,2,1
112,117,5,1,5,1,5,1,5,1
112,122,2,1,3,1,,,4,1
112,127,8,1,4,1,4,1,4,1
113,1,1,1,1,1,,,3,1
113,9,6,1,6,1,6,1,3,1
113,31,2,1,2,1,2,1,2,1
113,35,1,1,1,1,1,1,1,1
113,38,5,1,5,1,4,1,4,1
113,39,1,1,1,1,1,1,1,1
113,41,6,1,6,1,6,1,5,1
113,44,3,1,3,1,2,1,2,1
113,46,2,1,2,1,2,1,2,1
113,47,4,1,4,1,4,1,4,1
113,48,6,1,6,1,6,1,7,1
113,68,9,1,9,1,7,1,7,1
113,72,2,1,1,1,1,1,1,1
113,79,28,0,29,0,16,1,17,1
113,80,32,0,31,0,31,0,30,0
113,81,4,1,3,1,4,1,4,1
113,82,4,1,4,1,4,1,3,1
113,83,20,0,19,0,17,1,15,1
113,91,7,1,7,1,3,1,3,1
113,92,11,1,9,1,8,1,7,1
113,94,6,1,5,1,9,1,7,1
113,95,13,1,13,1,11,1,12,1
113,98,22,1,21,1,21,1,21,1
113,99,5,1,4,1,4,1,4,1
113,101,3,1,4,1,4,1,4,1
113,102,1,1,,,,,,
113,115,4,1,4,1,4,1,4,1
113,117,,,,,1,1,1,1
113,118,1,1,1,1,1,1,1,1
113,119,7,1,7,1,6,1,4,1
113,120,10,1,10,1,11,1,10,1
113,121,16,1,14,1,12,1,16,1
113,122,7,1,7,1,4,1,4,1
114,0,3,1,3,1,5,1,5,1
114,2,1,1,1,1,4,1,4,1
114,3,4,1,,,4,1,2,1
114,5,4,1,6,1,7,1,8,1
114,9,4,1,3,1,2,1,2,1
114,25,2,1,2,1,2,1,2,1
114,27,9,1,9,1,9,1,10,1
114,28,12,1,12,1,11,1,13,1
114,29,6,1,6,1,5,1,4,1
114,43,1,1,1,1,1,1,2,1
114,45,3,1,3,1,1,1,,
114,51,3,1,3,1,3,1,3,1
114,52,1,1,1,1,1,1,1,1
114,53,1,1,1,1,,,1,1
114,54,2,1,1,1,1,1,1,1
114,56,2,1,2,1,1,1,1,1
114,65,2,1,2,1,2,1,2,1
114,68,2,1,2,1,2,1,2,1
114,79,3,1,3,1,3,1,3,1
114,80,29,0,29,0,29,0,28,0
114,81,40,0,55,0,60,0,60,0
114,82,56,0,63,0,62,0,67,0
114,83,19,1,17,1,16,1,19,1
114,90,5,1,5,1,4,1,4,1
114,91,5,1,4,1,1,1,2,1
114,94,2,1,2,1,2,1,2,1
114,95,27,1,29.5,1,24.5,1,21,1
114,96,15,1,11,1,9,1,10,1
114,98,3,1,1,1,1,1,1,1
114,99,2,1,2,1,2,1,2,1
114,104,,,,,,,4,1
114,105,2,1,3,1,5,1,4,1
114,106,9,1,11,1,9,1,7,1
114,114,3,1,3,1,3,1,3,1
114,121,,,,,5,1,,
114,122,27,1,27,1,24,1,21,1
114,123,4,1,4,1,6,1,6,1
114,127,,,,,,,2,1
115,3,2,1,2,1,,,,
115,5,12,1,13,1,12,1,6,1
115,8,4,1,3,1,3,1,3,1
115,9,9,1,9,1,9,1,9,1
115,24,4,1,4,1,4,1,4,1
115,25,,,,,2,1,4,1
115,26,12,1,11,1,19,1,18,1
115,27,4,1,4,1,4,1,4,1
115,49,5,1,5,1,5,1,5,1
115,56,2,1,2,1,2,1,2,1
115,59,2,1,2,1,2,1,2,1
115,65,1,1,1,1,2,1,2,1
115,79,3,1,3,1,3,1,3,1
115,81,59,0,63,0,58,0,65.5,0
115,82,22,1,22,1,18,1,16,1
115,83,3,1,3,1,5,1,4,1
115,84,1,1,1,1,1,1,1,1
115,90,3,1,3,1,2,1,2,1
115,91,1.5,1,1.5,1,1.5,1,1.5,1
115,94,12,1,11,1,10,1,9,1
115,96,7,1,7,1,6,1,6,1
115,97,9,1,9,1,7.5,1,6,1
115,100,10,1,8,1,5,1,6,1
115,101,3,1,2,1,2,1,1,1
115,103,3,1,3,1,3,1,3,1
115,104,16,1,15,1,6,1,5,1
115,105,26,0,21,0,19,1,22,1
115,106,11,1,10,1,14,1,11,1
115,107,2,1,2,1,,,,
115,112,15,1,15,1,15,1,14,1
115,113,14,1,16,1,23,1,22,1
115,123,6,1,6,1,3,1,2,1
115,124,17,1,17,1,12,1,14,1
115,125,13,1,10,1,8,1,15,1
115,126,1,1,1,1,1,1,1,1
115,127,4,1,3,1,1,1,,
116,5,7,1,6,1,4,1,4,1
116,8,4,1,4,1,4,1,4,1
116,9,5,1,6,1,8,1,6,1
116,21,,,,,,,1,1
116,32,4,1,3,1,3,1,4,1
116,33,2,1,1,1,,,1,1
116,48,3,1,2,1,2,1,2,1
116,54,1,1,1,1,1,1,1,1
116,60,,,4,1,5,1,6,1
116,64,2,1,2,1,2,1,2,1
116,65,2,1,2,1,2,1,2,1
116,80,1,1,1,1,1,1,1,1
116,82,2,1,2,1,2,1,2,1
116,85,2,1,2,1,2,1,2,1
116,89,5,1,5,1,,,,
116,90,1,1,3,1,9,1,9,1
116,97,3,1,3,1,3,1,5,1
116,100,21,1,17,1,20,1,21,1
116,101,2,1,2,1,,,,
116,103,4,1,4,1,4,1,4,1
116,107,12,1,13,1,19,1,17,1
116,117,3,1,3,1,3,1,3,1
116,122,5,1,5,1,2,1,2,1
116,123,3,1,4,1,4,1,4,1
116,124,2,1,2,1,,,,
116,125,15,1,15.5,1,18,1,17,1
116,126,6,1,6,1,6,1,4,1
116,127,6,1,6,1,9,1,7,1
117,5,5,1,4,1,5,1,3,1
117,8,4,1,4,1,4,1,4,1
117,9,5,1,6,1,6,1,7,1
117,10,4,1,3,1,7,1,5,1
117,11,,,1,1,1,1,1,1
117,14,3,1,2,1,1,1,1,1
117,17,,,7,1,8,1,10,1
117,18,2,1,1,1,1,1,1,1
117,35,2,1,2,1,2,1,2,1
117,41,6,1,6,1,6,1,6,1
117,42,3,1,3,1,4,1,3,1
117,45,14,1,9,1,9,1,8.5,1
117,46,,,5,1,5,1,5,1
117,52,2,1,2,1,2,1,2,1
117,57,1,1,1,1,1,1,1,1
117,64,2,1,2,1,2,1,2,1
117,65,1,1,1,1,1,1,,
117,80,4,1,6,1,4,1,4,1
117,81,2,1,2,1,4,1,4.5,1
117,89,2,1,2,1,4,1,4,1
117,90,2,1,2,1,,,,
117,92,2,1,2,1,2,1,2,1
117,97,6,1,6,1,5,1,8,1
117,100,12,1,12,1,9,1,10,1
117,101,1,1,1,1,1,1,1,1
117,108,2,1,2,1,2,1,2,1
117,109,6,1,6,1,6,1,6,1
117,112,2,1,3,1,3,1,5,1
117,113,14,1,15,1,14,1,14,1
117,122,3,1,3,1,2,1,3,1
117,125,,,1,1,1,1,1,1
117,127,2,1,2,1,2,1,2,1
118,4,4,1,4,1,4,1,4,1
118,5,5,1,5,1,5,1,5,1
118,6,3,1,3,1,3,1,2,1
118,7,4,1,6,1,5,1,5,1
118,8,8,1,8,1,8,1,8,1
118,9,6,1,3,1,5,1,3,1
118,13,2,1,2,1,2,1,2,1
118,16,8,1,9,1,9,1,7,1
118,17,7.5,1,8,1,7,1,7,1
118,18,2,1,2,1,2,1,5,1
118,40,5,1,8,1,5,1,3,1
118,42,5,1,5,1,5,1,5,1
118,43,2,1,2,1,2,1,2,1
118,44,8,1,11,1,11,1,10,1
118,45,12,1,12,1,12,1,14,1
118,49,1,1,1,1,1,1,1,1
118,50,,,,,,,3,1
118,58,6,1,6,1,6,1,6,1
118,62,3,1,3,1,2,1,,
118,64,8,1,5,1,5,1,5,1
118,77,4,1,4,1,4,1,4,1
118,79,4,1,4,1,3,1,3,1
118,80,9,1,9,1,8,1,8,1
118,81,4,1,3,1,2,1,3,1
118,86,4,1,4,1,4.5,1,4.5,1
118,87,6,1,5,1,6,1,5,1
118,88,10,1,11.5,1,10,1,10,1
118,92,4,1,5,1,5,1,6,1
118,96,8,1,11,1,9,1,9,1
118,97,14.5,1,18,1,18,1,21,1
118,107,3,1,4,1,5,1,5,1
118,108,5,1,5,1,5,1,5,1
118,124,2,1,2,1,2,1,2,1
119,15,1,1,1,1,1,1,1,1
119,22,5,1,5,1,6,1,6,1
119,39,1,1,1,1,1,1,1,1
119,40,4,1,4,1,4,1,4,1
119,41,8,1,8,1,8,1,7,1
119,45,5,1,6,1,6,1,6,1
119,46,1,1,1,1,1,1,1,1
119,47,3,1,3,1,3,1,1,1
119,48,2,1,2,1,2,1,,
119,57,1,1,1,1,1,1,1,1
119,60,1,1,,,,,,
119,61,13,1,12,1,11,1,7,1
119,62,2,1,2,1,2,1,2,1
119,63,4,1,4,1,4,1,4,1
119,64,11,1,8,1,8,1,6,1
119,76,1,1,1,1,1,1,1,1
119,77,3,1,3,1,4,1,4,1
119,78,2,1,2,1,2,1,2,1
119,79,25,1,20,1,21,1,16,1
119,80,12,1,21.5,1,18,1,23,1
119,86,9,1,10,1,9,1,8,1
119,87,6,1,5,1,7,1,7,1
119,90,2,1,1,1,,,2,1
119,96,5.5,1,4.5,1,7,1,8,1
119,97,10.5,1,9.5,1,10,1,8,1
119,103,2,1,2,1,2,1,2,1
119,108,7,1,7,1,7,1,7,1
119,118,11,1,17,1,17,1,17,1
119,121,2,1,2,1,2,1,2,1
120,0,5,1,5,1,5,1,5,1
120,9,5,1,5,1,4,1,4,1
120,17,6,1,6,1,7,1,7,1
120,23,1,1,1,1,1,1,1,1
120,33,4,1,4,1,4,1,2,1
120,35,5,1,4,1,4,1,4,1
120,38,4,1,4,1,1,1,1,1
120,39,6,1,5,1,8,1,8,1
120,40,4,1,4,1,5,1,5,1
120,41,23,1,23,1,23,1,21,1
120,42,8,1,11,1,9,1,10,1
120,43,5,1,5,1,7,1,6,1
120,44,,,,,2,1,2,1
120,52,2,1,2,1,2,1,1,1
120,56,1,1,1,1,1,1,1,1
120,57,3,1,3,1,3,1,1,1
120,59,4,1,3,1,2,1,1,1
120,77,14.5,1,14.5,1,11.5,1,9.5,1
120,79,4,1,4,1,5,1,4,1
120,86,13,1,12,1,11,1,11,1
120,87,22,1,27,1,20,1,21,1
120,91,2,1,2,1,2,1,2,1
120,92,11,1,11,1,17,1,24,1
120,93,,,,,3,1,3,1
120,96,5.5,1,6,1,6,1,8,1
120,99,2,1,2,1,2,1,2,1
120,103,1,1,1,1,6,1,4,1
120,104,4,1,4,1,,,2,1
120,109,4,1,3,1,3,1,2,1
120,117,4,1,4,1,10.5,1,7.5,1
120,118,3,1,3,1,3,1,3,1
121,0,4,1,4,1,4,1,4,1
121,4,5.5,1,5.5,1,5.5,1,5.5,1
121,11,3,1,3,1,3,1,3,1
121,20,6,1,4,1,4,1,4,1
121,23,3,1,3,1,3,1,3,1
121,32,4,1,4,1,3,1,4,1
121,35,13,1,11,1,9,1,9,1
121,44,,,,,,,4,1
121,61,4,1,,,,,2,1
121,77,13,1,15,1,14,1,14,1
121,78,26,1,29,1,28.5,1,29,1
121,79,14,1,17,1,17,1,17,1
121,83,3,1,4,1,4,1,4,1
121,85,15,1,14,1,16,1,14,1
121,86,8,1,9,1,9,1,5,1
121,87,6,1,8,1,9,1,12,1
121,88,10,1,10,1,10,1,8,1
121,92,3,1,5,1,3,1,5,1
121,93,15,1,15,1,11,1,10,1
121,94,,,,,5,1,5,1
121,99,5,1,5,1,5,1,5,1
121,109,5,1,3,1,7,1,6,1
121,111,2,1,2,1,1,1,1,1
121,112,10,1,8,1,13,1,14,1
121,113,5,1,5,1,3,1,3,1
121,114,3,1,1,1,3,1,3,1
121,115,2,1,2,1,2,1,2,1
121,116,12,1,16,1,15,1,15,1
121,117,9,1,9,1,2,1,4,1
121,121,2,1,1,1,1,1,1,1
122,0,3,1,2,1,2,1,2,1
122,1,4,1,4,1,4,1,4,1
122,2,1,1,1,1,1,1,1,1
122,3,2,1,2,1,2,1,3,1
122,4,1,1,2,1,2,1,2,1
122,13,3,1,3,1,,,,
122,14,,,,,3,1,3,1
122,16,1,1,2,1,1,1,1,1
122,21,7,1,6,1,7,1,6,1
122,22,,,,,2,1,2,1
122,24,12,1,11,1,11,1,10,1
122,26,6,1,5,1,5,1,5,1
122,28,1,1,1,1,1,1,1,1
122,33,2,1,2,1,2,1,2,1
122,35,2,1,2,1,2,1,2,1
122,43,2,1,2,1,2,1,3,1
122,57,4,1,4,1,4,1,4,1
122,61,5,1,5,1,5,1,5,1
122,72,1,1,,,,,,
122,73,2,1,2,1,2,1,2,1
122,74,5,1,5,1,7,1,6,1
122,76,2,1,1,1,1,1,1,1
122,77,12,1,10,1,9,1,11,1
122,78,59.5,0,51.5,0,59.5,0,56.5,0
122,79,7,1,7,1,6,1,6,1
122,84,4,1,4,1,5,1,6,1
122,85,21,1,20,1,17,1,18,0
122,88,2,1,5,1,5,1,1,1
122,89,23,1,24,1,24,1,22,1
122,92,,,,,4,1,1,1
122,93,12,1,14,1,5,1,6,1
122,94,8,1,12,1,12,1,11,1
122,99,2,1,4,1,2,1,2,1
122,104,1,1,,,,,,
122,109,4,1,6,1,2,1,2,1
122,110,3,1,3,1,3,1,3,1
122,111,1,1,,,9,1,9,1
122,114,6,1,6,1,6,1,6,1
122,115,1,1,1,1,1,1,1,1
122,116,9,1,9,1,9,1,9,1
122,117,5,1,5,1,,,,
122,120,11,1,9,1,9,1,8,1
122,121,2,1,5,1,6,1,5,1
122,123,1,1,1,1,1,1,1,1
122,124,2,1,2,1,2,1,2,1
123,1,1,1,1,1,1,1,1,1
123,10,3,1,3,1,3,1,3,1
123,12,,,1,1,2,1,2,1
123,13,1,1,2,1,,,,
123,14,,,,,4,1,5,1
123,17,3,1,3,1,3,1,3,1
123,21,7.5,1,6.5,1,6.5,1,6.5,1
123,22,3,1,2,1,,,,
123,25,1,1,2,1,2,1,2,1
123,30,1,1,1,1,1,1,1,1
123,36,1,1,1,1,1,1,1,1
123,42,1,1,,,3,1,4,1
123,43,5,1,5,1,5,1,5,1
123,49,4,1,4,1,3,1,3,1
123,52,2,1,,,,,,
123,54,4,1,8,1,6,1,6,1
123,69,,,,,,,7,1
123,73,2,1,2,1,2,1,,
123,75,2,1,1,1,1,1,1,1
123,76,13,1,12,1,12,1,13,1
123,77,5,1,11,1,5,1,5,1
123,78,27,0,26,0,23,0,23,0
123,84,6,1,2,1,,,2,1
123,85,13,1,15,1,9,1,9,1
123,89,13,1,12,1,11,1,10.5,1
123,90,7,1,9,1,9,1,9,1
123,91,3,1,3,1,3,1,3,1
123,94,,,,,4,1,4,1
123,95,4,1,4,1,4,1,4,1
123,102,2,1,2,1,,,,
123,103,5,1,3,1,,,1,1
123,109,4,1,2,1,2,1,2,1
123,110,5,1,6,1,2,1,2,1
123,111,7,1,6,1,6,1,7,1
123,116,9,1,9,1,9,1,8,1
123,117,,,,,5,1,4,1
123,118,2,1,5,1,6,1,6,1
123,120,1,1,3,1,3,1,3,1
124,9,2,1,2,1,1,1,1,1
124,10,1,1,1,1,1,1,1,1
124,18,6,1,8,1,5,1,4,1
124,19,2,1,2,1,2,1,2,1
124,21,5,1,5,1,5,1,5,1
124,23,10,1,11,1,11,1,11,1
124,24,4,1,4,1,4,1,5,1
124,36,,,3,1,4,1,4,1
124,37,4,1,2,1,2,1,2,1
124,42,4.5,1,4.5,1,1.5,1,2,1
124,45,,,,,7,1,7,1
124,46,18,1,9,1,8,1,10,1
124,75,6,1,6,1,8,1,8,1
124,76,3,1,4,1,3,1,3,1
124,77,6,1,,,6,1,4,1
124,78,14,1,7,1,8,1,8,1
124,83,,,,,,,1,1
124,84,6,1,5,1,10,1,11,1
124,85,19,1,21,1,16,1,16,1
124,86,5,1,5,1,9,1,13,1
124,90,7,1,6,1,6,1,7,1
124,95,3,1,3,1,2,1,2,1
124,96,4,1,3,1,3,1,3,1
124,98,3,1,5,1,5,1,3,1
124,102,,,,,2,1,2,1
124,103,4,1,4,1,12.5,1,10.5,1
124,110,2,1,2,1,2,1,2,1
124,112,8,1,8,1,7,1,8,1
124,113,2,1,5,1,3,1,2,1
124,114,,,,,3,1,3,1
124,116,1,1,1,1,1,1,3,1
124,119,1,1,2,1,1,1,1,1
124,120,3,1,3,1,3,1,3,1
125,18,3,1,4,1,8,1,12,1
125,19,19,1,21,1,20,1,20,1
125,23,11,1,10,1,9,1,8,1
125,25,3,1,3,1,,,,
125,26,3,1,4,1,6,1,5,1
125,31,6,1,5,1,4,1,4,1
125,37,2,1,2,1,2,1,,
125,40,4,1,3,1,2,1,3,1
125,41,8,1,6,1,8,1,8,1
125,42,1,1,1,1,1,1,1,1
125,43,4,1,4,1,5,1,5,1
125,44,2,1,2,1,1,1,1,1
125,50,,,,,2,1,2,1
125,70,4,1,8,1,8,1,8,1
125,78,2,1,2,1,3,1,3,1
125,82,3,1,3,1,3,1,3,1
125,84,29,1,29,1,28,1,33,0
125,85,27.5,1,19.5,1,21.5,1,19.5,1
125,86,14,1,14,1,18,1,14,1
125,87,1,1,1,1,1,1,1,1
125,90,2,1,,,,,,
125,96,6,1,5,1,4,1,5,1
125,100,3,1,3,1,3,1,3,1
125,103,2,1,3.5,1,,,,
125,110,,,1,1,2,1,3,1
125,111,7,1,7,1,5,1,5,1
125,115,8,1,7,1,4,1,4,1
125,116,7,1,8,1,10,1,8,1
125,119,3,1,1,1,,,2,1
126,20,13,1,12,1,11,1,11,1
126,21,10.5,1,8.5,1,9.5,1,10.5,1
126,22,25,0,22,0,26,0,19,1
126,27,1,1,1,1,1,1,1,1
126,28,1,1,2,1,2,1,2,1
126,37,6,1,6,1,6,1,5,1
126,39,1,1,1,1,,,,
126,40,5,1,5,1,5,1,5,1
126,41,6,1,6,1,3,1,3,1
126,42,,,,,3,1,3,1
126,60,4,1,5,1,5,1,5,1
126,64,7.5,1,6.5,1,7,1,10,1
126,65,24,1,29,1,35,1,34,1
126,66,4,1,4,1,5,1,9,1
126,67,31,1,30,1,32,1,31,1
126,68,2,1,2,1,2,1,2,1
126,71,3,1,2,1,5,1,5,1
126,74,3.5,1,6,1,6,1,3,1
126,75,6,1,7,1,5,1,4,1
126,77,2,1,2,1,2,1,4,1
126,82,,,,,2,1,3,1
126,83,15,1,15,1,15,1,16,1
126,86,15,1,15,1,9,1,9,1
126,87,22,1,22,1,27,0,28,1
126,90,6,1,6,1,5,1,7,1
126,97,5,1,5,1,5,1,5,1
126,104,2,1,2,1,2,1,2,1
126,110,7,1,4,1,5,1,5,1
126,111,11,1,13,1,17,1,16,1
126,112,5,1,4,1,8,1,6,1
126,113,5,1,5,1,2,1,3,1
126,114,22.5,1,19,1,11,1,16,1
126,115,16,1,12,1,12,1,12,1
126,116,11,1,8,1,9,1,9,1
126,122,2,1,2,1,2,1,2,1
127,11,4,1,4,1,4,1,4,1
127,20,16,1,20,1,18,1,21,1
127,21,35,0,39,0,40,0,41,0
127,22,13,1,12,1,7,1,6,1
127,36,4,1,4,1,4,1,4,1
127,37,8,1,8,1,10,1,9,1
127,57,3,1,3,1,4,1,4,1
127,60,4,1,4,1,5,1,3,1
127,61,2,1,2,1,2,1,5,1
127,62,9,1,9,1,7,1,6,1
127,63,6,1,7,1,6,1,10,1
127,64,14,1,12,1,11,1,13,1
127,65,45,0,43.5,0,40.5,0,41.5,0
127,66,41,0,40,0,38,0,37,0
127,67,41.5,0,43,0,42,0,37,0
127,68,11,1,9,1,10,1,9,1
127,69,12,1,15,1,14,1,15,1
127,70,6,1,5,1,4,1,4,1
127,71,5,1,5,1,5,1,5,1
127,72,2,1,2,1,2,1,2,1
127,76,2,1,3,1,2,1,2,1
127,82,8,1,7,1,16,1,15,1
127,83,27,1,27,1,22,1,21,1
127,86,5,1,5,1,5,1,5,1
127,87,19,1,19,1,16,1,16,1
127,88,,,,,,,2,1
127,94,2,1,2,1,2,1,2,1
127,99,2,1,2,1,2,1,2,1
127,110,1,1,,,,,,
127,111,3,1,3,1,3,1,5,1
127,112,8,1,7,1,8,1,7,1
127,113,12,1,10,1,10,1,15,1
127,114,7,1,8,1,9,1,11,1
127,115,12,1,13,1,10,1,16,1
127,116,6,1,6,1,6,1,6,1
